0.0410889 0.196403 0.0126463 
0.0383337 0.197202 0.0141548 
0.00845767 0.196214 0.0294878 
0.00823648 0.194616 0.0298106 
0.0113053 0.193208 0.0288569 
0.0128503 0.18979 0.0284648 
0.0483382 0.186541 0.0279164 
0.0461488 0.187578 0.010416 
0.0207129 0.188134 0.0247844 
0.0447578 0.184658 0.0128538 
0.0859019 0.18196 -0.0165693 
0.0833 0.181341 -0.0147964 
0.0531351 0.182141 0.0264295 
0.0464431 0.182868 0.0272447 
0.029906 0.183267 0.0204326 
0.0622731 0.180609 0.00210585 
0.0662206 0.180298 -0.000247824 
0.0616439 0.179969 0.00435847 
0.0571207 0.179934 0.00737143 
0.0529573 0.179796 0.00991033 
0.0330961 0.179558 0.0177691 
0.0950227 0.179351 -0.0189495 
0.0869863 0.179382 -0.0153178 
0.0695174 0.179238 -0.00300729 
0.0657687 0.178988 0.00237674 
0.0551324 0.177996 0.0121806 
0.0324777 0.177008 0.037089 
0.0972359 0.177099 -0.0162535 
0.0390646 0.193845 0.0142077 
0.0899124 0.178791 -0.0179454 
0.0871975 0.177195 -0.0130282 
0.0726421 0.178051 -0.00816471 
0.0722365 0.177868 -0.00659651 
0.0642901 0.177589 0.010487 
0.0586451 0.176218 0.0157081 
0.0516134 0.177024 0.0227623 
0.0484117 0.178615 0.025374 
0.0324379 0.176521 0.0372779 
0.0325114 0.175094 0.037324 
0.099812 0.174273 -0.0164873 
0.0490359 0.183571 0.0271452 
0.077202 0.174188 -0.0106866 
0.0757627 0.174431 0.00324208 
0.0754213 0.176187 0.0026777 
0.0651764 0.174567 0.0115274 
0.0326605 0.173586 0.0367314 
0.0920041 0.173919 -0.0134421 
0.0988996 0.173871 -0.0144148 
0.0980412 0.172459 -0.0125278 
0.0389156 0.186814 0.0145035 
0.0936564 0.171432 -0.0104977 
0.090564 0.171475 -0.00840715 
0.0829162 0.173023 -0.0104667 
0.077598 0.171787 -0.0089851 
0.0692037 0.173413 0.00879214 
0.0649729 0.172162 0.0130039 
0.0608646 0.173348 0.0162655 
0.0571027 0.172574 0.0196294 
0.052864 0.173673 0.0219746 
0.0490479 0.173495 0.0265802 
0.0442268 0.173221 0.0287209 
0.0401869 0.173391 0.0315975 
0.0364891 0.173462 0.0346117 
0.0992516 0.170194 -0.0139556 
0.054733 0.170357 0.0215119 
0.0329325 0.186554 0.0174934 
0.0819575 0.169505 -0.00821774 
0.0976517 0.16855 -0.0117423 
0.0394633 0.184326 0.0152741 
0.094178 0.167982 -0.00898488 
0.0904289 0.166403 -0.00395391 
0.0490573 0.180463 0.0103218 
0.0881855 0.166056 -0.00296717 
0.0857103 0.16752 -0.00465623 
0.0779587 0.165805 0.00142842 
0.0729502 0.167903 0.00259933 
0.0714125 0.167895 0.00515786 
0.0695266 0.168343 0.00872974 
0.0679491 0.167207 0.0110873 
0.0654159 0.168181 0.0131543 
0.0611295 0.1681 0.0162938 
0.0558197 0.167699 0.0218064 
0.0534943 0.168193 0.0239731 
0.0491807 0.167949 0.026988 
0.0407629 0.168333 0.0326439 
0.0360393 0.167693 0.0343164 
0.0735028 0.165048 0.00250314 
0.082007 0.164827 -0.00128343 
0.0895989 0.164222 -0.00344038 
0.0295044 0.187041 0.019884 
0.0292263 0.163829 0.0391575 
0.0704942 0.164021 0.00928671 
0.0538945 0.163643 0.0220733 
-0.0178611 0.162581 0.0254153 
0.034925 0.162086 0.036359 
0.031696 0.163491 0.0380114 
-0.00958921 0.161036 0.0231547 
-0.0172518 0.161345 0.0259153 
-0.0273459 0.161767 0.0275169 
0.0881972 0.161073 -0.0102626 
0.0863085 0.160503 -0.0083978 
0.0902629 0.163136 -0.00620242 
0.0518358 0.181437 0.00816224 
0.0864238 0.161259 -0.0037887 
0.0778363 0.162743 0.00348393 
0.0721851 0.160953 0.00915626 
0.0785587 0.169446 -0.00724696 
0.0692817 0.162341 0.0110182 
0.0655905 0.163067 0.0135978 
0.0613091 0.163007 0.0165441 
0.0490146 0.163034 0.0264039 
0.0401992 0.163103 0.0316858 
0.0361469 0.163106 0.034449 
0.0862344 0.159756 -0.00845496 
0.0875235 0.159386 -0.0102412 
-0.0394635 0.159699 0.0293408 
0.0851067 0.159353 -0.00371531 
0.0635739 0.158947 0.0129822 
-0.0278594 0.158897 0.0286406 
0.104106 0.158247 -0.0332858 
0.0675678 0.176984 0.00720752 
0.10349 0.158328 -0.0323034 
0.0808888 0.159079 0.000680791 
0.0603844 0.156911 0.0085774 
0.0945637 0.156209 -0.0246725 
0.0733731 0.158101 0.00621722 
-0.00327438 0.157264 0.0221305 
-0.00783348 0.157838 0.0237631 
-0.0121636 0.158006 0.0255601 
-0.0251882 0.156539 0.0314894 
-0.0307143 0.156029 0.0321493 
0.00209996 0.156214 0.0210687 
-0.0375661 0.157645 0.029882 
-0.0432523 0.156812 0.0299274 
-0.0469596 0.156108 0.0303797 
0.0562818 0.157799 0.0178363 
0.0520281 0.158963 0.0240806 
0.0489581 0.157845 0.026468 
0.0406017 0.158131 0.0323198 
0.0743691 0.174422 -0.00902334 
0.0361825 0.158369 0.0332859 
-0.010319 0.155171 0.0276419 
-0.013708 0.155178 0.029452 
-0.037125 0.154994 0.0316057 
0.0601634 0.155047 0.00366097 
-0.0253637 0.154996 0.033884 
0.0893757 0.153094 -0.0208354 
0.0687548 0.153507 -0.00698139 
0.0615026 0.154473 0.00156333 
0.0509009 0.154244 0.0239491 
0.0746072 0.16505 0.00206308 
-0.00640068 0.154421 0.0252482 
0.0766261 0.153156 -0.0270243 
0.0630588 0.152908 0.013129 
-0.0307119 0.154143 0.0347256 
0.0604222 0.15824 0.0153185 
-0.0410937 0.15324 0.032191 
0.064463 0.153624 -0.0014968 
-0.00196089 0.153589 0.022896 
-0.0144406 0.153382 0.0328409 
-0.078814 0.150836 0.0247369 
0.0977589 0.153167 -0.0266989 
0.0817991 0.102177 0.00100341 
-0.0215688 0.156981 0.0295122 
0.0566928 0.101018 0.0098274 
-0.0756987 0.0685533 0.0154449 
0.0410555 0.167907 0.0335749 
-0.0567585 0.0552634 0.0359034 
0.0311567 0.100019 0.0162014 
-0.0166101 0.157896 0.0274812 
0.025634 0.102083 0.0251237 
0.041067 0.0896331 0.0124369 
-0.0670258 0.11218 0.0292436 
0.0126637 0.10243 0.0320482 
0.0288783 0.101838 0.0192333 
0.085402 0.100089 -0.0113268 
0.0728964 0.121415 -0.0052541 
-0.0327642 0.101811 0.0417465 
0.0676417 0.122139 0.00679399 
-0.0704213 0.0962153 0.0199052 
0.0863809 0.0983053 -0.00823786 
-0.0914893 0.133377 0.0297616 
0.0342368 0.0766027 0.0254127 
-0.0423146 0.122129 0.0428756 
0.0858619 0.0971014 -0.0140108 
0.0659606 0.0538405 0.0037954 
-0.00931518 0.0769139 0.0270561 
0.0662039 0.127057 0.00319991 
0.0805239 0.142955 -0.00278534 
0.046444 0.0972306 0.00436835 
0.0785038 0.0684651 0.0046561 
0.00762205 0.127683 0.0326795 
-0.0143425 0.0951302 0.0254491 
0.0293389 0.127748 0.0159424 
0.0782927 0.102211 0.00459674 
-0.074617 0.0958036 0.0219365 
0.0331158 0.12266 0.01345 
-0.037407 0.0973709 0.0412226 
0.0355839 0.176474 0.0352449 
0.0639039 0.0975002 0.0102279 
0.0213686 0.184605 0.0242916 
0.0333471 0.0976283 0.0127399 
0.0307969 0.0976599 0.0201901 
0.00873444 0.0977228 0.0317827 
0.0538661 0.0969001 0.00828363 
0.0537807 0.0543164 0.0113028 
-0.0491335 0.127346 0.0418397 
0.0297841 0.0965616 0.0229455 
0.00665453 0.0969157 0.0311257 
0.0557703 0.0549057 0.011328 
-0.0234278 0.0955016 0.0396657 
0.0455889 0.127643 0.018757 
0.0660883 0.139523 0.010517 
0.0825509 0.0972724 0.00188404 
0.0325201 0.094306 0.0208076 
0.0266325 0.0972725 0.0258876 
-0.0139943 0.0936377 0.0289782 
0.0686252 0.0938372 0.0158973 
0.0253378 0.121709 0.0135436 
-0.0701478 0.0898065 0.0151685 
-0.0712252 0.0919595 0.0177309 
0.0081061 0.0934183 0.0302585 
0.0360236 0.0704666 0.0335107 
0.0932649 0.0632308 0.0106342 
0.0448197 0.139557 0.0209676 
0.0274737 0.0925958 0.0268349 
0.087424 0.0915333 -0.00758477 
0.0913734 0.163111 -0.0135649 
0.0286602 0.090311 0.0294086 
0.0433278 0.0894346 0.00862844 
-0.0661835 0.117625 0.0312084 
0.0406852 0.0914581 0.00810847 
0.0103572 0.138798 0.0236792 
0.0350427 0.0928016 0.0180424 
0.0444132 0.0667527 0.0295602 
0.017358 0.09223 0.0301493 
0.0953797 0.0604914 0.00994312 
-0.0174094 0.0924668 0.0362402 
0.0867683 0.095062 -0.00792902 
-0.0224663 0.0918623 0.0398509 
0.0788469 0.0969914 0.00545435 
0.0765446 0.116566 -0.00996672 
-0.0285406 0.0918485 0.0412448 
0.0460044 0.180662 0.026738 
-0.0181548 0.0623719 0.050567 
0.0615569 0.132341 0.00533703 
-0.0375283 0.0890812 0.0389476 
-0.0420077 0.112345 0.0426695 
0.043353 0.188119 0.0128849 
-0.0124538 0.0919448 0.0219582 
0.0798154 0.0758091 0.00562447 
0.083063 0.09203 0.00266166 
-0.0802887 0.13247 0.0325798 
-0.00699871 0.15016 0.0318288 
0.0924972 0.0614027 0.0125851 
0.03304 0.0731262 0.0288785 
0.0463441 0.137246 0.0197789 
0.022406 0.0916637 0.0289229 
0.0786059 0.0893187 0.011971 
-0.0791909 0.0924064 0.0200144 
0.068769 0.0909648 0.0192431 
-0.0714702 0.0861812 0.0150822 
-0.0704384 0.0983032 0.0217872 
-0.0767764 0.0856256 0.0174342 
-0.0364065 0.0891322 0.0391801 
0.0836206 0.176676 -0.0120585 
0.0685156 0.0884486 0.0210595 
-0.0678973 0.105393 0.0252132 
0.0565832 0.0930885 0.00969413 
0.0343047 0.0738867 0.0255472 
0.0524652 0.0871467 0.0132647 
0.0808168 0.166917 -0.00241479 
0.0168391 0.122999 0.0263511 
0.0593668 0.12789 0.0120641 
-0.0104985 0.0866857 0.0206544 
0.0427391 0.192996 0.0123778 
0.079311 0.0820542 0.00813661 
-0.0116211 0.086768 0.0302747 
0.0591609 0.0931571 0.0102935 
0.08579 0.0971926 -0.00471465 
0.0341561 0.176277 0.036448 
0.0878756 0.0865421 -0.00720819 
0.0740385 0.102034 0.00739361 
-0.0706674 0.111991 0.0296746 
0.06246 0.0943116 0.0104951 
0.0336279 0.059075 0.0362254 
0.0171032 0.0872458 0.0294236 
-0.0903265 0.130364 0.0293773 
0.0863716 0.152149 -0.0188712 
0.0328388 0.0662698 0.0357417 
0.0795073 0.111665 -0.00296884 
0.00442206 0.090842 0.0272539 
-0.014965 0.0856899 0.0361838 
0.0774245 0.158187 0.00309623 
0.0641812 0.0712752 0.0226746 
0.0376648 0.128036 0.0182751 
-0.0176126 0.0867984 0.0381572 
0.0535733 0.102521 0.0096707 
0.025423 0.147393 0.0196566 
0.0630729 0.127352 0.0088435 
0.0818334 0.0863225 0.00535074 
0.0789589 0.0868398 0.0122545 
-0.0327549 0.0865788 0.0414675 
0.0500325 0.0857903 0.0154984 
0.0326203 0.0872553 0.0250876 
0.0224135 0.097156 0.0287508 
0.0317428 0.086111 0.028369 
0.0773814 0.0869437 0.0151843 
-0.0224141 0.159535 0.0273481 
0.0591078 0.10282 0.0104325 
-0.0449759 0.127287 0.0425839 
0.0730407 0.0858631 0.0203981 
0.0637764 0.086807 0.0219426 
0.0817474 0.0835519 0.0052383 
-0.010863 0.0869566 0.0261193 
-0.0160869 0.066259 0.000560133 
0.0946075 0.154303 -0.0236998 
-0.0762694 0.0817314 0.0169471 
0.078844 0.0839759 0.0121648 
-0.0163776 0.0983631 0.0237607 
-0.0731986 0.0979685 0.0229837 
0.00827668 0.0821781 0.0256678 
0.0804579 0.106498 0.000926805 
-0.00946874 0.08184 0.0201394 
-0.0443881 0.107067 0.0416549 
0.0430646 0.0934135 0.00505313 
-0.0366054 0.0898464 0.0390217 
0.087153 0.0819645 -0.003983 
0.0784712 0.0776142 0.00722532 
-0.0107751 0.081791 0.030777 
0.063192 0.131081 -0.000882522 
0.0748808 0.176811 0.00102365 
-0.0121794 0.0817947 0.034062 
0.00617875 0.0864508 0.0263994 
0.0264501 0.0741116 0.0318299 
-0.0141561 0.0815637 0.0360123 
0.086426 0.0970455 -0.0106428 
-0.0103494 0.076785 0.0309197 
-0.0175418 0.0817119 0.0383704 
0.0573346 0.177421 0.0226337 
0.0777673 0.107498 0.0034658 
0.0855406 0.0920158 -0.000987017 
0.0255155 0.183653 0.0223996 
0.0405146 0.0525724 0.0337931 
-0.0100513 0.0851585 0.0233048 
-0.0317432 0.0650449 0.0510083 
0.0443483 0.147792 0.0281169 
0.0181845 0.127441 0.0188588 
-0.0693535 0.101986 0.0236985 
0.025353 0.122121 0.0121022 
-0.0369667 0.0816054 0.0421289 
0.0454353 0.0920286 0.0056065 
0.0728404 0.139556 0.00452802 
-0.0324803 0.0922327 0.0412414 
0.0808519 0.0805324 0.00547149 
-0.0750663 0.088068 0.0181723 
0.0737267 0.17308 -0.00637719 
-0.0167634 0.0680312 0.0435356 
0.0218114 0.107451 0.0273543 
0.0781184 0.0809943 0.0116553 
-0.0278244 0.0807421 0.0415457 
0.0135458 0.0879477 0.0296795 
0.079609 0.11252 -0.00740873 
0.0458521 0.0819966 0.0192818 
0.0749131 0.0688826 0.00773452 
0.0340706 0.0820504 0.0253167 
-0.0329261 0.106923 0.0413759 
0.0216475 0.0820625 0.0283564 
0.0728815 0.0824156 0.020515 
0.0959452 0.0573617 0.00978934 
0.0826924 0.107 -0.00911561 
-0.0127354 0.148024 0.0367397 
0.0616916 0.181352 0.00164189 
0.044987 0.157971 0.0297624 
0.0650434 0.0816705 0.0243422 
0.0872175 0.0768367 -0.014806 
-0.0416828 0.107916 0.0422948 
0.0596524 0.0816175 0.0243812 
0.0528367 0.157517 0.0212464 
0.084497 0.102302 -0.00969816 
-0.0260793 0.14251 0.0406682 
0.0558615 0.0795041 0.0242239 
0.0465169 0.0564661 0.0332851 
0.0789914 0.0914606 0.00776534 
0.0721869 0.147359 0.00460225 
0.0640534 0.107625 0.0104225 
0.0716327 0.0533921 -0.00472534 
0.00532705 0.101657 0.0320821 
0.0746044 0.11986 -0.00903702 
-0.0725896 0.0881475 0.0168969 
0.0509279 0.0563824 0.030936 
0.074962 0.150058 -0.00882056 
-0.0758811 0.0769389 0.0166115 
-0.0207102 0.0540902 0.027019 
0.0812998 0.10752 -0.00252434 
-0.0245369 0.111512 0.0256095 
0.0202017 0.0781072 0.027431 
0.0480204 0.0958331 0.00411483 
-0.0125573 0.0904572 0.0297925 
-0.0146603 0.0703972 0.00276206 
0.0472897 0.186189 0.00830847 
-0.00387713 0.147338 0.0323193 
-0.0223975 0.0777003 0.0395802 
-0.013262 0.0870156 0.0338818 
-0.0174245 0.142893 0.0391536 
0.0652305 0.0901769 0.0197974 
0.0857825 0.082106 -0.000745055 
-0.040836 0.0766724 0.0406534 
0.0866754 0.0766674 -0.00444466 
-0.0176587 0.0768449 0.0381282 
0.019578 0.11564 0.0268002 
-0.0281619 0.0766104 0.0411157 
0.0689064 0.0775081 0.0224876 
-0.0323397 0.0766165 0.0420446 
0.044284 0.0894245 0.00807014 
0.0458301 0.0771377 0.0204398 
0.0416149 0.0767229 0.0221263 
0.0716339 0.0621611 0.0193864 
-0.0332401 0.122104 0.0400836 
0.0331671 0.0770128 0.0287773 
-0.0688483 0.127058 0.0342398 
-0.0141482 0.0613549 0.000423984 
0.031942 0.126062 0.0145975 
-0.0361753 0.149169 0.0384703 
-0.0187562 0.0911208 0.0379677 
0.0627426 0.0836886 0.0238923 
0.0834879 0.0650302 -0.0124675 
0.0866744 0.0654223 0.0226871 
-0.0687594 0.143367 0.024898 
-0.010965 0.0882992 0.0224824 
0.0835931 0.0867758 0.0028694 
0.0257598 0.137801 0.0191 
-0.014138 0.0585018 0.000508858 
-0.0732711 0.135936 0.033708 
0.0663465 0.0546617 0.00391763 
0.0781631 0.0634805 0.0227492 
0.0213399 0.127113 0.0153704 
-0.0202551 0.150162 0.0377725 
-0.0269425 0.0782368 0.0411406 
0.0875256 0.0919541 -0.010953 
-0.0128936 0.0639523 0.0295775 
-0.0209498 0.0603164 0.0495415 
-0.0379133 0.117026 0.042263 
0.0738507 0.171561 0.00217625 
0.0610553 0.133511 0.00120385 
0.0741992 0.0631306 0.0209024 
0.0330247 0.081844 0.0286974 
0.0522614 0.0887202 0.0110557 
0.0717116 0.078825 0.0207847 
-0.0152186 0.0605479 0.0292946 
0.0719296 0.176624 0.00451625 
0.0691516 0.15789 0.00879029 
-0.0175017 0.0668372 0.0515599 
0.0685207 0.12529 0.000290316 
-0.030061 0.0652687 0.0499316 
0.0781848 0.0684739 0.016597 
0.0506626 0.127537 0.0173524 
-0.0200295 0.0522421 0.0197543 
0.0594426 0.112627 0.0122568 
0.103224 0.14419 -0.0206197 
-0.00885687 0.071655 0.0240669 
0.101619 0.142867 -0.0179461 
0.0521954 0.0541694 0.0289036 
0.0734613 0.14956 -0.00750768 
-0.0447549 0.0645885 0.0424837 
-0.0175465 0.0550867 0.0243906 
-0.0225308 0.142878 0.0400216 
0.0159474 0.0737771 0.024928 
0.07617 0.0911762 0.0144126 
-0.0216458 0.0595856 0.0496477 
0.0710803 0.0547773 -0.0025337 
0.00343566 0.147492 0.0242692 
0.0704723 0.0534974 -0.00301243 
0.0358208 0.0567701 0.0356825 
0.0550732 0.179425 0.0251166 
-0.0143751 0.0584876 0.02512 
-0.014866 0.0961983 0.0225372 
0.0312785 0.0920766 0.0239019 
-0.00700056 0.123366 0.0348972 
-0.0756266 0.0718263 0.0160476 
0.0685141 0.117684 0.00768068 
-0.0272928 0.0823505 0.0409365 
0.0802513 0.069657 0.0149426 
0.00691735 0.132248 0.0323429 
0.0602671 0.0613152 0.0269318 
0.0747498 0.095579 0.00932296 
0.0606012 0.0737597 0.0255392 
0.0346683 0.0911308 0.020923 
0.0618323 0.080311 0.0251812 
0.0839902 0.102066 -0.0132202 
0.0909549 0.0617096 0.021161 
-0.0120868 0.0743586 0.0427243 
0.061915 0.0529706 0.00581329 
0.07103 0.0954892 0.0123528 
-0.00276365 0.142958 0.0343177 
0.0882862 0.181552 -0.018648 
0.0868182 0.0614279 0.0239561 
0.0408713 0.0938337 0.00572635 
-0.0199708 0.159509 0.0264431 
0.00977923 0.137136 0.0265537 
0.0597126 0.0851382 0.0217878 
0.068497 0.0718612 0.0201567 
0.0489162 0.0788968 0.0193574 
-0.0280332 0.113607 0.0352841 
0.0138333 0.0726301 0.0231164 
-0.0904657 0.129226 0.0292635 
-0.0244543 0.0768198 0.0399162 
0.0648296 0.0528979 0.000159632 
-0.0145394 0.057053 0.0216 
0.0873905 0.173786 -0.0120363 
0.0498548 0.0667611 0.0283687 
0.0603353 0.155825 0.00617938 
0.0351465 0.096389 0.0101213 
0.0447766 0.117051 0.0149526 
0.0494215 0.182467 0.00737708 
0.0864197 0.163126 -0.00148522 
0.0867428 0.0921439 -0.00450223 
0.0415692 0.0728303 0.0221703 
-0.0150203 0.0582178 0.000997623 
0.0485356 0.0895844 0.00848477 
0.0551452 0.0761316 0.0257935 
-0.0735961 0.0721625 0.0158628 
0.0719464 0.151283 -0.00688866 
0.0587809 0.0540821 0.00878072 
-0.0453931 0.0631011 0.0421678 
0.0487434 0.0919574 0.00584591 
0.0814417 0.108959 -0.00645571 
0.0908016 0.168298 -0.00606262 
-0.0446377 0.137755 0.0411863 
0.0635881 0.0581157 0.0226882 
0.0330544 0.0621507 0.0362735 
0.07548 0.168299 -4.7353e-05 
-0.0229314 0.0524733 0.0254937 
0.0831088 0.105798 -0.00544361 
-0.0272021 0.0713971 0.0448661 
0.0450678 0.168285 0.0300027 
-0.0272638 0.0525368 0.0282274 
0.0524578 0.162797 0.0235751 
0.0300578 0.0818919 0.0316139 
0.0550094 0.132706 0.0145726 
0.0686271 0.0632049 0.0223598 
0.0481178 0.184328 0.00798402 
0.0865841 0.0744682 -0.00804983 
-0.0357546 0.0704722 0.0460414 
-0.0116374 0.090014 0.0199682 
0.0577226 0.0529288 0.00811594 
0.0531934 0.0531274 0.0270156 
0.0872518 0.0775504 -0.00743624 
-0.0274824 0.0568303 0.0562536 
0.0223808 0.116035 0.0202942 
-0.0210551 0.0572964 0.0539351 
-0.0292897 0.0571657 0.0319724 
0.0841534 0.0679024 -0.00450828 
-0.000299199 0.123188 0.0353174 
0.060856 0.0764636 0.02561 
-0.00918548 0.0752958 0.016669 
-0.0437456 0.0569309 0.0300779 
-0.03623 0.0855039 0.0419612 
-0.0279676 0.0973063 0.0410882 
0.0595256 0.0562823 0.0249807 
0.0453808 0.0637248 0.0311961 
-0.017058 0.0536508 0.0203692 
0.0750175 0.169461 -0.00565398 
-0.021975 0.0514747 0.0224009 
-0.010551 0.0718858 0.0304634 
-0.00412576 0.132629 0.0364624 
0.0684628 0.139323 0.00850033 
0.0624459 0.0524275 0.00192408 
-0.0518902 0.151329 0.0310391 
0.0400359 0.15277 0.0314105 
-0.042924 0.099004 0.0401496 
0.0952138 0.0594836 0.0108221 
0.0570276 0.136753 0.01082 
-0.0126113 0.132707 0.0372155 
-0.0323231 0.158585 0.0295107 
-0.0803903 0.0900575 0.0186426 
-0.0906284 0.134403 0.030025 
0.0642679 0.073807 0.0240553 
0.0687637 0.0613288 0.0207115 
0.0722115 0.0716941 0.0169865 
0.0289583 0.110742 0.0113718 
0.0461746 0.0610448 0.0325778 
-0.0225908 0.10653 0.0299618 
-0.0225495 0.0976544 0.0384578 
0.0935532 0.0604676 0.0189608 
-0.0211391 0.0537094 0.0556544 
-0.0192919 0.0697851 0.0511759 
-0.000261275 0.119648 0.0349464 
-0.00733045 0.142985 0.036426 
-0.016967 0.0574008 0.0278245 
0.0404615 0.0632256 0.0331601 
0.0452135 0.122729 0.0174294 
0.0345675 0.174935 0.036338 
0.0696787 0.0819795 0.0226847 
-0.01826 0.0530248 0.0164538 
0.0976398 0.14291 -0.0145729 
-6.40513e-05 0.148615 0.0273314 
-0.0235718 0.102076 0.0370573 
0.0423018 0.0531364 0.0339532 
0.0381322 0.0534143 0.0345354 
0.0501836 0.122795 0.0166167 
0.0592138 0.0559268 0.0108405 
-0.0417601 0.136631 0.0421341 
0.0683085 0.151804 0.0076497 
0.0629073 0.054554 0.00691151 
0.102937 0.141971 -0.020843 
0.0449091 0.162974 0.0294509 
0.0570387 0.0975775 0.00945359 
0.0467841 0.0778273 0.0203019 
0.0551593 0.0546077 0.0269431 
-0.0656078 0.056568 0.029705 
0.0691819 0.0657203 0.0223118 
0.0693209 0.0978263 0.00959136 
0.0546658 0.0717143 0.0266747 
-0.028377 0.107033 0.0387149 
-0.0446007 0.0726097 0.0381337 
0.064718 0.154716 -0.00444982 
-0.0800203 0.0876267 0.01797 
-0.00889076 0.0765143 0.0241566 
0.0378762 0.0568795 0.0355705 
0.0289796 0.13306 0.017505 
0.0854215 0.0772415 -0.00106412 
-0.0400651 0.0730998 0.0400922 
-0.0433163 0.0538599 0.0258689 
0.0819481 0.158281 -0.00119813 
-0.0656635 0.127331 0.0322894 
0.0850953 0.068148 -0.0135051 
0.00857766 0.14272 0.0223994 
0.0730905 0.076668 0.0180403 
0.0231488 0.109499 0.0245561 
0.0502803 0.113503 0.0140987 
-0.0657946 0.115094 0.029809 
-0.0154854 0.0625442 0.0315729 
-0.0750404 0.091983 0.020002 
0.0827272 0.0683223 0.0149336 
0.0474094 0.0881173 0.0114273 
0.087921 0.142287 -0.00836544 
0.0721148 0.05446 -0.00421363 
0.0682775 0.123841 0.00414833 
0.00789924 0.147052 0.0208386 
-0.0728034 0.0818492 0.0150162 
-0.0122681 0.0761737 0.0343326 
-0.0183117 0.0618076 0.0334144 
0.0413335 0.0816651 0.0215196 
0.0661273 0.0589443 0.0205319 
0.0953426 0.0576959 0.0107196 
0.0744917 0.0813294 0.0187506 
0.0820023 0.107965 -0.0123396 
0.0450223 0.191274 0.0103373 
0.0291658 0.0721191 0.0317848 
0.0461781 0.0528038 0.0324608 
0.0797945 0.0869992 0.008481 
0.0711998 0.150933 0.00466477 
-0.0144577 0.0566002 0.0179904 
-0.0258549 0.0567113 0.0314274 
-0.00985374 0.0820458 0.0266393 
0.0746742 0.0709714 0.00786359 
0.100081 0.149483 -0.0280734 
-0.0284835 0.0864663 0.0408707 
0.0507115 0.132242 0.017429 
0.0728384 0.091634 0.0172444 
0.0875711 0.0767124 -0.0107461 
-0.0244663 0.0577653 0.0571379 
0.0638321 0.0680559 0.0229069 
0.0230701 0.117267 0.0167149 
0.0165069 0.188667 0.0269308 
-0.0304239 0.0523828 0.0282054 
-0.0574073 0.0534036 0.0351019 
0.0744191 0.0666605 0.0212361 
0.0686431 0.0683619 0.021178 
0.0733914 0.0689667 0.0189892 
0.0800972 0.111828 -0.0112613 
0.0910819 0.0579921 0.0209963 
0.0862744 0.07207 -0.0112498 
-0.0224755 0.0817117 0.0400098 
0.0912838 0.0656218 0.0132422 
0.0479587 0.140518 0.0192854 
-0.0799717 0.140823 0.0312848 
0.0476983 0.183221 0.0104559 
-0.0368283 0.0730457 0.0418123 
-0.0324754 0.150763 0.0379453 
0.0600014 0.181354 0.00359362 
0.084838 0.0732219 -0.00113772 
0.0558453 0.0646185 0.0278918 
-0.0104866 0.0663114 0.0265353 
-0.0299234 0.0812471 0.0423712 
0.0689944 0.102171 0.00924807 
-0.0268429 0.122832 0.0317496 
-0.0212639 0.0662867 0.0533827 
0.0397103 0.0707861 0.0310598 
-0.0108808 0.0624285 0.0196133 
0.0601799 0.0651178 0.0263004 
0.0603853 0.156046 0.00232053 
-0.0158797 0.0614463 0.000705813 
0.0361694 0.0977117 0.00712331 
0.050902 0.0526949 0.028866 
-0.0282559 0.0543056 0.0300298 
-0.0314745 0.0708681 0.0448637 
0.0322066 0.166937 0.0368738 
-0.0525758 0.114374 0.0395061 
-0.0282854 0.059376 0.0331759 
0.00822801 0.102632 0.032551 
0.0898247 0.0653615 0.0208742 
0.0416788 0.0606371 0.0343743 
0.0166429 0.136893 0.0171041 
0.0523651 0.17191 0.0244256 
-0.0160621 0.0693583 0.0356151 
0.0648579 0.0654141 0.0244092 
0.0875243 0.0864598 -0.0148464 
0.0859432 0.0872382 -0.000715954 
0.0597388 0.0970896 0.0100727 
-0.0309384 0.0637937 0.0528033 
-0.0286814 0.117647 0.0349039 
0.0747372 0.17225 -8.37875e-05 
-0.0208344 0.10521 0.0230253 
-0.0139973 0.065304 0.0499085 
-0.00884273 0.0768539 0.0196533 
-0.0253617 0.0595139 0.0571042 
-0.014573 0.0918945 0.0329797 
-0.0260985 0.0916062 0.0409793 
0.0304769 0.16602 0.0381676 
0.0813976 0.0653561 0.0226404 
0.0880108 0.0870201 -0.0112073 
0.0871932 0.0869917 -0.00405171 
0.0222502 0.0868232 0.0287494 
0.0732121 0.162991 0.0063451 
0.0640282 0.102472 0.0102544 
-0.0143778 0.0664054 0.0331095 
0.0854453 0.0718207 -0.00441536 
0.0395637 0.114955 0.0105729 
0.0807167 0.110629 -0.00967036 
0.0155375 0.0767455 0.026082 
0.0508973 0.061428 0.0305676 
0.0127659 0.092354 0.0306735 
-0.0222754 0.0708369 0.0478147 
0.0385274 0.0598779 0.0351755 
-0.00941064 0.081336 0.0237725 
0.0173235 0.112591 0.0297115 
-0.0235553 0.124663 0.029056 
-0.020341 0.104156 0.0265663 
0.0431962 0.0880349 0.0137512 
0.0300431 0.0871761 0.0306017 
0.0613074 0.175474 0.0135415 
0.0930639 0.142839 -0.0121633 
0.0493533 0.0529806 0.0307645 
-0.0249078 0.0598231 0.03307 
0.0404117 0.0667918 0.0320574 
0.0716748 0.0943244 0.0146958 
0.0156079 0.121837 0.0287283 
0.0545693 0.0672933 0.0267337 
-0.0372732 0.0769246 0.0418365 
0.0830645 0.0640445 -0.0111539 
0.0827811 0.063907 -0.0126965 
0.0707384 0.17751 0.00130329 
0.069842 0.159973 0.010482 
0.068125 0.126313 -0.00321881 
0.0358411 0.0667973 0.034121 
-0.0204006 0.0695316 0.0529318 
-0.0182076 0.0663186 0.0358433 
0.0785691 0.0716712 0.00531715 
-0.0270866 0.118205 0.0238397 
0.059225 0.0678041 0.0247143 
-0.0326341 0.0967579 0.0416159 
0.0494739 0.0804213 0.0192231 
-0.0203379 0.0532952 0.0546442 
0.0544768 0.137684 0.0136115 
0.0834015 0.0668082 0.0174165 
-0.0298648 0.0547856 0.0307268 
0.0843241 0.0666522 -0.00939925 
0.0773442 0.09519 0.00722203 
-0.0161218 0.0972583 0.0282327 
-0.0116123 0.0609118 0.0174968 
-0.0115204 0.0672945 0.0299476 
0.0689034 0.142412 0.00846205 
-0.0223144 0.0867296 0.0401728 
-0.0423375 0.117313 0.0428489 
0.0555543 0.0614767 0.0290242 
0.0883257 0.147917 -0.0106167 
0.0112401 0.0868054 0.0289443 
0.0833463 0.0816139 0.00312712 
0.072298 0.071733 0.0122445 
0.0177746 0.102313 0.0307402 
-0.0314167 0.0678463 0.047388 
0.00724557 0.0859395 0.0264245 
-0.0330872 0.142673 0.0410198 
0.0446354 0.0856267 0.0170103 
-0.00568799 0.152112 0.0282904 
0.018345 0.0786388 0.0274871 
0.035993 0.0618138 0.0352365 
0.0232638 0.124263 0.0134281 
0.0584182 0.0770738 0.0258193 
0.0797117 0.151273 -0.0139463 
0.0871502 0.0684525 0.0132524 
0.0741236 0.0874586 0.0188244 
-0.0129685 0.0714189 0.0339001 
0.0914799 0.0666148 0.0110151 
-0.0784775 0.151489 0.0242504 
0.0861389 0.0718311 -0.0139779 
-0.0727712 0.101986 0.0249865 
0.0472549 0.142484 0.0221864 
-0.0442519 0.0743414 0.0382423 
0.0816352 0.0680872 0.00112747 
0.0436712 0.0686328 0.0270667 
-0.0698071 0.13668 0.0327046 
0.0402173 0.0886778 0.0165892 
0.0704006 0.120646 0.00454083 
0.0833095 0.0683412 -0.00149305 
-0.0239478 0.15252 0.0364952 
-0.0121876 0.0605969 0.0220884 
0.0846567 0.142909 -0.00612985 
0.0421992 0.0696757 0.0288622 
0.0418957 0.0702821 0.024947 
-0.0150946 0.126847 0.0338553 
-0.0690309 0.132353 0.033893 
-0.0377717 0.0912944 0.03933 
-0.0760581 0.142597 0.0304693 
-0.00819758 0.148012 0.0346946 
0.0765665 0.0698175 0.0153403 
-0.033753 0.0732683 0.0413638 
-0.0484579 0.11236 0.0413674 
0.0375425 0.0929862 0.0106751 
-0.0208189 0.0598645 0.032516 
0.082378 0.0715857 0.00150846 
-0.0126081 0.0916663 0.0262664 
0.0877576 0.0823244 -0.0147419 
0.0644606 0.0618325 0.0245807 
-0.0910296 0.129602 0.0294723 
0.0759684 0.147844 -6.79134e-05 
0.0379839 0.0911841 0.0151699 
0.0836513 0.0699023 -0.00114226 
-0.0354905 0.0673073 0.0476489 
0.0858083 0.0708194 -0.00850223 
-0.00944878 0.0714553 0.0270231 
-0.00181173 0.13288 0.0358519 
-0.0393857 0.150888 0.0361886 
0.0373087 0.0732588 0.0241009 
0.0529956 0.0913997 0.00897943 
0.00684293 0.151687 0.0198484 
0.0328629 0.0965134 0.0168918 
0.0889159 0.0662445 0.0150314 
-0.0332767 0.11705 0.0400581 
0.025075 0.187614 0.0225033 
0.0868108 0.0582178 0.0229532 
-0.0187759 0.0535069 0.0224792 
-0.015028 0.0695736 0.00177608 
0.0321563 0.103107 0.0092273 
-0.0711036 0.146272 0.0274201 
-0.0140691 0.07686 0.036046 
0.0647696 0.0770214 0.0245325 
0.0226909 0.127077 0.0133134 
0.0500283 0.0827461 0.0180583 
-0.0327909 0.16132 0.0284442 
0.0555879 0.140097 0.0104094 
0.0573733 0.16813 0.0197178 
0.0246652 0.112698 0.0174283 
0.0870487 0.139948 -0.00808824 
0.0635891 0.059399 0.0102827 
0.0698779 0.0755879 0.0209265 
0.0756327 0.0773796 0.014665 
0.0257123 0.14289 0.0194322 
-0.069452 0.145602 0.0263587 
0.0481761 0.147187 0.0234172 
-0.0189045 0.0754254 0.0466605 
0.0805854 0.175361 -0.0113364 
0.0842508 0.101795 -0.0047532 
-0.0436878 0.102103 0.0406397 
0.00799031 0.140648 0.0259685 
0.0852839 0.0683747 -0.0118954 
-0.0201771 0.102742 0.030454 
-0.0185506 0.100921 0.0277541 
0.0303194 0.180208 0.0191482 
-0.0687616 0.118048 0.0321724 
-0.018746 0.101835 0.0238773 
0.00395379 0.102858 0.0322994 
-0.0155954 0.0751522 0.0442553 
0.0773563 0.143364 0.000554504 
0.0876954 0.0819508 -0.00707722 
0.0269283 0.102894 0.0224752 
0.0341125 0.101373 0.0074196 
0.0523793 0.152727 0.0212955 
0.0456272 0.102009 0.00553824 
0.0831304 0.103016 -0.00173064 
-0.082318 0.142964 0.029995 
0.084714 0.100702 -0.0135223 
0.0545522 0.112583 0.0135022 
0.0294832 0.103206 0.0153664 
-0.0786139 0.0995323 0.0228454 
0.0498609 0.0640113 0.029916 
0.00994963 0.0910635 0.0301779 
0.0301867 0.129652 0.0162813 
-0.076762 0.101981 0.0245162 
-0.0194847 0.10287 0.020981 
0.0571833 0.162884 0.0197922 
0.0439603 0.0966816 0.00414754 
-0.0447086 0.112612 0.0424324 
0.0461654 0.132319 0.0193449 
-0.0411812 0.103793 0.0419743 
0.0272758 0.10613 0.0185484 
-0.0481258 0.103675 0.0388683 
-0.0227471 0.108254 0.0220146 
0.0585933 0.132604 0.0109693 
0.0829598 0.076649 0.00244943 
-0.0860485 0.142533 0.0297948 
0.0118652 0.0820369 0.0272122 
0.0558173 0.104471 0.0109752 
0.068936 0.107482 0.00880788 
-0.0707937 0.142537 0.0296271 
0.0736452 0.107414 0.00668909 
-0.0379175 0.107179 0.0423083 
-0.0285584 0.122055 0.0352135 
0.0980969 0.156916 -0.0268387 
-0.0251452 0.106519 0.0358745 
0.00417836 0.149239 0.0213542 
0.00214132 0.107449 0.0327433 
0.00433529 0.107758 0.033334 
0.0774279 0.113023 0.000109189 
-0.0451833 0.122065 0.0428203 
0.00770098 0.107464 0.0332357 
0.0126879 0.107604 0.0322498 
-0.0216548 0.056096 0.0561659 
0.017526 0.10752 0.0304476 
0.0880084 0.0817875 -0.010972 
0.0649605 0.0597769 0.0231009 
0.0593051 0.0579624 0.0265444 
-0.0791782 0.123962 0.0293434 
0.0244352 0.106171 0.0249213 
0.0253608 0.107493 0.0216825 
0.0124724 0.1422 0.0189428 
-0.00191603 0.136403 0.0356927 
-0.0124662 0.0620031 0.026238 
0.0869621 0.0922386 -0.0148875 
0.0864632 0.14507 -0.00823744 
0.0438501 0.1061 0.00673166 
-0.0483856 0.136727 0.0405408 
0.0762908 0.11192 0.00282219 
-0.0215003 0.106036 0.0213573 
0.029249 0.106801 0.011548 
0.0304117 0.107193 0.00948239 
0.101711 0.157643 -0.0300605 
-0.0378116 0.122146 0.0423397 
0.0495071 0.108536 0.0115956 
-0.0756755 0.107174 0.0266603 
-0.073257 0.106031 0.0266798 
-0.0681353 0.107236 0.0269618 
0.0253292 0.116636 0.0131913 
0.0768839 0.116349 -0.00713285 
0.0155189 0.192039 0.0267967 
-0.0707963 0.107672 0.027808 
0.0817141 0.0626455 0.0234893 
-0.0481848 0.10867 0.0407376 
0.0582961 0.176689 0.0184191 
-0.0451198 0.117348 0.0427969 
0.0791962 0.109531 0.000551962 
0.00290976 0.152751 0.0213683 
-0.0379232 0.111919 0.0422559 
-0.0330525 0.112005 0.0406114 
-0.0294584 0.111927 0.0376231 
0.00383938 0.112603 0.0340626 
0.00784049 0.112606 0.0336328 
0.012773 0.112557 0.0321288 
0.0904882 0.0629039 0.0154169 
-0.0269962 0.120038 0.0235824 
0.0220189 0.112791 0.0242593 
0.0476593 0.111833 0.0125605 
0.0642192 0.112602 0.0103992 
0.0690486 0.112603 0.00830562 
0.077022 0.0819043 0.0150506 
0.0328488 0.151759 0.0361857 
0.062644 0.0570478 0.009434 
0.0733404 0.112627 0.00563437 
-0.0261014 0.112181 0.0322733 
0.0189209 0.0759347 0.026498 
-0.0242725 0.110071 0.0290442 
0.0238055 0.124971 0.0125393 
0.0259922 0.0758498 0.0314638 
-0.0248844 0.112172 0.0226672 
0.00985128 0.131084 0.030657 
0.0293544 0.112064 0.00992857 
0.0937046 0.0577247 0.0118172 
0.0499312 0.0707381 0.0272619 
-0.0256566 0.113306 0.0280069 
-0.00117935 0.113525 0.0336705 
0.0749168 0.115343 0.00275065 
0.0197646 0.122754 0.0193968 
0.0788259 0.113809 -0.010766 
-0.0191718 0.0715929 0.0469844 
-0.002248 0.117667 0.0342919 
0.0359477 0.137897 0.0213865 
0.000707364 0.116429 0.0343065 
0.0358164 0.152622 0.0340421 
0.00316375 0.117726 0.0344902 
0.00791216 0.117704 0.0335348 
0.073314 0.173209 0.00597364 
-0.009697 0.152964 0.0306787 
0.0756031 0.118361 -0.00497032 
0.0126869 0.117603 0.0316319 
0.065503 0.158362 0.0113225 
0.0167111 0.117397 0.0288903 
0.0844143 0.139629 -0.00684565 
0.0203756 0.117481 0.0236005 
-0.0176337 0.147962 0.038141 
0.0369957 0.117115 0.0111677 
-0.0323612 0.081666 0.0427236 
0.054855 0.11772 0.0144032 
0.0476676 0.148753 0.0258797 
0.0593662 0.0713871 0.0251856 
0.0595264 0.117666 0.0125988 
0.0641875 0.117658 0.0103713 
0.0532824 0.0529283 0.0104999 
0.0395104 0.096165 0.00507753 
0.0417001 0.0564724 0.0350187 
-0.0853938 0.147136 0.026653 
-0.0231338 0.161676 0.0266751 
0.0754513 0.11697 -0.000810713 
0.0329994 0.164489 0.0366615 
-0.00952827 0.0670532 0.0235893 
-0.0525692 0.115854 0.0397301 
-0.00939505 0.0666593 0.0200302 
-0.0484957 0.117668 0.042037 
-0.0276236 0.117256 0.0317013 
0.00083714 0.112277 0.0335899 
-0.0269712 0.117305 0.0273236 
-0.073127 0.07709 0.0157795 
0.00796864 0.134228 0.0308754 
-0.0723475 0.124095 0.0342024 
-0.0261344 0.114945 0.0245974 
-0.0264975 0.115826 0.0234137 
0.026994 0.117805 0.0113073 
0.028154 0.115742 0.00941241 
0.0389113 0.145348 0.0225186 
0.0743518 0.0980723 0.00802401 
0.0591691 0.107479 0.0114747 
-0.0709203 0.116467 0.0314294 
0.0458202 0.118781 0.0158449 
0.0591681 0.136152 0.00205879 
0.0181115 0.118823 0.0266446 
-0.00926728 0.118933 0.0314133 
0.085431 0.13847 -0.00772317 
0.0296497 0.077064 0.0317336 
0.0210067 0.11938 0.0198818 
-0.0373208 0.146098 0.0400385 
0.0338592 0.119259 0.0116401 
-0.0302945 0.122277 0.0373201 
-0.0397107 0.147892 0.0384374 
0.0762229 0.0764814 0.0106697 
-0.010417 0.121248 0.0320373 
-0.0207114 0.101366 0.0340597 
-0.00313304 0.122394 0.0350784 
0.0363477 0.142494 0.0220696 
0.00292306 0.122606 0.0346867 
-0.0605645 0.136899 0.0323295 
0.0739412 0.0729082 0.00980105 
0.00765491 0.122633 0.0331939 
0.0123138 0.122688 0.0308998 
0.0187887 0.122019 0.0228982 
0.0990556 0.176376 -0.0178622 
0.0220279 0.121985 0.0157471 
0.0599041 0.177265 0.0129934 
0.0353639 0.121247 0.0123856 
0.0550602 0.122751 0.0149756 
0.0930593 0.139495 -0.012172 
0.0310592 0.101823 0.012414 
-0.0188407 0.096971 0.0352278 
0.0596748 0.122741 0.0127118 
-0.0250488 0.12888 0.0351326 
0.0640069 0.122762 0.009883 
0.0708949 0.122131 0.00120603 
0.0730595 0.120352 -0.0016953 
-0.00870053 0.0717357 0.0193742 
-0.0493206 0.122462 0.0418111 
-0.0265507 0.121402 0.0274805 
0.0602316 0.156274 0.0118625 
-0.0437144 0.154122 0.0307787 
-0.0693114 0.122372 0.0334771 
-0.0654114 0.122271 0.0321703 
0.0793212 0.165801 0.000534656 
0.0708738 0.123694 -0.00302645 
0.0794136 0.0669853 0.0210536 
-0.0246201 0.123159 0.0261258 
0.011124 0.0778887 0.0250735 
0.0925271 0.147877 -0.0135744 
0.0415817 0.124316 0.0178822 
-0.0131786 0.124029 0.0325832 
0.0728918 0.118646 0.00236295 
-0.0803817 0.123861 0.0296996 
0.0275829 0.0683271 0.0320776 
0.0879784 0.151767 -0.0110034 
0.0707817 0.124293 -0.00680983 
-0.0421555 0.126974 0.0427805 
0.00511197 0.142166 0.0284056 
-0.0483036 0.152403 0.0308165 
-0.0331568 0.127239 0.0405116 
-0.0292431 0.127355 0.0375449 
-0.0277197 0.125272 0.0353917 
-0.0254416 0.126478 0.03336 
0.100198 0.14653 -0.0189379 
0.0552672 0.0570971 0.0287489 
-0.00757657 0.127675 0.0360156 
-0.0766663 0.132856 0.0341033 
-0.00357556 0.127229 0.0359077 
-0.00127343 0.128143 0.0357617 
0.00281314 0.12775 0.0347386 
0.0115149 0.127312 0.0303397 
0.0408713 0.127912 0.0190058 
0.0552538 0.127707 0.0150065 
0.0656781 0.125753 0.00671004 
0.0999153 0.154825 -0.0292042 
-0.0728173 0.127726 0.0346192 
0.0523886 0.106414 0.0112873 
-0.0194158 0.128327 0.0339234 
-0.0122045 0.128564 0.0358945 
-0.0147982 0.0733998 0.0362829 
-0.081834 0.127457 0.0304166 
-0.0785534 0.126468 0.0307119 
0.0638004 0.12903 0.00587788 
0.0655749 0.128697 -0.00130505 
-0.0113089 0.0716318 0.0418524 
-0.0799619 0.127953 0.0308938 
0.032543 0.128732 0.0163026 
-0.0335454 0.147594 0.0394657 
0.0260579 0.111867 0.0141157 
-0.0871834 0.128469 0.0295936 
-0.090473 0.137167 0.029922 
-0.0262203 0.0959504 0.0407829 
0.0283596 0.137757 0.0188034 
-0.0489218 0.131901 0.0413209 
-0.0239247 0.149503 0.0387705 
-0.0449821 0.132373 0.04207 
-0.0420421 0.132179 0.0425106 
-0.0380568 0.132424 0.0421211 
-0.0328459 0.132403 0.0410755 
0.0273311 0.113156 0.0114726 
-0.0175197 0.137749 0.0387031 
0.0418947 0.108496 0.00753071 
-0.0283722 0.132366 0.0392404 
-0.023583 0.132552 0.0377323 
-0.0194085 0.131465 0.0367101 
0.082111 0.178322 -0.0129015 
0.0695719 0.0860513 0.0222155 
-0.0222248 0.147292 0.039509 
0.0565013 0.181355 0.00575533 
-0.0173706 0.13341 0.0375779 
-0.00713081 0.132824 0.0368615 
0.0502963 0.177192 0.0238512 
0.00274194 0.13282 0.0342916 
-0.00243037 0.138886 0.0353705 
0.0136277 0.131932 0.024593 
0.0146224 0.132968 0.0213707 
0.0175952 0.132389 0.0176715 
0.0369362 0.0766773 0.0240622 
0.0209875 0.131373 0.0153279 
0.02077 0.132643 0.014418 
0.0190984 0.191189 0.0244468 
-0.0780673 0.0971634 0.0224642 
0.0127281 0.0974121 0.0315505 
0.0280065 0.131438 0.0168813 
0.0127294 0.144285 0.0178408 
0.0545984 0.108091 0.0119825 
-0.0223193 0.126297 0.0309445 
0.0329797 0.132299 0.0179374 
0.0765434 0.093011 0.0114302 
-0.0243994 0.108202 0.0329307 
-0.00709109 0.137866 0.037058 
-0.0277614 0.101911 0.0402061 
0.0370079 0.1334 0.0203768 
-0.0350167 0.152551 0.0357811 
-0.0219516 0.15517 0.0327879 
-0.04841 0.0616687 0.0406848 
0.0578289 0.137905 0.00329762 
-0.0378352 0.127288 0.0423102 
0.0409555 0.132719 0.0203545 
0.0612851 0.130809 0.00869858 
-0.0227542 0.0613827 0.0526321 
0.0636805 0.13042 0.00236335 
0.0401509 0.0863859 0.0194638 
-0.0734956 0.132241 0.0345486 
0.0278217 0.107344 0.0145087 
-0.0868733 0.132292 0.0306793 
-0.0562511 0.144 0.0312604 
-0.0832414 0.132054 0.0315128 
-0.0329632 0.137557 0.0414586 
0.0206258 0.112196 0.026986 
-0.0512575 0.133241 0.0401959 
-0.0150258 0.161766 0.0244355 
0.0670875 0.0740742 0.0226049 
-0.0612498 0.134265 0.0318777 
0.0222578 0.102521 0.0282718 
0.0414113 0.137364 0.0213667 
0.0848138 0.0965418 -0.00111627 
0.0151621 0.141657 0.0166555 
0.0793307 0.148194 -0.00710226 
0.05061 0.137369 0.017283 
0.0406079 0.111792 0.00918672 
-0.0278124 0.137515 0.0405042 
-0.0238054 0.135671 0.0392698 
-0.0224969 0.138075 0.0395275 
-0.0123127 0.137903 0.0380043 
0.0820482 0.162473 0.0010801 
-0.0179481 0.0681886 0.0461599 
0.00249374 0.138636 0.0329895 
0.00651137 0.137868 0.0302041 
-0.0161126 0.0737866 0.0372143 
-0.0487371 0.149395 0.0320795 
0.013146 0.137547 0.0203897 
0.0175123 0.138021 0.0158693 
0.068308 0.17197 0.0107948 
0.00156542 0.142962 0.0314869 
0.00196716 0.13633 0.0340783 
0.0192441 0.135664 0.0148209 
0.050274 0.151455 0.0238426 
0.0333211 0.183147 0.0186802 
0.0368608 0.0817574 0.0237461 
0.0258 0.135514 0.0180546 
-0.0654408 0.132497 0.0317019 
0.0485998 0.152904 0.0259581 
0.0329455 0.135688 0.0197783 
0.0593813 0.135928 0.0045363 
-0.0867457 0.13733 0.0311305 
-0.0805761 0.137282 0.032599 
-0.0404996 0.0976361 0.0405947 
-0.0755719 0.137871 0.032841 
-0.0657652 0.136615 0.0311431 
-0.0151567 0.0714505 0.0441426 
0.0561345 0.14338 0.01708 
-0.0922656 0.136821 0.0296729 
0.012833 0.128804 0.0285279 
-0.00407539 0.149709 0.0300677 
0.0980657 0.138931 -0.0137149 
-0.00182674 0.151249 0.02547 
-0.0533663 0.147569 0.0316943 
-0.0663955 0.139023 0.0293826 
-0.0435879 0.146825 0.0380222 
0.0539131 0.140867 0.0136031 
0.0638248 0.181349 -0.000780383 
-0.0584072 0.138809 0.0328544 
0.035716 0.149599 0.0339654 
0.0237558 0.111929 0.021038 
0.0887384 0.139358 -0.00977274 
0.0362178 0.0869696 0.0223426 
-0.0703853 0.139206 0.0314512 
-0.0181576 0.0993705 0.0312717 
0.0434375 0.139554 0.0215165 
0.0150289 0.140842 0.0173905 
-0.0836283 0.138065 0.0316913 
0.0774699 0.149256 -0.0105824 
-0.0131775 0.0625377 0.0497354 
0.0753478 0.139884 0.00260468 
0.100471 0.13963 -0.0163154 
-0.0120032 0.161506 0.0242841 
-0.025995 0.139897 0.040485 
-0.0383803 0.137557 0.0418522 
0.0402554 0.142097 0.0222137 
-0.0123415 0.143015 0.037996 
0.0430325 0.142722 0.0225054 
0.096964 0.152247 -0.0297862 
0.0507931 0.141325 0.0173142 
0.064778 0.142739 0.0114556 
0.0728692 0.142763 0.00496627 
0.0800949 0.139998 -0.00347255 
-0.049428 0.141258 0.0381391 
-0.0445253 0.142341 0.0398257 
-0.0380819 0.142216 0.0410505 
-0.0287105 0.142993 0.0407747 
0.0285134 0.14294 0.0198635 
0.0321848 0.142664 0.021134 
0.0552505 0.141068 0.0104677 
0.075807 0.142346 0.00241469 
0.0584081 0.174785 0.0213491 
0.0894881 0.143264 -0.00984889 
-0.0688855 0.142436 0.0270085 
-0.0223907 0.107309 0.0255427 
0.0594401 0.134273 0.00801402 
-0.040303 0.143605 0.0406391 
0.0614697 0.142519 0.0135242 
-0.0579028 0.142431 0.031795 
0.00546168 0.144013 0.025683 
0.0444221 0.0736261 0.0208462 
0.0512052 0.143798 0.0201837 
0.0505059 0.175141 0.0237413 
0.0797901 0.147053 -0.00388855 
0.103532 0.143989 -0.0218444 
-0.0568288 0.143485 0.0317256 
-0.0304629 0.117015 0.037424 
-0.0888804 0.144434 0.0282857 
-0.0370254 0.0937365 0.0405347 
-0.0786054 0.144455 0.0296095 
0.0173976 0.125912 0.0223575 
0.0446502 0.145618 0.0251006 
0.0521171 0.14768 0.0208648 
0.0562716 0.147609 0.0175243 
0.0936964 0.164302 -0.00899095 
0.0598912 0.147327 0.0148714 
0.0616867 0.148253 0.0132874 
0.0644049 0.147507 0.010951 
0.0720706 0.117003 0.00475818 
0.0685251 0.147508 0.00762832 
0.0961138 0.152419 -0.0198673 
0.000156839 0.146327 0.0298557 
0.0100971 0.145622 0.0193916 
0.0109568 0.146435 0.0182725 
-0.0163966 0.0961581 0.0320844 
-0.0211172 0.0565238 0.0302321 
0.0279428 0.147218 0.0197759 
0.0162899 0.129081 0.0218815 
0.040061 0.1492 0.0299143 
0.0801724 0.093183 0.00547194 
0.0738555 0.14848 0.00238653 
0.0831841 0.14611 -0.0062972 
0.0843947 0.147084 -0.00793383 
0.0768979 0.139666 0.000364027 
0.0965668 0.147753 -0.0164743 
0.0147402 0.0812549 0.0277193 
0.100308 0.148478 -0.0215784 
-0.0256995 0.0868313 0.0407506 
0.102832 0.146886 -0.023424 
0.0816928 0.0896508 0.00518912 
-0.0290734 0.0638207 0.0523089 
-0.0893981 0.147239 0.0265713 
-0.0261695 0.0616139 0.0560938 
-0.0860443 0.145467 0.0281563 
0.0175378 0.0824272 0.0283967 
0.0997094 0.149703 -0.0265557 
-0.0827726 0.146094 0.0281661 
0.011248 0.132871 0.0280063 
-0.0777607 0.147799 0.0269476 
0.0575287 0.137888 0.00749563 
-0.0733784 0.147624 0.0256759 
-0.0693664 0.147122 0.0245927 
0.0080093 0.148821 0.0198232 
-0.0103401 0.150907 0.0337859 
0.0178032 0.0971031 0.0305866 
0.038227 0.0719398 0.0262691 
-0.0919954 0.147882 0.0263546 
0.0800759 0.149132 -0.012751 
0.0330129 0.149715 0.0361418 
0.0153984 0.12747 0.0254014 
0.0398539 0.14916 0.0285307 
0.0974927 0.149812 -0.0189261 
-0.038119 0.102517 0.0419804 
0.0615605 0.152037 0.0132748 
0.0660455 0.0852516 0.0232791 
0.0442427 0.152835 0.028619 
0.0561382 0.152632 0.0175857 
-0.0408584 0.100828 0.0411328 
0.0603331 0.152873 0.0150329 
0.0644021 0.15263 0.0110131 
0.0722834 0.151054 0.00276889 
0.056163 0.140755 0.00789839 
0.0703275 0.150096 -0.00525406 
0.0500708 0.117692 0.0155111 
-0.0284192 0.152081 0.0373757 
-0.0191287 0.153085 0.0349033 
-0.0174096 0.150901 0.0367356 
0.0902374 0.176368 -0.0148726 
0.0599184 0.143688 0.0150002 
-0.0134456 0.150909 0.0352726 
0.0685544 0.152181 -0.00452157 
0.0729541 0.152055 -0.00872968 
-0.0280494 0.147816 0.0398082 
0.0767855 0.151508 -0.0115625 
-0.0646317 0.0548986 0.0308677 
0.0925163 0.151097 -0.0143516 
0.0888383 0.151727 -0.0199705 
0.0953427 0.151148 -0.0168666 
0.0941645 0.0576936 0.0190953 
0.0981733 0.151273 -0.0226714 
