0.0280339 0.199044 0.0279344 
-0.00502283 0.198586 0.0293896 
0.0319008 0.197499 0.0277821 
-0.00207682 0.196823 0.0295226 
-0.000187408 0.193598 0.0302111 
0.0394253 0.190436 0.0247032 
0.0371501 0.191737 0.0273833 
0.0328027 0.191604 0.0285079 
0.0281567 0.18948 0.0281538 
0.0199912 0.190366 0.0283584 
0.00949512 0.191129 0.0298519 
0.0245807 0.18874 0.0280217 
0.0201751 0.188284 0.0295688 
0.00991264 0.188122 0.030142 
0.087324 0.185204 0.0188917 
0.0136279 0.187451 0.0297831 
0.0365283 0.185624 0.00806143 
0.0412675 0.186842 0.0251192 
0.0224935 0.186819 0.0296344 
0.0964454 0.183648 0.0112887 
0.0905862 0.184536 0.0168002 
0.0869466 0.184063 0.0202796 
0.0634334 0.183911 0.0237611 
0.0625835 0.183911 0.0230743 
-0.0611926 0.1135 0.0189708 
-0.0461057 0.113055 0.0211467 
0.0649636 0.0761951 0.0424284 
-0.0350526 0.109729 0.0135276 
0.0565452 0.118327 0.0350668 
0.0514347 0.159998 0.0368162 
0.016921 0.112751 0.0224365 
0.100854 0.157833 0.0153741 
-0.0467875 0.138702 0.0240938 
0.074876 0.110152 0.0304963 
-0.0397218 0.102568 0.0230009 
0.0345272 0.0692275 0.045717 
0.0617415 0.113289 0.0351907 
-0.0356861 0.110255 0.0139311 
0.0255947 0.091263 0.030102 
0.0158401 0.122233 0.0212184 
0.0912637 0.165576 0.0241631 
0.0123491 0.166638 0.0472561 
-0.0543623 0.108368 0.021988 
-0.0562322 0.10873 0.021302 
0.0471276 0.0800714 0.0483824 
-0.0366963 0.0669355 0.0336409 
-0.0340319 0.106947 0.0145743 
-0.0405778 0.105513 0.0219957 
0.0202371 0.0616863 0.0466633 
0.0008372 0.0926882 0.0333063 
0.0917714 0.182903 0.0166865 
0.0220971 0.107409 0.0206981 
0.0180892 0.107703 0.0240968 
0.00971491 0.107823 0.0319761 
-0.0536736 0.136148 0.0215575 
-0.0539858 0.104508 0.0216349 
0.0517393 0.113056 0.0352877 
0.0977591 0.182494 0.0191634 
-0.035441 0.0642858 0.0381605 
0.0797893 0.105564 0.0284059 
0.0305368 0.0542423 0.0491842 
0.0635208 0.107165 0.0359911 
0.0606916 0.107853 0.0357966 
0.0162343 0.118276 0.0213608 
0.00263453 0.128565 0.0282347 
-0.0290561 0.14121 0.0285265 
0.0934821 0.168664 0.0237478 
0.0409103 0.114623 0.0336111 
0.104109 0.143942 0.0229305 
0.0568008 0.107514 0.03558 
-0.0317422 0.10267 0.0164093 
0.0132764 0.177894 0.0471644 
0.0219528 0.10074 0.0247818 
0.0635821 0.0968106 0.0380358 
-0.0392945 0.0815217 0.0263298 
0.0147359 0.102544 0.0306525 
0.0817691 0.0610393 0.0141472 
0.0102436 0.102644 0.0333002 
0.0591539 0.183945 0.0254545 
0.000160206 0.102422 0.034205 
0.0619207 0.0850592 0.047279 
0.0158566 0.179332 0.046423 
-0.0517665 0.069163 0.027088 
0.052336 0.165674 0.038544 
0.0833036 0.102408 0.0140078 
0.0144879 0.0886972 0.0382148 
-0.0281529 0.098279 0.0161248 
0.073502 0.102299 0.0348435 
0.063371 0.102136 0.0366809 
0.109762 0.159736 0.0118315 
0.0568945 0.102232 0.0356898 
0.059945 0.131669 0.020836 
0.0979386 0.155711 0.0198823 
0.0249025 0.0990057 0.0224644 
0.00530907 0.0974731 0.0346311 
-0.0268795 0.0957346 0.0172988 
-0.0298716 0.0970103 0.0198275 
0.0790991 0.0757972 0.033903 
0.0823911 0.107084 0.0183364 
0.0527212 0.103086 0.0344872 
0.0560941 0.0978627 0.0354553 
0.0198349 0.104018 0.0245858 
0.0630155 0.12932 0.0215061 
0.0238681 0.0970844 0.0257188 
0.037051 0.0520135 0.0465684 
-0.042366 0.160666 0.0124029 
0.0291557 0.155299 0.0436953 
0.0451528 0.113131 0.0344388 
0.041529 0.14946 0.0392676 
0.0875483 0.144038 0.027078 
0.100744 0.154538 0.0168197 
-0.0390094 0.0973679 0.0247047 
0.0177799 0.081475 0.0388842 
0.0785111 0.0969784 0.0334899 
0.0779655 0.160868 0.0315794 
0.0738753 0.0971386 0.0359174 
0.0323658 0.093142 0.0214751 
0.0616226 0.153658 0.0332398 
-0.0405774 0.108102 0.02058 
0.0809981 0.0858306 0.0333368 
0.0167914 0.0692563 0.0454384 
0.0294146 0.0925144 0.0244305 
0.08024 0.141101 0.0276179 
0.00545383 0.0923105 0.0345513 
0.0830385 0.147431 0.027004 
-0.0123221 0.11404 0.0317986 
-0.00160649 0.123397 0.0319854 
0.027241 0.149814 0.0434397 
-0.0392334 0.154539 0.0221694 
0.0295217 0.0902407 0.0280454 
0.083329 0.140774 0.0275213 
0.0611725 0.157254 0.0181465 
0.0327322 0.128441 0.0348303 
0.0309373 0.0975872 0.0191113 
0.0200755 0.097626 0.0293128 
0.0959932 0.180251 0.00691163 
0.0828385 0.0917405 0.0304541 
0.0533039 0.0975984 0.0349935 
0.0179495 0.076507 0.039038 
0.0782694 0.0905494 0.034979 
0.0694037 0.0910594 0.0394605 
-0.0327127 0.0763779 0.0264174 
0.0607766 0.0915754 0.0448681 
0.0133024 0.113016 0.0263356 
-0.0475161 0.0861608 0.0236172 
0.0100468 0.0982671 0.0342416 
0.0676185 0.112611 0.0340886 
0.000254703 0.112865 0.0336212 
0.0720439 0.11154 0.032172 
0.0324034 0.170146 0.0444728 
0.0267833 0.0878204 0.0326934 
0.0928349 0.166813 0.0289343 
0.0654124 0.0916425 0.0426686 
0.0386236 0.184047 0.0453057 
-0.0376602 0.113548 0.0141873 
0.0869996 0.0913662 0.0129927 
0.0311821 0.148157 0.0416591 
0.0520494 0.15479 0.0368007 
-0.0397893 0.0869409 0.0263418 
-0.0612361 0.118933 0.0195913 
0.0240249 0.0854171 0.0351973 
0.0323103 0.095293 0.0203949 
0.0215374 0.0869527 0.0348208 
0.0475976 0.170514 0.0399168 
0.103671 0.154169 0.0135099 
-0.0251979 0.0859673 0.021704 
0.0868956 0.153033 0.0252305 
0.0870759 0.0866025 0.0235052 
0.0362935 0.180363 0.0419649 
0.0788905 0.0864065 0.0349685 
0.0402446 0.118239 0.0344621 
0.0208545 0.0836682 0.0358583 
0.0661478 0.0866697 0.0445633 
-0.0236373 0.0869618 0.0192325 
0.100622 0.177258 0.0230173 
0.0254249 0.0938231 0.0274819 
-0.0363838 0.107585 0.0173422 
0.00631294 0.195019 0.0279481 
-0.0448215 0.0817475 0.0251854 
0.0137333 0.0763575 0.0410315 
0.0687493 0.0936497 0.0382648 
0.0715004 0.0506369 -0.0140981 
0.0487643 0.11671 0.0352894 
-0.00368127 0.139075 0.0268771 
0.0281874 0.201005 0.0276922 
0.0624144 0.175939 0.0342629 
-0.049771 0.0816963 0.0248438 
0.0777181 0.0658226 0.0317861 
0.0822786 0.10664 0.0149458 
-0.0403622 0.122183 0.0157265 
0.0525106 0.170132 0.0386007 
0.0281903 0.0981287 0.0208838 
0.077271 0.0773782 0.0353236 
-0.0276156 0.0815816 0.0248174 
-0.0440162 0.0974191 0.0250123 
-0.0368033 0.0814979 0.0266637 
0.0638298 0.0944484 0.0407908 
0.0315981 0.0827171 0.0351695 
0.0879215 0.0808696 0.0165556 
-0.0485321 0.0568724 0.0414042 
0.0519592 0.108269 0.0347324 
0.0827651 0.169786 0.0305471 
0.0879301 0.0814585 0.0205568 
-0.0502066 0.0772391 0.0244219 
-0.0279767 0.0710901 0.0245611 
0.0434395 0.182383 0.0300379 
0.0857442 0.081192 0.0268744 
0.0809503 0.0640268 0.04578 
-0.00983563 0.104752 0.0314186 
0.0806866 0.080957 0.0334046 
0.0786277 0.0813273 0.0351045 
0.0695407 0.0814083 0.0399535 
0.0796012 0.0923605 0.0336554 
-0.0030085 0.108063 0.0336025 
0.065818 0.0813885 0.0442817 
-0.0180151 0.129548 0.0307906 
0.0776394 0.0605727 0.0276611 
-0.0512503 0.129133 0.0220405 
0.0452253 0.177431 0.042846 
0.0844369 0.0999283 0.0128897 
0.0564406 0.0812897 0.0487047 
0.0508187 0.0813432 0.0487097 
0.0892732 0.184143 0.018825 
-0.0439229 0.102319 0.024053 
-0.0217219 0.0765248 0.0195427 
-0.0424088 0.118205 0.0179764 
-0.0234798 0.0761509 0.0218392 
-0.0406213 0.118636 0.0156842 
0.0237619 0.189837 0.0275413 
0.0486327 0.113005 0.0348955 
0.098875 0.179796 0.0233557 
-0.0274221 0.0763746 0.0250408 
0.0394438 0.0708128 0.0467971 
0.0463382 0.0638514 0.0486903 
0.0615474 0.0806687 0.0469958 
0.0792552 0.0636837 0.0412302 
0.0859834 0.161481 0.0256394 
-0.051106 0.113123 0.0221102 
-0.0295571 0.0606215 0.0208201 
-0.0394386 0.0606191 0.0204959 
0.0631743 0.0527859 0.0283347 
0.0495538 0.103083 0.0332248 
-0.033578 0.0576436 0.0201301 
0.0508867 0.0527654 0.0314526 
-0.00691173 0.132989 0.0310618 
-0.0337554 0.0937224 0.0244675 
0.0792882 0.0643926 0.0387872 
0.0837914 0.0659633 0.0228651 
-0.00589508 0.0977145 0.0320441 
0.0510952 0.123552 0.035392 
0.0748814 0.0599863 -0.0175622 
-0.0104561 0.127201 0.0321938 
0.0772707 0.0622433 0.0301289 
0.0744858 0.0598536 -0.0129887 
0.0584202 0.155854 0.0250622 
0.078978 0.0651937 0.0484163 
0.0169688 0.106174 0.026677 
0.0716448 0.0568183 0.057159 
0.0363346 0.0698225 0.046171 
-0.0505934 0.0981083 0.0232269 
0.0211213 0.0920326 0.0323945 
-0.0368029 0.0869374 0.0266526 
0.079541 0.0568307 0.0493382 
-0.0334004 0.050621 0.0115443 
0.0743629 0.0633727 -0.0132171 
-0.0269554 0.0573668 0.0169572 
-0.0321764 0.0670372 0.0247011 
0.0717896 0.0936423 0.037278 
-0.0395429 0.0675577 0.0365523 
0.0866234 0.0917957 0.0232029 
-0.0463454 0.123788 0.0204779 
-0.055624 0.103862 0.0212751 
-0.0442315 0.0566055 0.0350641 
-0.0405038 0.0546085 0.0162784 
0.0870652 0.0809397 0.023721 
0.103074 0.1513 0.0177887 
0.0828972 0.10551 0.022049 
0.0740579 0.175615 0.0219762 
0.049503 0.107642 0.034324 
-0.0323086 0.0738978 0.0328081 
0.0742823 0.0645429 -0.0170911 
0.0598182 0.0999981 0.0366502 
0.0769316 0.171097 0.0259409 
-0.0209004 0.0815425 0.0171422 
0.049811 0.0511983 0.0305501 
0.0798362 0.0589184 0.0211585 
0.0869948 0.086676 0.0120075 
0.0863613 0.0709027 0.0165071 
0.0741656 0.0616822 -0.0241553 
0.00904485 0.0928978 0.0348304 
0.0796991 0.0606676 0.0247179 
0.0177996 0.0724854 0.0389667 
0.0315984 0.0612445 0.047861 
-0.0298388 0.0519635 0.0125936 
0.0227382 0.0598347 0.0478491 
0.0162935 0.0919334 0.0345042 
-0.0464405 0.10323 0.0239473 
0.0262722 0.175656 0.0438028 
-0.0204261 0.0764703 0.017494 
0.0876181 0.075734 0.0167044 
0.0390754 0.0655083 0.0469056 
0.048697 0.0562551 0.0456559 
-0.0396725 0.0534717 0.0159344 
-0.0459445 0.160891 0.0103498 
-0.049487 0.0604869 0.0397129 
-0.0109524 0.10928 0.0318435 
0.0800263 0.0664313 0.045011 
0.0878206 0.0859577 0.0203764 
-0.035777 0.071499 0.0333994 
-0.0380787 0.111946 0.0162168 
-0.0454425 0.0603599 0.0376905 
0.00705619 0.129021 0.0238071 
-0.0351822 0.101978 0.0209132 
0.0185689 0.162347 0.0467734 
0.0877696 0.0905817 0.0200807 
0.0766531 0.0610667 0.0518074 
-0.0365093 0.066247 0.0310664 
0.0211763 0.112499 0.0202004 
0.0362392 0.0662486 0.0461988 
0.0663327 0.125995 0.0230486 
0.0751166 0.0642501 0.054995 
0.026341 0.0646453 0.0456201 
-0.057241 0.134716 0.020445 
0.0488299 0.0575412 0.0472634 
0.0683771 0.0751912 0.0381951 
-0.0327677 0.0519697 0.0136555 
0.0290958 0.138762 0.0358577 
-0.0528413 0.0683991 0.0272594 
0.0414164 0.154651 0.0392528 
-0.0414023 0.156506 0.0195112 
0.0609277 0.0704261 0.0412708 
0.0715792 0.0543516 -0.00996165 
0.0631808 0.0707127 0.0424454 
0.0742707 0.0547428 -0.0163879 
0.0955285 0.174001 0.0283196 
0.0959652 0.179023 0.0033043 
0.0542003 0.0611558 0.047685 
-0.017407 0.124617 0.0307025 
0.0306887 0.200777 0.0269505 
-0.062091 0.124011 0.0190203 
0.0977496 0.171332 0.0272364 
0.0640824 0.0678502 0.0383798 
0.00278469 0.195741 0.0288661 
0.0398177 0.123359 0.035274 
0.0261828 0.154842 0.0439288 
0.0952183 0.169596 0.0207696 
0.0562006 0.0502381 0.0267617 
0.0594415 0.126506 0.031419 
0.0397115 0.143706 0.0366728 
0.0630199 0.0513259 0.0262983 
-0.0408659 0.0565868 0.0173655 
0.066479 0.179441 0.0315706 
0.0745297 0.0814045 0.0373388 
-0.0237999 0.0711285 0.0217837 
0.105509 0.158633 0.0139028 
-0.0251109 0.0608176 0.0182953 
-0.032038 0.0719856 0.0260847 
0.0211476 0.165345 0.0450296 
0.0372604 0.0513111 0.0455159 
0.0788063 0.11267 0.020104 
0.0582846 0.0509601 0.0269664 
0.0598975 0.128679 0.0286396 
-0.0277873 0.0549396 0.0150112 
0.0770241 0.106765 0.0306389 
0.0328278 0.0654543 0.0460524 
-0.00130144 0.091724 0.032809 
0.0886082 0.16675 0.00487202 
0.0674866 0.11533 0.0332054 
0.079033 0.112257 0.0158491 
0.0470047 0.0727892 0.0480307 
0.0743871 0.0740848 0.0362378 
0.0803742 0.0625201 0.0385535 
-0.0541577 0.0697988 0.0264927 
-0.0362219 0.0759192 0.02798 
0.0965444 0.181645 0.0116982 
0.0159865 0.0656478 0.0458302 
-0.00660203 0.112877 0.0331519 
0.0391849 0.0602851 0.0490128 
-0.0290881 0.0908336 0.0234098 
0.0407801 0.0742584 0.0471073 
0.0275098 0.17034 0.0458875 
0.0731133 0.0591045 -0.0097999 
0.0693441 0.0549571 -0.00685087 
-0.0342928 0.164177 0.0124748 
-0.0327706 0.0815851 0.0264889 
0.0377347 0.0512206 0.0302629 
0.0343484 0.0600577 0.0486346 
0.0561881 0.135224 0.0193273 
0.0245517 0.138799 0.0341154 
0.0873366 0.0810649 0.0119094 
-0.0468031 0.0545612 0.0421698 
0.0377726 0.170517 0.0434863 
0.0745244 0.0864145 0.0374631 
0.0857884 0.168704 0.032887 
0.0739622 0.168475 0.0318836 
0.0872652 0.0727953 0.0199087 
-0.0444882 0.0524335 0.0412041 
0.0858153 0.0861967 0.0270668 
0.0775142 0.0563687 0.0570082 
0.0680923 0.107496 0.0353569 
0.0124977 0.0919715 0.0360177 
-0.0469533 0.144836 0.0232984 
-0.0342387 0.0653361 0.0241453 
0.0438772 0.0553538 0.0471835 
0.10576 0.150247 0.0086254 
0.02818 0.0816509 0.0359649 
-0.0331853 0.0911915 0.0250592 
-0.0390397 0.0629468 0.0221382 
-0.0469758 0.0840936 0.0245806 
0.076437 0.114779 0.0232429 
0.0441533 0.075649 0.0478221 
0.0507434 0.0651272 0.0481595 
0.0727633 0.0512361 -0.0156345 
0.0225605 0.0553501 0.0488489 
-0.037621 0.0592022 0.0200397 
0.0844609 0.0562111 0.0394981 
0.024813 0.106464 0.0186865 
0.0812049 0.101434 0.0286691 
-0.0283693 0.0928788 0.0215948 
-0.0510626 0.0631791 0.0356414 
0.008292 0.193573 0.0286819 
-0.0444492 0.0774038 0.0252726 
0.0190441 0.0561307 0.047803 
0.0925377 0.149144 0.0247022 
-0.0396524 0.0768669 0.0257906 
-0.00264467 0.149077 0.0207319 
0.0361703 0.0503503 0.0293523 
0.0174693 0.0565316 0.0476032 
-0.0428794 0.144639 0.0250367 
0.0261122 0.0668778 0.0443515 
-0.0538468 0.0683607 0.0271317 
0.0856583 0.0704314 0.0122725 
0.0190615 0.0955684 0.0313902 
0.055042 0.0529708 0.0314558 
-0.0302272 0.070936 0.0325325 
0.138103 0.0529609 0.0812226 
0.0519121 0.149461 0.0367038 
0.054202 0.0512983 0.0300682 
-0.0476649 0.078106 0.0251315 
0.0464049 0.180924 0.0330078 
0.030911 0.0559189 0.04879 
-0.00938637 0.143889 0.02707 
0.0843303 0.162259 0.00416956 
-0.0472992 0.0758375 0.0247701 
-0.0219652 0.0628859 0.0170256 
0.04201 0.0514493 0.0313105 
0.0149491 0.109562 0.0265793 
0.0679962 0.176284 0.0340872 
-0.0217778 0.0861524 0.0168814 
0.0832717 0.0862827 0.0307429 
0.0684136 0.102301 0.0362512 
0.0142215 0.086707 0.0399666 
-9.24519e-05 0.0874699 0.0323759 
0.0235168 0.0519842 0.0486504 
-0.033721 0.155345 0.0224095 
0.059902 0.161893 0.0375008 
0.057699 0.157475 0.022845 
0.000505324 0.0974218 0.0339295 
0.0838458 0.101334 0.0225273 
0.0554302 0.0503639 0.0270538 
0.0840453 0.0561007 0.0485787 
0.0461426 0.060637 0.049006 
-0.0367809 0.05107 0.0135921 
-0.0395009 0.0752381 0.0340968 
0.101647 0.141064 0.0244607 
0.0725876 0.0641702 0.0571457 
0.0841574 0.0583672 0.0392926 
0.0853732 0.0914034 0.0269105 
0.0743742 0.0914395 0.0369214 
-0.0387309 0.0651609 0.0394492 
0.0726371 0.0714571 -0.0259359 
0.0438027 0.0661406 0.0469736 
0.0764117 0.0604475 0.0563182 
-0.0340074 0.097321 0.0230089 
-0.0418586 0.123802 0.018134 
0.0450299 0.1082 0.0328617 
-0.00480952 0.143126 0.0248956 
0.0825134 0.0969227 0.0292481 
0.087815 0.153278 0.0239864 
0.0164544 0.165592 0.0463563 
-0.0319363 0.100641 0.0187906 
0.0471198 0.0575519 0.0479428 
0.0640037 0.111972 0.0351632 
0.0143297 0.124522 0.0208258 
0.0412142 0.184979 0.0276638 
0.00183715 0.134202 0.0255848 
-0.0317582 0.145202 0.0277303 
0.0554196 0.0659917 0.0479039 
0.0792104 0.0602919 0.0496999 
0.00432116 0.192472 0.030043 
0.0580327 0.184075 0.0251195 
-0.0365713 0.0903238 0.0261865 
0.0698991 0.0517086 0.0208733 
0.0345647 0.123913 0.0342975 
-0.0401754 0.071079 0.0348521 
-0.0476822 0.092491 0.0242671 
0.0192507 0.0833829 0.0364874 
-0.0381146 0.128224 0.0183655 
0.0598541 0.181984 0.0280991 
0.0336223 0.0548935 0.0488761 
0.0597619 0.0526263 0.0301024 
0.080639 0.107219 0.0249536 
0.0577111 0.132104 0.0271421 
0.0687141 0.153312 0.0224824 
0.0693539 0.0530227 0.0248197 
-0.0315244 0.0541767 0.0162849 
-0.0366005 0.0552672 0.0175787 
0.0401819 0.182528 0.045072 
-0.00830901 0.135062 0.0306202 
0.0268004 0.10202 0.0195773 
0.0737999 0.0608529 -0.0227053 
-0.0437069 0.0580888 0.0347817 
0.0974614 0.153086 0.0217873 
0.0685841 0.0710094 0.0372323 
0.0388127 0.055087 0.048253 
-0.0433532 0.0659711 0.0395618 
0.0701953 0.0509589 -0.01133 
0.0217836 0.16116 0.0460021 
0.0737979 0.0552978 -0.0134314 
0.0173479 0.0870037 0.036368 
0.0232964 0.0718667 0.0377452 
-0.035306 0.132929 0.0240856 
0.027871 0.0957729 0.0224362 
0.0714874 0.0666341 0.0475045 
-0.0375732 0.0625081 0.0398747 
0.0689422 0.0969822 0.0372535 
0.0141357 0.0817614 0.0408934 
0.0274283 0.0853984 0.0342341 
-0.0435759 0.0523725 0.0402252 
-0.0445609 0.0563354 0.0389371 
-0.0341769 0.0610434 0.0219065 
-0.00269144 0.113198 0.0335403 
-0.0279493 0.0867641 0.0239534 
-0.0251693 0.0916613 0.0185144 
0.105822 0.149979 0.0145277 
0.0670728 0.0507751 -0.00840586 
-0.0302798 0.163648 0.0146539 
0.0718431 0.0602447 0.0580684 
0.0866625 0.0756517 0.023453 
0.0571046 0.180101 0.0345577 
-0.00198619 0.0970428 0.0334973 
0.0917702 0.14081 0.0261788 
0.0432629 0.0602337 0.0490133 
0.074936 0.0943519 0.0360312 
-0.0367565 0.0522872 0.0151625 
0.0831477 0.0563662 0.040576 
0.0633593 0.0708275 0.0387689 
0.056383 0.123409 0.0343658 
0.0822238 0.102536 0.0256996 
0.0642705 0.0680116 0.0460641 
0.0632945 0.165121 0.0362723 
0.0725281 0.0519126 -0.0140856 
0.0676955 0.0653714 0.0524636 
0.027946 0.0553692 0.0491494 
0.0675271 0.0666911 0.0481051 
-0.0622563 0.132973 0.0180843 
0.0650397 0.167289 0.0339024 
-0.0238253 0.0651874 0.0198169 
-0.0441118 0.0924618 0.0252858 
-0.041485 0.163111 0.0109895 
0.0522998 0.17574 0.0378414 
0.0603188 0.103349 0.0360686 
0.0273656 0.0512952 0.0484358 
0.0841223 0.0652134 0.0184799 
0.0591516 0.0659947 0.0494651 
0.0870068 0.0759542 0.0123061 
0.0734988 0.171975 0.0242747 
0.0830422 0.0637085 0.0135897 
-0.0487839 0.093222 0.024034 
0.082279 0.144153 0.0282002 
0.046966 0.154758 0.0382155 
0.0738225 0.0665696 0.0347719 
0.0491086 0.069255 0.0463752 
0.0793568 0.0585097 0.0553597 
0.0479627 0.0672087 0.0464354 
0.0760957 0.112516 0.0272917 
0.104305 0.148932 0.00387838 
0.06107 0.0679706 0.0465957 
-0.050437 0.102687 0.0232485 
-0.00137238 0.118269 0.0329149 
-0.0382061 0.0651976 0.0237915 
0.0705402 0.0563364 -0.0073656 
0.0599706 0.0707233 0.0442297 
-0.0241731 0.0813075 0.0218368 
-0.0473389 0.0978809 0.0245003 
0.0154604 0.096403 0.0329662 
0.0552416 0.182592 0.0291531 
0.0847946 0.0663182 0.0129889 
0.084037 0.163382 0.0302054 
0.0891151 0.166505 0.0302806 
0.0805253 0.0667122 0.0289517 
0.0298604 0.0999455 0.0182154 
0.0737584 0.0697419 -0.0266433 
0.0873432 0.140693 0.0265893 
0.0722107 0.114116 0.0303672 
0.0928519 0.144139 0.0261467 
0.0551114 0.0707795 0.04601 
-0.024962 0.0669933 0.0216516 
-0.0414112 0.11304 0.0187337 
0.0521313 0.0854251 0.0480642 
0.077332 0.0562121 0.0163598 
0.0844794 0.165855 0.0327083 
-0.0424411 0.0604084 0.0362343 
-0.0527583 0.0701621 0.0259015 
0.0402729 0.114303 0.0333729 
0.0736084 0.0706592 0.0357575 
0.0740837 0.0653755 -0.0252986 
0.0681858 0.0529986 -0.00715735 
0.0453655 0.123426 0.0357019 
-0.0284623 0.0665508 0.0234405 
0.0783766 0.0709732 0.0333644 
0.0653642 0.0646241 0.0535984 
0.0902145 0.173784 0.0281357 
0.0248665 0.0697177 0.0424855 
0.0785474 0.111622 0.0240624 
0.0773229 0.0564542 0.0201501 
0.0442039 0.0709499 0.047258 
-0.0329176 0.0682263 0.032042 
0.0580638 0.158021 0.0190585 
0.0708027 0.0681623 0.0457681 
-0.0454452 0.107811 0.0225603 
0.0134133 0.071936 0.040702 
-0.0393928 0.117912 0.014019 
0.056708 0.11289 0.0353761 
0.0852277 0.0967564 0.0126597 
0.0295808 0.152562 0.0433895 
0.0167759 0.17688 0.0465436 
0.0694636 0.0773951 0.0388646 
-0.00264586 0.102526 0.0335739 
0.0857763 0.167898 0.0059551 
0.0931505 0.174384 0.00811756 
0.0743096 0.0669491 -0.0265837 
-0.0279372 0.070129 0.0308922 
0.068456 0.164272 0.034987 
0.0261528 0.0729999 0.0366484 
0.0581152 0.170278 0.0373577 
0.0857697 0.0696408 0.0188712 
-0.0219871 0.0703071 0.0196438 
-0.0204679 0.0710384 0.0176718 
0.0607734 0.0758165 0.045662 
0.0842582 0.0727469 0.0264664 
0.065536 0.124716 0.0271765 
0.0835053 0.0695129 0.0263846 
0.0893816 0.173104 0.0299426 
0.0814582 0.0647745 0.0259432 
0.0357687 0.143995 0.0388522 
0.042687 0.165048 0.0413346 
0.0658951 0.0744324 0.0392158 
0.0044148 0.11301 0.0328444 
0.0798164 0.0560763 0.0558356 
0.0690017 0.178682 0.0330865 
0.0635952 0.160899 0.0359653 
0.0276694 0.076851 0.036654 
-0.0328779 0.0868396 0.02605 
0.00576103 0.133634 0.0228575 
0.0698068 0.0865224 0.0404848 
0.0602123 0.0960455 0.0395945 
0.0791127 0.110834 0.0138267 
0.0635841 0.127348 0.0255804 
0.0162592 0.169406 0.0459723 
0.0828274 0.0759138 0.0302272 
0.077828 0.108653 0.0282851 
-0.00184169 0.128597 0.0307597 
0.0572138 0.17653 0.0361664 
0.0741703 0.0764499 0.0368723 
-0.0303805 0.0570778 0.0186864 
-0.00720837 0.107747 0.0327708 
0.0559148 0.0758547 0.0477201 
0.0455394 0.118304 0.0352416 
-0.0201117 0.144667 0.0289495 
0.0620101 0.118253 0.0341025 
0.0667195 0.118251 0.0319168 
0.0708723 0.117953 0.0286564 
0.0736282 0.165032 0.0338984 
0.0737728 0.116843 0.0258556 
0.036914 0.154757 0.0416871 
0.0743847 0.118051 0.0221477 
0.0766156 0.115793 0.0192216 
0.0469928 0.0767604 0.0485898 
0.0753 0.117206 0.0163443 
-0.0212329 0.13475 0.0302073 
0.00504867 0.138749 0.0214799 
-0.00676851 0.118242 0.03293 
0.0293826 0.133957 0.0350315 
0.000878529 0.116304 0.0330979 
0.00421556 0.11639 0.0319616 
0.0820206 0.0708511 0.0292716 
0.00744599 0.116161 0.0304216 
0.0373604 0.159915 0.0422425 
0.00840978 0.118336 0.0282794 
0.0123286 0.118001 0.0244968 
-0.014056 0.118715 0.0313263 
0.0687937 0.0674077 0.03697 
-0.0105709 0.118735 0.0324012 
-0.00616454 0.1487 0.0213939 
-0.00579303 0.102574 0.0327995 
0.0196549 0.117313 0.0203001 
0.0761101 0.143555 0.0291782 
0.0125434 0.168907 0.0467937 
0.03569 0.14887 0.0401225 
0.0378116 0.119007 0.0343111 
-0.0569639 0.118403 0.0210116 
0.0146237 0.191027 0.0290853 
-0.0512144 0.118395 0.0217252 
-0.0293014 0.0993229 0.0164615 
-0.0464542 0.118392 0.0204444 
0.0442573 0.0795325 0.0468458 
0.0716428 0.17973 0.0207338 
0.00366455 0.118942 0.0312798 
0.069974 0.179262 0.0286803 
0.0744589 0.119069 0.0179789 
-0.0618662 0.116584 0.0190777 
0.0327002 0.133503 0.0357883 
0.0301155 0.172836 0.0428869 
0.0858075 0.096036 0.0160571 
0.0321758 0.154822 0.04343 
-0.0612034 0.116585 0.0189306 
0.0126319 0.0896776 0.0394538 
0.0714681 0.119983 0.0253515 
0.0366992 0.122089 0.0345232 
0.0916891 0.174134 0.0269147 
0.0483373 0.121877 0.0355701 
0.0612568 0.123318 0.0322799 
-0.0244905 0.129911 0.028631 
0.0655125 0.122462 0.0296966 
0.0685397 0.121139 0.0275714 
0.0506083 0.139988 0.0285094 
0.073082 0.160353 0.033205 
0.0117427 0.0964935 0.0343692 
0.0690346 0.122961 0.0242473 
-0.010377 0.123347 0.0323192 
-0.0182027 0.120773 0.0299874 
0.0987172 0.175377 0.0267626 
0.0853761 0.0966864 0.023181 
0.0830422 0.0600827 0.0479316 
-0.00701844 0.123392 0.0323683 
0.00749137 0.123198 0.0264908 
0.0106423 0.122291 0.0237259 
-0.0137775 0.123896 0.0315992 
0.0118696 0.124338 0.0220169 
0.0853497 0.0759992 0.0267188 
-0.0570459 0.123641 0.0209712 
0.0786402 0.0632911 0.0285581 
-0.0511276 0.123874 0.0218508 
0.0718235 0.140881 0.0307079 
-0.0184359 0.134335 0.0307229 
0.084477 0.0961345 0.0263916 
0.0816922 0.0600977 0.0402528 
0.0528326 0.138387 0.0254601 
-0.0396012 0.122627 0.0146814 
-0.019736 0.12433 0.0296454 
0.0948538 0.169506 0.0220996 
0.036557 0.12472 0.0350646 
0.0625248 0.125466 0.0294809 
-0.000419614 0.1446 0.0212003 
-0.039152 0.125475 0.0161544 
0.036045 0.128885 0.0357446 
0.0400436 0.128537 0.0360955 
0.0534167 0.157876 0.0295585 
0.0455298 0.128596 0.0357039 
0.0501749 0.129633 0.0344703 
0.043245 0.181484 0.0415414 
0.061295 0.087387 0.0468895 
0.0515693 0.12748 0.0346902 
0.0430588 0.180138 0.0439118 
0.055745 0.127549 0.0331677 
0.0657099 0.126944 0.0194632 
-0.00724924 0.12867 0.0317249 
0.00592906 0.127316 0.0257687 
0.010828 0.128492 0.0217487 
-0.0409612 0.12881 0.0197115 
0.0533955 0.164875 0.0395871 
-0.0209725 0.128795 0.0298875 
0.0853144 0.0669988 0.015432 
0.0584731 0.164902 0.0379935 
0.0600545 0.154191 0.0250683 
0.00860613 0.137029 0.0212378 
-0.0132662 0.129074 0.0316806 
-0.0288321 0.156563 0.0212182 
0.0689308 0.124281 0.0191278 
0.013727 0.126789 0.0206923 
0.0643241 0.128007 0.0164153 
-0.045838 0.129127 0.0214342 
-0.0138776 0.156336 0.0182176 
0.0306613 0.129633 0.0348166 
0.0557894 0.129998 0.0316885 
-0.028748 0.0638699 0.0224472 
-0.0542701 0.12841 0.0218541 
0.0874689 0.0760005 0.0202562 
-0.042828 0.0691572 0.0389068 
0.0600639 0.130479 0.0244524 
0.0355588 0.133733 0.0361589 
0.00891043 0.112755 0.0305539 
-0.0625138 0.128961 0.0183876 
0.0695605 0.122953 0.0146491 
0.0401484 0.133952 0.0361135 
-0.0387784 0.0922826 0.0258723 
0.0502981 0.133775 0.0330289 
0.0374343 0.175687 0.042433 
0.0543809 0.133483 0.0298402 
0.0187116 0.102229 0.0272128 
0.0606417 0.130967 0.0183841 
0.0503581 0.0717173 0.0473292 
0.0773569 0.173201 0.0233468 
0.0729833 0.0655475 -0.0231209 
-0.0131429 0.133952 0.0312203 
0.0519272 0.158326 0.0330953 
-0.00253049 0.133052 0.0295268 
-0.0493905 0.16042 0.00940634 
0.00100876 0.132146 0.0275646 
0.047245 0.159644 0.0384303 
0.0569146 0.149376 0.0351857 
0.0624048 0.0667931 0.0493169 
0.0865801 0.176387 0.0236798 
0.00939767 0.133022 0.0214967 
-0.0345429 0.0617708 0.0387108 
0.0595521 0.132371 0.0185155 
-0.015724 0.149566 0.0253171 
-0.0413223 0.13162 0.0218096 
-0.0393605 0.134087 0.0235403 
-0.0248344 0.134677 0.0291521 
0.0379872 0.185859 0.0288177 
-0.0513499 0.134089 0.0222937 
0.0851387 0.0705211 0.0232067 
0.054954 0.135295 0.0262394 
-0.00271277 0.135582 0.0283547 
0.0322879 0.138201 0.0363943 
0.0420784 0.146011 0.0385595 
0.0349034 0.139158 0.0365335 
0.0780633 0.102256 0.0319284 
0.0323683 0.165265 0.0440606 
0.0228365 0.10248 0.0222742 
0.039921 0.138997 0.0358344 
0.0449773 0.139045 0.0340492 
0.0217157 0.176011 0.0452708 
0.0492794 0.138575 0.0312224 
-0.0542743 0.145639 0.0196289 
0.0548839 0.136654 0.0227976 
0.0523827 0.137117 0.0287798 
0.0600912 0.157309 0.0203634 
0.0480741 0.175887 0.0400472 
-0.0179909 0.138936 0.0303608 
0.07278 0.0696059 -0.0237806 
-0.0134493 0.139229 0.0302055 
-0.0102338 0.113341 0.032385 
0.0738605 0.0686805 -0.0255956 
0.0974866 0.145433 0.0251648 
0.0770978 0.141112 0.0283275 
-0.0083001 0.139132 0.0292307 
0.000632794 0.138888 0.0237728 
0.054039 0.137753 0.0193804 
0.00338554 0.123301 0.0300991 
0.0463623 0.176841 0.0420347 
-0.0223982 0.0817668 0.0194358 
-0.0511109 0.139243 0.0224625 
0.0719606 0.154581 0.0178785 
-0.0441816 0.13955 0.0243447 
0.0504609 0.0604575 0.0482757 
-0.0391309 0.139287 0.0254655 
-0.0437486 0.0872902 0.0252918 
-0.0360122 0.14022 0.0264343 
-0.0254371 0.139851 0.0291969 
-0.0211598 0.13963 0.0299254 
0.069896 0.0516441 0.0201855 
-0.0394071 0.161338 0.0123919 
-0.0884795 0.136557 -0.00379641 
-0.0570598 0.139264 0.020061 
0.0529125 0.139045 0.020722 
0.0754035 0.0648327 0.0504036 
0.0985172 0.140165 0.0265354 
-0.0139194 0.143807 0.0287021 
-0.0897116 0.139011 -0.0051788 
0.0807732 0.109115 0.0207477 
0.0575651 0.133519 0.0233219 
0.0245551 0.140688 0.0344381 
0.0674911 0.14083 0.0327807 
0.100528 0.140334 0.0249377 
-0.0151845 0.146265 0.027631 
0.0857787 0.097279 0.01815 
0.0582027 0.14126 0.0359411 
0.0877924 0.0860664 0.0164258 
0.0243614 0.144399 0.0347764 
0.0623775 0.141233 0.0344968 
0.101284 0.141073 0.0248451 
0.0313432 0.145762 0.0390211 
0.0120235 0.111274 0.0286246 
0.0446321 0.142294 0.0334689 
0.0471643 0.142158 0.0311948 
0.0693407 0.152267 0.0287455 
0.0572996 0.144363 0.0360113 
-0.0618296 0.115175 0.0186972 
0.0668532 0.14465 0.0332202 
-0.0416537 0.0660369 0.039781 
0.0680949 0.143647 0.0330685 
0.0725441 0.143899 0.031472 
-0.0449951 0.0544268 0.0414577 
0.0722167 0.144877 0.0309219 
0.099445 0.143184 0.0262277 
0.1027 0.144069 0.0246084 
0.0941777 0.140926 -0.00341288 
0.103034 0.146429 0.00162106 
0.0550608 0.173387 0.0384584 
-0.0174908 0.142938 0.0294598 
0.0565106 0.0866592 0.0480242 
-0.000396117 0.142226 0.0223874 
0.0225361 0.081404 0.0362483 
-0.0318212 0.153439 0.0245735 
0.00435569 0.143618 0.0208133 
0.0940807 0.141949 -0.00293 
0.0961716 0.142209 -0.00307597 
-0.049913 0.144379 0.0224246 
-0.0393794 0.145036 0.0259042 
-0.0361264 0.144821 0.0268547 
0.0783263 0.0577072 0.0152584 
-0.0289568 0.143508 0.0285791 
-0.0257283 0.14489 0.0286826 
0.0468751 0.145053 0.037982 
-0.0210714 0.0663367 0.0172864 
0.0519468 0.14503 0.0370111 
0.0164617 0.0853729 0.0387485 
0.0681668 0.16023 0.0345585 
-0.0265195 0.162251 0.0154359 
0.106238 0.145122 0.0204504 
-0.00480385 0.145512 0.0229715 
0.0235361 0.144066 0.0346037 
0.0995202 0.144448 -0.000724085 
-0.0928934 0.144343 -0.00959852 
0.102757 0.145752 0.000145274 
-0.00940118 0.146336 0.0252773 
0.0381906 0.146538 0.0401073 
0.036856 0.150492 0.0408784 
0.0160758 0.0606574 0.0466379 
0.0466928 0.149502 0.0380137 
0.0329331 0.0512409 0.0475091 
0.0420827 0.174855 0.0408168 
0.0670244 0.149393 0.0322242 
0.0716416 0.14931 0.0298212 
0.0313628 0.0856117 0.033053 
0.0765405 0.148584 0.0280158 
0.0811708 0.148543 0.026652 
0.0872663 0.14924 0.0256521 
0.0976147 0.149155 0.0235511 
-0.0176169 0.15259 0.0235531 
-0.0363931 0.0750215 0.0328226 
0.102357 0.149212 0.0214584 
0.0867773 0.160943 0.0247592 
0.0729803 0.177754 0.0188461 
0.106089 0.148386 0.0190385 
0.035673 0.196313 0.0265139 
0.0275642 0.0604839 0.0480155 
0.103008 0.1471 0.00430222 
-0.0250312 0.148851 0.0275358 
-0.032048 0.134981 0.0265585 
-0.0103248 0.148749 0.0240978 
0.103529 0.147139 0.000294714 
-0.0524158 0.14915 0.0194762 
-0.0452057 0.150299 0.0231688 
-0.0432842 0.14911 0.0240043 
0.0593152 0.157681 0.00564421 
-0.038931 0.150535 0.0249293 
-0.0361246 0.149004 0.0260385 
-0.0570195 0.113147 0.0209449 
0.0225269 0.0763985 0.0366007 
-0.0324344 0.15027 0.0262853 
-0.0559766 0.158569 0.0066516 
0.00502076 0.10264 0.0344728 
0.0561801 0.167111 0.0376221 
-0.0273898 0.150676 0.026624 
0.0290834 0.14996 0.0437043 
0.0874566 0.0915476 0.0165597 
0.0623847 0.144144 0.0347541 
0.0320507 0.150653 0.0429091 
0.105737 0.149959 0.00999921 
0.0138528 0.107447 0.0289685 
0.0309559 0.0879395 0.0300507 
0.0743085 0.150756 0.0219716 
0.0773659 0.15064 0.0210817 
0.086754 0.150696 0.0248644 
0.0694903 0.151206 0.0231517 
0.0167286 0.151874 0.0458185 
0.0210971 0.151847 0.0445228 
0.0890542 0.151409 0.0232995 
-0.022594 0.151857 0.0253775 
0.016687 0.153709 0.0460055 
0.0213429 0.15448 0.0449976 
0.0494903 0.182187 0.0299827 
0.0568766 0.154411 0.0350103 
0.0864057 0.180522 0.0223136 
0.0660256 0.152805 0.0310035 
0.0770364 0.152765 0.0199359 
0.0690647 0.0516637 0.0231861 
-0.0425131 0.153243 0.0229975 
0.0925924 0.152667 0.0238052 
0.100749 0.152501 0.0197392 
0.103862 0.153758 0.0109312 
-0.0272896 0.153959 0.0241547 
-0.0223008 0.154799 0.0224695 
-0.0177656 0.155023 0.0204393 
-0.0458627 0.133915 0.0228883 
0.089187 0.153546 0.0173896 
-0.0457442 0.153941 0.0202718 
0.0838004 0.0990635 0.026505 
0.0813677 0.153552 0.0173429 
0.0669148 0.155403 0.0190492 
0.0845828 0.164767 0.00481185 
0.0542839 0.156502 0.0292962 
0.055451 0.156054 0.0265059 
0.0627032 0.156036 0.0213061 
0.0628284 0.170945 0.034086 
0.0453923 0.133745 0.0351141 
0.0656963 0.156217 0.0163194 
-0.0569804 0.129119 0.0209109 
-0.0362756 0.157403 0.0191613 
0.0049229 0.107749 0.033813 
0.0572654 0.160507 0.0363869 
0.0575188 0.1567 0.00695241 
-0.050802 0.107964 0.0227141 
0.0204576 0.0660168 0.0454274 
0.0828913 0.161636 0.0292215 
-0.043225 0.135532 0.0236134 
-0.0568261 0.157211 0.00667951 
-0.019597 0.157042 0.0184625 
-0.0206003 0.149441 0.0267249 
0.0255424 0.157804 0.0445442 
0.0568606 0.0903544 0.0462671 
0.0272967 0.160245 0.0453985 
0.0414635 0.160099 0.0394796 
0.0548087 0.157826 0.0263936 
0.0586407 0.174025 0.0371764 
0.0603473 0.156513 0.00595872 
-0.0443663 0.157708 0.0153568 
0.00174165 0.0832882 0.0324162 
-0.0290747 0.158458 0.0183413 
0.0273131 0.143324 0.0357642 
-0.0610057 0.122391 0.0190399 
0.0322284 0.160014 0.0440966 
-0.0249339 0.159629 0.0169196 
-0.0195698 0.159568 0.0170711 
-0.0138332 0.158341 0.017848 
0.0572209 0.157873 0.00677407 
-0.0281967 0.131216 0.0272786 
0.0679115 0.174276 0.0316263 
-0.0356178 0.15973 0.0158301 
0.0512437 0.118324 0.0353872 
0.0238594 0.160437 0.0460777 
0.0613286 0.159607 0.0354357 
0.00233366 0.0836839 0.0325479 
-0.0317897 0.160986 0.0148383 
0.0612832 0.083019 0.0475694 
0.112358 0.16024 0.00985584 
0.0279407 0.164669 0.0449226 
0.063759 0.153625 0.0240274 
0.0374177 0.165386 0.0425173 
0.0715863 0.171875 0.0249112 
0.0207854 0.0698992 0.0447715 
0.0475934 0.165183 0.0400737 
0.0783715 0.164411 0.0330469 
0.0875774 0.164229 0.0271728 
-0.0434719 0.163505 0.0107149 
-0.0367364 0.164181 0.0125517 
0.0817379 0.0610295 0.0184038 
-0.0269245 0.163382 0.0149473 
0.0255772 0.165846 0.0444716 
0.0804268 0.165116 0.0337194 
0.0661886 0.16674 0.0328454 
-0.00543775 0.0946617 0.0312989 
0.0525004 0.183994 0.02729 
0.0212207 0.170345 0.0455323 
0.0154954 0.0988428 0.0319708 
0.042608 0.170541 0.0417966 
0.0577469 0.170716 0.0369617 
-0.0322123 0.13954 0.027456 
-0.0561331 0.144117 0.0195336 
0.0622478 0.168783 0.0358228 
-0.0285696 0.132877 0.0274157 
0.06681 0.170177 0.0315699 
0.0767145 0.168897 0.0301103 
0.0894876 0.16995 0.0308214 
0.0956939 0.140016 0.0274315 
0.0484097 0.183061 0.0289288 
0.0505378 0.0759621 0.0485869 
0.0945291 0.17003 0.0289193 
0.0132509 0.17903 0.0471302 
0.0901521 0.169418 0.00506297 
0.0235937 0.170627 0.0466291 
0.0706801 0.171158 0.0289277 
0.0907124 0.171312 0.00681016 
0.0297868 0.173897 0.0427539 
0.0550648 0.172034 0.0384105 
0.0926761 0.171609 0.00410025 
0.026823 0.172864 0.044013 
0.0831807 0.0809926 0.0307254 
0.0910961 0.172342 0.0286095 
0.0731058 0.107361 0.0335792 
0.0620753 0.149351 0.0339824 
0.0327796 0.176503 0.0440645 
-0.0476041 0.0833529 0.0251107 
0.0635532 0.175011 0.0361243 
0.07206 0.12104 0.0213314 
0.0700725 0.175675 0.0285627 
0.0102242 0.114823 0.0286442 
0.0705788 0.122319 0.0176334 
0.0708124 0.175572 0.0242838 
0.0817555 0.175427 0.0235631 
0.0924397 0.173211 0.00497654 
0.0940155 0.175581 0.00337441 
-0.0347085 0.104173 0.0187541 
0.0771684 0.176136 0.0209186 
0.100183 0.17578 0.0244031 
0.0943731 0.176261 0.00640894 
0.0897039 0.177012 0.0232223 
0.0612184 0.0944629 0.0417758 
0.0201334 0.17897 0.0451082 
0.0330732 0.181115 0.0426802 
0.077475 0.144293 0.0294771 
0.0467326 0.17944 0.0384348 
0.0522777 0.17967 0.0361078 
-0.0372039 0.130841 0.0206843 
-0.0494376 0.086033 0.0238325 
0.0616859 0.179425 0.032879 
0.069689 0.180783 0.0232648 
0.0838892 0.102179 0.0182208 
0.0715856 0.180485 0.0187467 
0.049166 0.0993452 0.0322371 
0.0826155 0.178688 0.0228898 
0.0898421 0.181184 0.0198818 
0.097911 0.178271 0.0261309 
0.100179 0.179618 0.0215376 
0.000254093 0.107725 0.0340561 
0.0646236 0.18199 0.0257774 
0.038374 0.182753 0.0293695 
0.0879872 0.162964 0.0243349 
0.068821 0.183104 0.0209126 
0.0336434 0.186486 0.0442366 
0.03793 0.185487 0.0443506 
0.0404919 0.184051 0.0420858 
0.024756 0.186691 0.0292732 
0.032725 0.186998 0.0292793 
0.0737618 0.152909 0.0210345 
0.0365746 0.187848 0.0287498 
0.00352524 0.086969 0.0335511 
0.0484739 0.184019 0.0278126 
0.0552667 0.183978 0.0271217 
