0.0477003 0.183465 0.0189802 
0.0488518 0.182973 0.0198462 
0.049793 0.179939 0.0132115 
0.0689241 0.176768 -0.00893946 
0.0500004 0.178 0.0162765 
0.0520239 0.175219 0.0143551 
0.0517761 0.175207 0.0109842 
0.0530176 0.174492 0.00699458 
0.0544118 0.173578 0.00433192 
0.0565319 0.172433 0.000862439 
0.0535906 0.17227 0.0104497 
0.0551805 0.170486 0.00861826 
0.0551343 0.167795 -0.0249711 
0.0641513 0.16662 -0.0109741 
0.0549644 0.169044 -0.0216874 
0.0557098 0.16972 0.00477763 
0.080731 0.165477 0.00297739 
0.0805236 0.163669 -0.000308344 
0.0583185 0.16689 0.00246335 
0.0588669 0.167645 -0.00143776 
0.0657155 0.166282 -0.0128057 
0.0564589 0.166138 -0.022875 
0.0558517 0.165877 -0.0255022 
0.060136 0.165568 0.00146502 
0.0602678 0.165023 -0.0010577 
0.0624703 0.161283 -0.0162579 
0.06904 0.161356 0.0182136 
0.0797249 0.160439 -0.00147674 
0.0627057 0.162555 -0.00331478 
0.0398934 0.164288 -0.00159697 
0.0481828 0.162462 -0.0112677 
0.0479312 0.162374 -0.0131893 
0.079177 0.157985 0.00176926 
0.0791922 0.157561 -0.00464304 
0.0631996 0.159527 -0.0106023 
0.0788182 0.157519 -0.00162185 
0.0616184 0.159468 -0.0122875 
0.0565346 0.170701 0.000862254 
0.0682752 0.15618 -0.0378682 
0.0564714 0.158978 -0.0241895 
0.0694431 0.158276 0.014228 
0.0483331 0.160194 -0.0143162 
0.068919 0.159042 0.0175088 
0.0722287 0.156474 0.000662261 
0.0677413 0.171437 -0.0124915 
0.0702693 0.1557 0.0145906 
0.0699448 0.157173 0.0117138 
0.0712195 0.156659 0.00657181 
0.0695072 0.155652 -8.04817e-05 
0.0677968 0.157686 -0.00259444 
0.0597405 0.155884 -0.000261436 
0.061924 0.157545 -0.00312427 
0.0613749 0.157675 -0.00606821 
0.0580288 0.155697 -0.00695475 
0.0436027 0.158138 -0.00246619 
0.0407231 0.161075 -0.00218656 
0.0431417 0.158312 -0.00775477 
0.0452669 0.157717 -0.0111217 
0.0573198 0.156345 -0.0260579 
0.0657236 0.15418 -0.000368369 
0.0592542 0.154941 -0.00346006 
0.0714772 0.153492 0.014456 
0.058708 0.154604 -0.005226 
0.0730549 0.148804 -0.0480782 
0.0470653 0.154396 -0.012666 
0.0739319 0.146964 -0.0531901 
0.0465912 0.155186 -0.00497814 
0.0663854 0.151494 0.021347 
0.0662929 0.151984 0.0183262 
0.0674394 0.151789 0.0132649 
0.0691973 0.153437 0.0122333 
0.0680925 0.152604 0.00222804 
-0.0547341 0.0629848 0.0430646 
-0.00292041 0.0561934 0.0622582 
0.0674561 0.160145 -0.00398512 
-0.0230204 0.110097 0.0151868 
-0.00481199 0.0930983 0.0542219 
-0.0173973 0.126285 0.0560163 
-0.0171731 0.0929749 0.0494292 
-0.0217903 0.0946525 0.0455667 
-0.0664867 0.0796019 0.0354798 
0.052714 0.140767 0.00555241 
-0.0406681 0.0949956 0.00679979 
-0.0357158 0.128334 0.0588292 
0.0480786 0.161682 -0.011226 
-0.0386935 0.093492 -0.00244887 
-0.0254653 0.123847 0.0302245 
-0.0318372 0.0671433 0.0483084 
-0.0614035 0.0996353 0.0338536 
-0.00143593 0.0867574 0.0530319 
-0.0629931 0.0635556 0.0293835 
-0.00569164 0.0868761 0.0526457 
-0.0420303 0.090662 0.0068153 
-0.0413566 0.0898289 0.000465398 
-0.0567543 0.140141 0.0595162 
0.058216 0.154287 -0.0279216 
-0.0401046 0.0893487 -0.0022653 
-0.0392084 0.0946357 0.000462656 
-0.0479745 0.13051 0.0562423 
-0.0129633 0.130926 0.0559359 
-0.0065347 0.0839009 0.052569 
0.0643821 0.142724 0.00622985 
-0.0101429 0.0829279 0.0513785 
0.00763224 0.0501899 0.0666242 
-0.0134182 0.0829961 0.0477425 
-0.0566744 0.107829 0.0388375 
-0.0154455 0.0815025 0.0449001 
-0.0414367 0.0930468 0.00350394 
-0.0549878 0.133445 0.0593542 
-0.016308 0.130481 0.055292 
-0.0176404 0.0839284 0.0429246 
0.0456463 0.15466 -0.0113079 
0.0536406 0.143733 0.00570374 
-0.0202384 0.0832351 0.0403517 
-0.042765 0.0859508 0.00368516 
-0.064831 0.0877778 0.0261814 
-0.0658325 0.0897828 0.0357651 
-0.00585606 0.0779891 0.0556241 
-0.0509445 0.0584034 0.0514958 
-0.0414628 0.08637 -0.00136692 
-0.0177569 0.0691226 0.0549632 
-0.00958065 0.13877 0.0531096 
-0.0480915 0.114752 0.0508053 
-0.0476451 0.0681972 0.0482884 
-0.012359 0.0788236 0.0530384 
0.0457836 0.145537 -0.0150189 
-0.0162924 0.0775712 0.0484482 
-0.0176766 0.0784805 0.0425221 
-0.018755 0.0882997 0.0439283 
-0.047876 0.0539251 0.0525795 
-0.00668292 0.0905692 0.0534196 
-0.0197657 0.0787531 0.0399317 
-0.0426757 0.0863449 0.00570579 
-0.0570508 0.0654134 0.0415162 
-0.0131637 0.0866657 0.0492763 
-0.0422547 0.0901294 0.00339319 
0.00545593 0.0687295 0.0534409 
-0.0610104 0.0851471 0.0441801 
-0.0525912 0.0632564 0.0481684 
-0.0544816 0.109132 0.0467346 
-0.0641514 0.0847321 0.0407365 
-0.0220982 0.0688872 0.0539355 
0.0796444 0.160863 0.0023903 
-0.00271841 0.150009 0.0262797 
-0.00689629 0.139535 0.0529311 
-0.0666929 0.0850957 0.0353551 
-0.0658801 0.0841091 0.025754 
-0.016811 0.0738025 0.0535612 
-0.0257971 0.110764 0.00934907 
0.0502077 0.177671 0.0130076 
-0.0192587 0.074364 0.0493291 
-0.0237687 0.105529 0.0505071 
-0.0201662 0.074089 0.0436492 
0.00254695 0.151515 0.0414402 
-0.003602 0.0881494 0.053124 
0.0560267 0.150125 -0.0261436 
-0.0535437 0.0770131 0.0469788 
-0.0508665 0.104865 0.0514648 
-0.061668 0.100298 0.0387387 
-0.0637987 0.0797476 0.0398849 
-0.0236595 0.0645072 0.0553923 
-0.0674024 0.0797027 0.0303255 
-0.0670156 0.0819607 0.03492 
-0.0150377 0.0657574 0.0558905 
-0.0618194 0.0633479 0.0198348 
-0.0387503 0.0496936 0.000754192 
-0.0592106 0.0581833 0.0285828 
-0.0155339 0.139905 0.0511461 
-0.0291583 0.0601635 0.0572718 
-0.046773 0.117734 0.0496942 
-0.00799227 0.0940779 0.0543561 
-0.000862419 0.0525379 0.0620737 
0.0577452 0.153235 -0.000723824 
-0.0333305 0.0592174 0.0567578 
-0.0227455 0.0592083 0.0593259 
-0.0184667 0.143232 0.0365478 
0.0593066 0.160256 -0.0267074 
-0.0646916 0.0905693 0.0397825 
-0.0135306 0.0738011 0.0552192 
0.0552708 0.14152 -0.0265089 
0.00645214 0.0588759 0.0614466 
0.0642058 0.162204 -0.0132214 
-0.057784 0.0831576 0.0456556 
-0.0528113 0.111004 0.0474952 
0.00720994 0.0488387 0.0655524 
-0.00880029 0.065434 0.0601027 
-0.0382888 0.0969687 0.0104171 
-0.0654912 0.0858929 0.0389512 
-0.0513442 0.14455 0.052686 
-0.0551381 0.0747101 0.0462585 
0.0723152 0.1571 0.00369523 
-0.0476488 0.117537 0.0463283 
0.00943306 0.0684388 0.0552141 
0.0572696 0.153177 0.00311309 
-0.0299095 0.0696917 0.0405801 
-0.0612085 0.0953257 0.0443832 
-0.065626 0.0721157 0.0231108 
-0.0254597 0.111161 0.0105034 
0.000594993 0.0522827 0.064801 
-0.066208 0.0704489 0.026539 
-0.0547613 0.108898 0.0376696 
-0.0122562 0.150748 0.0450579 
-0.0590812 0.061145 0.0349891 
-0.0607984 0.0802037 0.0431319 
-0.024447 0.110441 0.0515142 
0.00961861 0.156757 0.0327715 
-0.0597781 0.0584816 0.0244832 
0.0042831 0.0527256 0.0677961 
0.0691836 0.178286 -0.00604162 
-0.0420402 0.123768 0.0490549 
-0.0239962 0.0563574 0.0597337 
-0.0243668 0.0700146 0.0509697 
-0.0214947 0.11118 0.0540816 
-0.0280137 0.0681659 0.050903 
0.0621971 0.160932 -0.0131818 
0.00743771 0.0620106 0.0601525 
-0.0127927 0.063772 0.0592747 
-0.0100609 0.0883378 0.0517972 
-0.0413796 0.0532911 0.0563217 
-0.0184131 0.0598165 0.0598365 
-0.0191428 0.142961 0.0386276 
-0.0256836 0.0703146 0.0458277 
-0.0109832 0.0672425 0.0570268 
-0.0551938 0.0586112 0.0378434 
-0.015679 0.145866 0.0359004 
0.068624 0.180982 -0.00781238 
-0.00438187 0.142608 0.0513894 
0.0531954 0.140725 0.000950436 
-0.0526164 0.0558726 0.0373627 
0.00593463 0.0633481 0.0580055 
0.00411921 0.0667193 0.0547969 
-0.018278 0.144068 0.0382337 
-0.0265319 0.0557719 0.059502 
-0.00116683 0.142476 0.0507922 
-0.0314676 0.0623799 0.0546612 
-0.0659081 0.0700696 0.0301429 
-0.0135866 0.090352 0.0509628 
-0.0452132 0.0540892 0.0548205 
-0.054954 0.053259 0.02719 
-0.0516303 0.0682369 0.0467643 
0.0628531 0.162349 -0.00752556 
-0.00497886 0.147856 0.0463247 
-0.026976 0.0699914 0.0414509 
-0.0628802 0.0947931 0.042294 
0.00208221 0.050904 0.0660398 
-0.0571369 0.0620274 0.0387961 
-0.00791892 0.0679025 0.0573563 
-0.063735 0.0948877 0.0399239 
-0.0479813 0.0522812 0.037418 
-0.0212235 0.0621969 0.0582079 
-0.0095345 0.0776195 0.0552359 
0.00879018 0.0603649 0.0616897 
-0.0414784 0.0806329 0.000860606 
-0.0206459 0.0905855 0.0438026 
-0.0648329 0.0673393 0.029845 
-0.0433994 0.0722387 0.0475269 
-0.0102906 0.0925169 0.0533048 
-0.0372732 0.056895 0.0564836 
0.0497954 0.158596 -0.0179646 
-0.00790246 0.1353 0.0547409 
-0.0495744 0.149724 0.0582682 
-0.0609798 0.0977514 0.0304529 
-0.0455888 0.127951 0.0580756 
-0.0655716 0.0909564 0.0332976 
-0.0396707 0.0951421 0.00964674 
-0.0461567 0.0523671 0.0389874 
0.000135407 0.0562371 0.0651323 
-0.0346149 0.0557343 0.0578057 
-0.0646736 0.0936275 0.0366875 
-0.0668734 0.084889 0.0300257 
-0.0249386 0.0606456 0.058161 
-0.0628657 0.0748941 0.0393122 
0.0544504 0.168406 -0.0168241 
0.063887 0.154543 -0.0341238 
-0.04833 0.0576468 0.0531194 
-0.0354818 0.0654352 0.050086 
-0.0463717 0.104155 0.0525714 
-0.0322141 0.0526199 0.0586485 
-0.0369607 0.11949 0.0563471 
-0.0534069 0.0531692 0.0328679 
-0.0356586 0.0527448 0.057991 
-0.0638368 0.0951545 0.0341523 
-0.0670665 0.0853424 0.0325654 
-0.0427548 0.152919 0.0517912 
-0.0218557 0.0721872 0.0494429 
-0.0219305 0.11748 0.0133256 
-0.01015 0.059824 0.0606067 
-0.0531005 0.0590735 0.0426534 
0.054439 0.144363 0.00558825 
-0.0108087 0.0731762 0.0559777 
0.00728531 0.0574162 0.0624318 
-0.0301415 0.0557691 0.0589348 
-0.0579709 0.0739565 0.0438052 
-0.0122007 0.147172 0.0467839 
-0.0574888 0.0581443 0.0333137 
-0.0506924 0.0616673 0.0507221 
-0.0509834 0.134174 0.0606174 
-0.0656558 0.0747233 0.0352397 
-0.0627898 0.09407 0.0295718 
-0.0245411 0.072231 0.0401734 
-0.0523205 0.0579454 0.0483413 
-0.0293792 0.0683164 0.0470126 
-0.00584478 0.155413 0.039925 
-0.0239286 0.114103 0.0124211 
-0.0260454 0.0671114 0.0535943 
-0.0575244 0.0564286 0.0226772 
-0.0467975 0.0624652 0.0516756 
-0.00825547 0.101957 0.05628 
-0.0443744 0.130681 0.0583538 
-0.00217695 0.0604616 0.0627729 
-0.0145055 0.0796978 0.04745 
0.00160348 0.155658 0.0369809 
0.069116 0.152365 0.00668212 
-0.0439397 0.144025 0.0590567 
-0.0550269 0.055072 0.032887 
0.00152205 0.156983 0.0361485 
-0.0421665 0.06346 0.0520248 
-0.0477518 0.100231 0.0518306 
-0.0604326 0.100442 0.0437754 
0.0081387 0.0648611 0.0569529 
-0.0415336 0.119303 0.05402 
-0.064058 0.0680784 0.0206647 
-0.0651078 0.0682617 0.0242768 
-0.0464162 0.0717286 0.0466714 
0.0417981 0.151904 -0.00864782 
-0.0500055 0.0542296 0.0423183 
-0.0428511 0.139538 0.0603342 
-0.0548764 0.0673492 0.0445992 
0.0582315 0.163041 -0.0244296 
-0.0276165 0.108329 0.00926304 
-0.0645033 0.0704644 0.0346196 
-0.00725622 0.0662439 0.0603436 
-0.0439874 0.0603492 0.0539181 
0.0642486 0.150828 0.00250779 
-0.0517284 0.09988 0.0509772 
-0.0422673 0.154091 0.0514032 
-0.0227316 0.0721435 0.0460882 
0.0481351 0.185021 0.0195513 
-0.0445358 0.119967 0.0498715 
-0.0514635 0.0565626 0.0418018 
-0.00603063 0.0581076 0.0612811 
-0.0372543 0.0995471 0.00556218 
-0.0382052 0.0528487 0.0572872 
-0.064995 0.0724601 0.0211839 
-0.0580697 0.0790015 0.0445352 
-0.054831 0.0533241 0.0233643 
-0.0569785 0.100381 0.0480114 
-0.0387604 0.134403 0.0598097 
-0.0541922 0.094431 0.0493433 
-0.0612571 0.0638248 0.0340847 
-0.00798513 0.057445 0.0591606 
0.0415817 0.1599 -0.00569887 
-0.0621649 0.0613375 0.0230055 
-0.0572308 0.0690227 0.0430758 
-0.0452596 0.066761 0.0495641 
0.0688837 0.181571 -0.00572793 
-0.000139287 0.0676969 0.0546532 
-0.0633326 0.0968332 0.0385792 
0.00166031 0.142969 0.0500635 
-0.00642264 0.0737105 0.0561641 
0.00351436 0.0567663 0.0663231 
-0.0136656 0.0683786 0.0554348 
-0.0416566 0.066823 0.0502546 
-0.0615076 0.0903262 0.0443926 
0.00681466 0.0664389 0.0551904 
0.0683718 0.172522 -0.00999185 
0.00805537 0.0693056 0.0540415 
-0.0511028 0.0534098 0.0360742 
-0.0513245 0.0553455 0.0469815 
-0.0438974 0.0702243 0.0482246 
-0.00812394 0.0811571 0.0541059 
-0.0274804 0.0631572 0.0550891 
0.066992 0.148237 0.0102332 
-0.0172937 0.0631207 0.0585591 
-0.0591804 0.101105 0.0318555 
-0.0160916 0.150338 0.0451685 
0.057512 0.162786 -0.0264334 
-0.0637454 0.0890583 0.0416752 
-0.0650613 0.0897723 0.0294031 
-0.0132355 0.060086 0.0603413 
-0.0626895 0.0712699 0.0378835 
-0.0150932 0.0772518 0.0520975 
-0.0665636 0.0791527 0.0251331 
-0.0603317 0.0687589 0.0392857 
-0.0218524 0.0741326 0.0403686 
-0.0100477 0.0625208 0.0607957 
-0.0588967 0.0646873 0.0383576 
0.053372 0.172212 0.00735748 
-0.00669962 0.0623482 0.0617087 
0.00894719 0.157041 0.0319819 
-0.0186527 0.0650602 0.055922 
0.0510647 0.156511 -0.0184059 
-0.0115978 0.135333 0.0545269 
-0.0411691 0.0566947 0.056061 
-0.0141267 0.0944616 0.0525361 
-0.0669768 0.0746147 0.0302289 
0.0549998 0.138768 -0.0264489 
-0.0184887 0.109664 0.0556637 
0.0412327 0.146012 -0.00877603 
0.00485389 0.061074 0.0599546 
0.047522 0.143226 -0.0175615 
-0.0363664 0.12394 0.0573401 
-0.0551369 0.0793189 0.0467023 
-0.0196077 0.118037 0.0151089 
-0.0505184 0.0538691 0.0476494 
-0.0338852 0.101477 0.00294541 
-0.0387643 0.0508747 0.00025779 
-0.0398329 0.0966848 0.0047959 
-0.0423444 0.0707662 0.0485564 
-0.0451867 0.0569511 0.0549855 
-0.017572 0.0965536 0.0515686 
-0.0586913 0.102536 0.0329422 
-0.0591132 0.103216 0.0343848 
-0.0518172 0.0958163 0.0501769 
-0.00258243 0.151214 0.0286909 
0.058529 0.151496 -0.0290397 
-0.0589393 0.104795 0.038275 
-0.0582377 0.105447 0.0431911 
-0.0367013 0.0987035 0.000641791 
-0.00636934 0.147157 0.023661 
-0.0358584 0.0999301 0.0102888 
-0.0564649 0.055029 0.0278201 
-0.0235456 0.0984714 0.0467422 
-0.0212181 0.0993175 0.0496617 
-0.0634541 0.0637711 0.0246844 
-0.0407641 0.123578 0.0449485 
0.0690338 0.144684 -0.0462041 
-0.0231994 0.101332 0.0489429 
0.00308656 0.147948 0.0455115 
-0.0404874 0.06125 0.0540939 
-0.0179344 0.100609 0.0531276 
-0.0355189 0.0612928 0.0548502 
-0.0143254 0.0987667 0.0543819 
-0.0117373 0.0999124 0.0552998 
-0.00815808 0.0982213 0.0553464 
0.0800998 0.159443 -0.0049504 
-0.0441137 0.105574 0.0528329 
-0.0424606 0.122049 0.0446819 
-0.0044167 0.0968384 0.0549075 
0.0514435 0.153114 -0.0195429 
-0.0568622 0.106246 0.0358007 
-0.0326559 0.101384 0.012487 
-0.025567 0.122373 0.030207 
-0.00229608 0.139488 0.0524099 
-0.0346453 0.101142 0.00147144 
-0.0467784 0.108277 0.0529609 
-0.0212171 0.113796 0.0154414 
-0.0440942 0.109506 0.0536246 
-0.0326116 0.102376 0.00353552 
-0.0332775 0.103014 0.00970845 
0.059601 0.16118 -0.0179846 
-0.0293528 0.105072 0.0129907 
-0.0296922 0.0655517 0.0528506 
-0.0183562 0.105171 0.0546014 
-0.0153248 0.105861 0.0561052 
0.0657839 0.144486 -0.0405022 
-0.0531754 0.13353 0.0602723 
-0.0115762 0.104529 0.0565167 
-0.0407604 0.109742 0.0540553 
-0.0247615 0.11237 0.0133942 
-0.00473483 0.155653 0.0380284 
0.0544507 0.163134 -0.0194096 
-0.0504232 0.114758 0.0462225 
-0.046468 0.112561 0.052993 
-0.0431148 0.114235 0.0539857 
0.0453523 0.154666 -0.00783277 
-0.0169348 0.119395 0.0154054 
-0.0391025 0.114269 0.0551261 
-0.0371447 0.116098 0.0557209 
-0.00481107 0.0820666 0.0542046 
-0.0483716 0.11529 0.0410461 
0.0411203 0.153443 -0.00698729 
-0.0263132 0.109166 0.0130709 
-0.0104494 0.154221 0.0430578 
0.0675056 0.146923 -0.0441518 
-0.0156877 0.110783 0.056881 
-0.0527569 0.136692 0.0602782 
-0.0109721 0.109398 0.0573007 
-0.0104796 0.115137 0.0577588 
-0.0456705 0.115986 0.0524751 
-0.0250995 0.112075 0.0515222 
-0.0465879 0.117335 0.0418299 
-0.038469 0.117796 0.0557056 
-0.0451716 0.119345 0.0445011 
-0.0184987 0.113176 0.0562685 
-0.0217495 0.116291 0.0545715 
-0.0510132 0.143898 0.0544931 
-0.0251928 0.111779 0.00957473 
-0.0403758 0.124072 0.0538338 
-0.0553034 0.0843902 0.0470588 
-0.0558623 0.108965 0.0427002 
-0.0240195 0.116775 0.0530108 
-0.053617 0.144137 0.0579566 
-0.018519 0.116657 0.0566106 
-0.0486584 0.137014 0.0604173 
-0.0148938 0.115734 0.0574534 
-0.0427694 0.135687 0.0597117 
0.0508617 0.156506 -0.0169164 
0.0532982 0.144198 -0.00266827 
-0.0582027 0.0864334 0.0463071 
-0.0385672 0.121473 0.0560931 
-0.0581146 0.0902783 0.0471773 
-0.051216 0.113353 0.0415589 
-0.0385344 0.125341 0.0566088 
-0.0212221 0.121685 0.0550671 
-0.018244 0.121524 0.0564239 
-0.0340944 0.102424 0.00646136 
0.0569616 0.14587 -0.0286552 
-0.0144238 0.120884 0.0574371 
0.0548712 0.163488 -0.0176394 
0.0552211 0.148388 -0.00351047 
0.0545896 0.148439 -0.0253811 
-0.0100212 0.12005 0.0575676 
0.038037 0.15225 -0.00130415 
-0.0534449 0.107118 0.0492526 
-0.0259627 0.122553 0.0317042 
-0.0495043 0.0650668 0.0493454 
-0.047202 0.127931 0.0572391 
-0.00972246 0.125129 0.0573605 
-0.0474845 0.129778 0.0572032 
-0.00894602 0.130394 0.0563498 
-0.0256707 0.124353 0.0315607 
-0.0136841 0.126013 0.0570037 
-0.0539978 0.13699 0.0585921 
-0.00278113 0.154618 0.0408581 
-0.0628957 0.0678153 0.0351083 
-0.0172114 0.131748 0.0545908 
-0.00368712 0.131003 0.0549378 
-0.0573184 0.142378 0.0593554 
-0.0562046 0.142316 0.0609731 
-0.052559 0.142384 0.060751 
-0.0477365 0.141569 0.0606671 
-0.0399051 0.138085 0.0601874 
-0.0557478 0.105185 0.0477218 
-0.0160017 0.136282 0.053061 
-0.00310203 0.134349 0.0542139 
-0.0539145 0.111074 0.0415481 
-0.050686 0.143718 0.0526991 
0.0624535 0.145765 -0.0349938 
-0.050114 0.145744 0.0570827 
-0.0518453 0.147456 0.0563113 
0.0544626 0.171747 -0.0196797 
0.067619 0.145276 -0.044114 
-0.0475277 0.146071 0.0588913 
0.0665032 0.14852 0.0129259 
0.0630929 0.148434 -0.0378039 
-0.0477087 0.116355 0.042859 
-0.012438 0.141097 0.0512835 
-0.00763979 0.141777 0.0515058 
-0.0497009 0.149024 0.0583387 
-0.0551903 0.150933 0.0536169 
0.00444384 0.0551149 0.0678194 
-0.0534242 0.151595 0.056827 
-0.0146699 0.14632 0.0387333 
0.0394967 0.147268 -0.00566421 
-0.0547462 0.089329 0.0481224 
-0.0231872 0.120002 0.0538983 
-0.0168079 0.146865 0.0476604 
-0.0150017 0.145566 0.0319293 
0.0605629 0.168719 -0.00477231 
-0.0158572 0.0791194 0.0444097 
-0.0116154 0.144575 0.0488457 
0.0486211 0.181046 0.017645 
0.0626338 0.167054 -0.00809327 
-0.00675217 0.14502 0.0492261 
0.0658505 0.169209 -0.0108856 
-0.00127153 0.14498 0.0489761 
-0.0321921 0.102631 0.0122535 
0.0371509 0.150981 -0.000344093 
-0.0561591 0.15345 0.053969 
0.0543389 0.14722 0.00554858 
-0.0554552 0.153785 0.0555751 
-0.038968 0.129837 0.0584823 
-0.0404951 0.092342 0.00931767 
-0.0576438 0.0952588 0.0478689 
-0.0440681 0.152497 0.0497965 
-0.0133007 0.14637 0.0302733 
0.00284033 0.145467 0.0479349 
-0.0545236 0.0980168 0.049963 
-0.00863832 0.145215 0.0240297 
0.0425182 0.144489 -0.0112534 
-0.00910121 0.147359 0.0470374 
-0.0552026 0.155456 0.055176 
-0.0308867 0.105305 0.00928364 
-0.0430762 0.154603 0.0497652 
-0.0497582 0.109957 0.0512648 
-0.00701819 0.149004 0.028481 
-0.00689707 0.150011 0.0444757 
-0.010398 0.147732 0.0300145 
-0.0193924 0.126686 0.0552134 
-0.00214217 0.149967 0.0439889 
0.0545814 0.171951 -0.0168644 
-0.0101296 0.149035 0.0344322 
-0.010267 0.150379 0.0384973 
-0.0421523 0.0844477 0.00119969 
-0.00222123 0.147906 0.0465569 
-0.0137809 0.136939 0.0532652 
-0.00257186 0.148846 0.0237011 
-0.00470005 0.150482 0.0317434 
-0.0111927 0.152087 0.0418959 
0.0010699 0.150423 0.0434099 
-0.01524 0.0850659 0.046281 
-0.0532945 0.147459 0.0531912 
0.0527412 0.140387 0.00317096 
-0.00153533 0.151568 0.0297517 
-0.00321803 0.151568 0.0321999 
-0.0108182 0.154229 0.0413403 
-0.0151886 0.133512 0.0543906 
-0.00778489 0.154323 0.0427034 
0.00558565 0.150712 0.0408088 
0.00980708 0.0629883 0.0606159 
0.0553331 0.138619 -0.0278281 
0.005584 0.151447 0.040503 
-0.0343672 0.0645173 0.0522106 
0.000247858 0.0594139 0.0639275 
-0.0213364 0.106373 0.0531164 
0.0557302 0.141208 -0.0281304 
-0.0189795 0.0919047 0.0466716 
0.0540686 0.143611 0.000194195 
-0.0161304 0.0892235 0.0479698 
0.0531231 0.14189 0.00292778 
0.050799 0.154106 -0.017022 
-0.0187818 0.14274 0.0393469 
0.0625574 0.143097 0.00542994 
0.0485322 0.144052 -0.018766 
-0.0667032 0.0744215 0.0254022 
0.0660162 0.144135 0.00767085 
0.0510876 0.146976 -0.0209732 
0.0469876 0.148366 -0.014919 
-0.0526148 0.072638 0.046206 
0.0388133 0.150169 -0.00504933 
-0.0197005 0.0953975 0.0485519 
0.0558765 0.148455 -0.000264741 
0.0638954 0.147745 0.00381816 
0.0084895 0.156813 0.0309527 
0.0558516 0.149367 0.00412467 
0.0669936 0.147588 0.0073328 
0.0653303 0.148932 0.0190203 
0.0660464 0.148483 0.00422242 
0.0660123 0.149284 0.021937 
0.0537883 0.14801 -0.0233174 
-0.0466532 0.111519 0.0530935 
0.0481874 0.149287 -0.0171537 
-0.0608441 0.0729192 0.040787 
0.0638161 0.146841 -0.0376954 
0.0713652 0.147444 -0.0473346 
0.0654675 0.147426 -0.0413146 
0.0638127 0.151426 -0.0353412 
0.0591371 0.149942 -0.0319356 
0.0571125 0.152786 -0.005496 
