-0.0384269 0.195503 -0.0037812 
-0.0142108 0.192635 -0.0251942 
-0.0401924 0.19159 -0.00070064 
-0.0434891 0.189529 0.000836309 
-0.0430442 0.191804 -0.000595058 
-0.0152979 0.190752 -0.0235297 
-0.0196046 0.187883 -0.0182051 
-0.0227313 0.186608 -0.0146847 
-0.025496 0.185366 -0.0113353 
-0.0275284 0.18624 -0.0104139 
-0.0285198 0.184692 0.011014 
-0.044832 0.186528 0.00198297 
-0.0234006 0.183493 -0.0130874 
-0.0523554 0.183454 -0.0142802 
-0.034252 0.183275 -0.00243965 
-0.0334534 0.18151 0.0145129 
-0.0461896 0.182466 0.00381458 
-0.0457587 0.180476 0.00542093 
-0.0508692 0.18016 0.0181246 
-0.0579211 0.180189 0.0211722 
-0.0767436 0.181154 0.0388304 
-0.081573 0.179952 0.0433802 
-0.0302827 0.181745 0.0145118 
-0.0349372 0.179717 0.0161271 
-0.0377643 0.179399 0.0151381 
-0.0413676 0.181507 0.00445372 
-0.0536848 0.17979 0.0203534 
-0.0588797 0.179651 0.0226872 
-0.045945 0.178681 0.0138265 
-0.0592878 0.178695 0.0244104 
-0.0324251 0.177896 0.0171969 
-0.0228278 0.17493 0.0071192 
-0.024257 0.174945 0.00810576 
-0.0307598 0.176103 0.0131271 
-0.0320291 0.175698 0.0131337 
-0.0360542 0.176839 0.0177393 
-0.0391878 0.175105 0.0193035 
-0.0761623 0.17743 0.0488517 
-0.0795701 0.177861 0.0451495 
-0.083931 0.177101 0.0413592 
-0.0879631 0.176653 0.0397488 
-0.090649 0.175425 0.0380193 
-0.0450624 0.176153 0.0233406 
-0.0597631 0.173798 0.0285311 
-0.0414233 0.173295 0.0223056 
-0.0140021 0.17261 -0.0011128 
-0.0326399 0.172158 0.0163509 
-0.0161668 0.172349 0.00060681 
-0.0191418 0.171538 0.00314628 
-0.0225555 0.17213 0.0066461 
-0.0242053 0.171072 0.00779542 
-0.0269795 0.172207 0.0106964 
-0.0307694 0.172202 0.0135046 
-0.0323495 0.171101 0.0147219 
-0.0352259 0.172306 0.017944 
-0.03912 0.171957 0.0209547 
-0.0412189 0.17067 0.0237433 
-0.0437088 0.171932 0.025026 
-0.0472037 0.172087 0.0276334 
-0.061117 0.170626 0.0462065 
-0.0649288 0.171754 0.0473153 
-0.0713146 0.172403 0.0500289 
-0.0752065 0.172536 0.0471974 
-0.0759663 0.17161 0.0454497 
-0.0416828 0.186052 0.00289059 
-0.0792281 0.170216 0.0353894 
-0.0791406 0.172335 0.0426109 
-0.0877055 0.172274 0.037924 
-0.0735978 0.169525 0.0481683 
-0.0499294 0.169009 0.0295872 
-0.0903067 0.169362 0.0349069 
-0.0244263 0.167009 0.00760419 
-0.0271785 0.166742 0.0110513 
-0.0333858 0.165107 0.0185058 
-0.0347446 0.167599 0.0179366 
-0.0379101 0.167195 0.0217935 
-0.0409483 0.16673 0.0258638 
-0.0460876 0.167656 0.0295458 
-0.0483672 0.166336 0.0328352 
-0.0513404 0.165916 0.0378141 
-0.0535891 0.166373 0.0402045 
-0.0741219 0.165547 0.0297496 
-0.0785453 0.166556 0.0323355 
-0.0818993 0.16713 0.0353009 
-0.0854598 0.165292 0.0309772 
-0.089261 0.167033 0.0331436 
-0.0242697 0.163807 0.00832718 
-0.0326061 0.163337 0.0174918 
-0.0683587 0.164266 0.045327 
-0.0848065 0.163967 0.0328911 
-0.0117611 0.162038 -0.00228968 
-0.0501254 0.171649 0.0285833 
-0.0649552 0.162139 0.0191535 
-0.0661741 0.163522 0.0450468 
0.0290852 0.1593 -0.033372 
-0.0558523 0.1664 0.0420344 
0.0170717 0.160464 -0.0284579 
0.0133105 0.160189 -0.0267045 
0.00500469 0.160125 -0.0235597 
-0.015953 0.16215 0.00141962 
-0.0412673 0.162849 0.0253085 
-0.0356905 0.185143 -0.00217208 
-0.0430373 0.162184 0.0270593 
-0.0514098 0.163506 0.0368306 
-0.0535351 0.162446 0.0377413 
-0.071956 0.17933 0.0400898 
-0.0635718 0.163326 0.0439193 
-0.0761665 0.162455 0.0287249 
-0.0829493 0.161041 0.0266781 
-0.0186914 0.161805 0.00342456 
-0.0266038 0.162082 0.0110914 
-0.0380525 0.162376 0.0214123 
-0.0417898 0.160203 0.019727 
-0.0468839 0.160008 0.0182717 
-0.0509184 0.159975 0.0152926 
-0.0659454 0.160337 0.0164595 
-0.0676615 0.162289 0.0439916 
-0.0159547 0.159044 0.00248662 
-0.0887736 0.159894 0.0555622 
-0.0909676 0.159894 0.0558563 
0.0173283 0.158076 -0.0272961 
-0.0702815 0.15914 0.018882 
0.014308 0.157458 -0.0260251 
0.0105124 0.158077 -0.0248477 
-0.0638767 0.158305 0.0116275 
-0.0749611 0.159153 0.0218652 
-0.0786648 0.158519 0.0225994 
-0.061562 0.157444 0.00761003 
0.0264037 0.154905 -0.0253201 
0.021337 0.155033 -0.0204935 
0.0129222 0.155398 -0.0209693 
0.00775159 0.156811 -0.0231268 
0.00420672 0.157506 -0.0223934 
-0.0514372 0.157929 0.0157657 
-0.0907837 0.158399 0.0560825 
0.0141377 0.154407 -0.0171996 
0.0113178 0.154422 -0.0174586 
0.00136208 0.156011 -0.0206298 
-0.00582425 0.155142 -0.018489 
-0.0075289 0.154784 -0.0185502 
-0.0185512 0.157403 0.00422397 
-0.0216267 0.157182 0.00758283 
-0.0334687 0.157324 0.018135 
-0.0473634 0.157747 0.0187663 
-0.0543968 0.157091 0.0131991 
0.0274861 0.153795 -0.0242215 
-0.0242164 0.156844 0.010038 
-0.0265168 0.156728 0.0117927 
-0.0301952 0.156853 0.0138984 
-0.032517 0.156589 0.0153642 
-0.0410855 0.155818 0.02435 
-0.0502441 0.155689 0.0204108 
-0.0432063 0.164494 0.0287698 
-0.085455 0.157644 0.0540545 
-0.055657 0.15794 0.0109211 
-0.088364 0.157613 0.054934 
0.0373136 0.153213 -0.0349217 
0.0348682 0.153273 -0.0339009 
-0.0523151 0.154475 0.0227957 
-0.0581549 0.154598 0.0252872 
-0.0743155 0.155003 0.0510823 
-0.0595032 0.16753 0.0447464 
-0.0771214 0.155254 0.0502868 
-0.0794533 0.155781 0.0506996 
-0.0824451 0.156315 0.05226 
-0.0869713 0.155062 0.0516399 
0.0240062 0.153535 -0.0198485 
-0.0650934 0.167905 0.0472072 
0.0178339 0.153202 -0.0170436 
0.00623781 0.153119 -0.0166062 
0.00149101 0.15332 -0.0189521 
-0.0752601 0.154327 0.0515784 
-0.0280991 0.182187 -0.00837713 
0.030145 0.152572 -0.0234139 
-0.00771765 0.152935 -0.0176564 
0.0106991 0.152719 -0.0151705 
0.0435734 0.149203 -0.0376849 
0.0402186 0.1517 -0.0365947 
0.0315695 0.149739 -0.0197242 
-0.0361223 0.18242 -0.000154432 
0.0253756 0.150143 -0.0167197 
0.0217382 0.151785 -0.0165845 
0.019066 0.150225 -0.014206 
0.00434568 0.151092 -0.0138534 
-2.36765e-05 0.151281 -0.016416 
-0.00474477 0.151931 -0.0173677 
-0.0241546 0.152819 0.0100363 
-0.0669425 0.152982 0.0438754 
-0.00822256 0.149446 -0.0157264 
-0.0777619 0.170219 0.0351146 
-0.0157789 0.164541 0.0014128 
-0.0159469 0.151181 0.00103389 
-0.0186987 0.152322 0.00323257 
-0.0225895 0.151995 0.00838586 
-0.057709 0.152748 0.0290736 
-0.000983565 0.149054 -0.014036 
-0.0379227 0.182283 0.00153551 
-0.0146836 0.149154 -0.000118036 
-0.0349067 0.161902 0.0187424 
-0.0264846 0.151911 0.0115825 
-0.0327362 0.160414 0.0156241 
-0.0302392 0.152024 0.0143062 
-0.0327696 0.150522 0.017537 
-0.0380767 0.152222 0.022136 
-0.0412492 0.151906 0.0251343 
-0.0147051 0.150816 2.90728e-05 
-0.0432465 0.152995 0.0264447 
-0.0463669 0.15251 0.0293924 
-0.0516885 0.152682 0.0328933 
-0.0868066 0.152406 0.0458291 
-0.0885532 0.151026 0.0440964 
0.0377067 0.147901 -0.0236124 
0.00419687 0.14909 -0.0115368 
-0.0163073 0.148729 0.000523032 
-0.0516842 0.149808 0.0347034 
-0.054785 0.150949 0.0359588 
-0.0577236 0.150024 0.0387535 
-0.0649611 0.152113 0.0442956 
-0.0665306 0.150575 0.046469 
-0.0683492 0.151341 0.0479567 
-0.0713193 0.15197 0.051181 
-0.0741918 0.151404 0.0542922 
-0.0780416 0.152712 0.0532087 
-0.0798406 0.150569 0.0557261 
-0.0868164 0.151628 0.0504688 
0.0825062 0.146978 -0.0419396 
-0.0190909 0.149013 0.00326129 
-0.0685497 0.149449 0.0492092 
-0.0600848 0.14904 0.041501 
0.075954 0.145377 -0.0402816 
0.0658973 0.146094 -0.0394885 
0.0600883 0.14569 -0.0381858 
0.0392914 0.146113 -0.0237755 
0.0380328 0.145487 -0.0223226 
-0.0222859 0.148375 0.0068833 
0.0356346 0.146986 -0.0213181 
-0.0432885 0.150299 0.0282917 
0.0292301 0.147746 -0.0174304 
-0.0347584 0.152151 0.0190603 
0.0260019 0.146613 -0.01524 
0.0724612 0.091704 -0.0117392 
-0.0347359 0.0830501 0.0400465 
0.0292255 0.0932367 -0.0158996 
0.0424848 0.0878402 0.0105462 
0.00182287 0.12214 -0.000151834 
0.0389971 0.0936562 0.00420756 
-0.0233856 0.0946088 0.0144377 
0.032184 0.14627 -0.018235 
-0.0197865 0.132231 -0.00790786 
0.00873257 0.0907462 -0.0182468 
-0.0908156 0.172059 0.0365713 
-0.0831108 0.152666 0.0516901 
-0.0568756 0.0980442 0.0411545 
0.0207509 0.121613 -0.0265402 
-0.072757 0.142562 0.0579855 
-0.082973 0.150298 0.0540963 
-0.0599122 0.0962137 0.042701 
-0.0862135 0.168878 0.0363209 
-0.0596831 0.164364 0.0432665 
-0.078839 0.0979792 0.031246 
0.0751227 0.132093 -0.0430111 
-0.0810048 0.0958363 0.027706 
-0.0107928 0.0548512 0.0325736 
-0.0611681 0.107652 0.0386627 
0.00444453 0.131947 -0.00300546 
0.0328531 0.141946 -0.0171562 
0.0508181 0.0923884 0.0111941 
0.0433525 0.0925446 0.00889563 
-0.0676735 0.0980579 0.0415163 
-0.0719526 0.0979552 0.0392614 
-0.0357487 0.127502 0.017936 
-0.0809659 0.095168 0.0280715 
-0.0285874 0.0923435 0.018605 
-0.0123377 0.093149 0.012788 
-0.0341532 0.0556521 0.0525784 
-0.0150885 0.0919049 0.0143883 
-0.012553 0.0901216 0.0143248 
0.0200387 0.0680047 0.000505683 
-0.0248846 0.0927183 0.0174775 
0.0272823 0.156736 -0.031004 
0.0677868 0.089746 -0.0100953 
0.0339531 0.0829801 0.00543009 
0.0731971 0.087878 -0.00962078 
-0.0783722 0.142339 0.04121 
-0.0239434 0.0901725 0.0198768 
-0.0626183 0.166239 0.0454842 
0.0361661 0.149601 -0.0238728 
0.0294336 0.0887353 -0.0151626 
0.0674813 0.0607608 -0.00481248 
-0.0487545 0.0873222 0.042294 
-0.0868637 0.159884 0.0548099 
-0.0785726 0.144881 0.0579578 
0.0262185 0.0882868 -0.0137198 
0.0235866 0.0865197 -0.0121991 
0.0201773 0.0876966 -0.0128376 
0.0353477 0.0961057 -0.0186929 
-0.0764791 0.10775 0.0284033 
-0.0277763 0.142603 0.00927018 
-0.0333461 0.0917426 0.03707 
0.052503 0.0881461 0.00964239 
0.0302995 0.0868512 0.00228223 
-0.0415486 0.0923416 0.0408259 
0.0455424 0.107293 0.000693897 
-0.0528381 0.0928766 0.0415452 
-0.0557107 0.116081 0.0340645 
-0.056658 0.093417 0.0424578 
-0.0594401 0.0925246 0.043442 
0.0616086 0.0835515 -0.00839604 
0.0362062 0.123915 -0.017888 
-0.0494131 0.151781 0.0319672 
-0.0736023 0.0631786 0.0306172 
-0.00800624 0.0954949 0.011357 
-0.0143176 0.0880206 0.0163437 
-0.0681393 0.0930038 0.0427674 
-0.00516099 0.0929555 0.00825318 
0.0363482 0.12728 -0.0179154 
0.0146171 0.083071 -0.0122805 
-0.0326824 0.167447 0.0160196 
-0.0712374 0.101772 0.0382759 
-0.0267254 0.0864991 0.0349023 
-0.0231433 0.128902 -0.00648711 
-0.0728092 0.0882098 0.0409008 
0.0779052 0.128671 -0.0444819 
-0.0531852 0.178469 0.0209265 
-0.0264217 0.147402 0.011034 
0.00976509 0.0951847 -0.0202309 
-0.0431602 0.168746 0.0263805 
0.0331544 0.127332 -0.0179037 
0.0250273 0.082934 0.00122297 
0.0180594 0.0812116 -0.00359349 
-0.0685416 0.0833522 0.0435385 
-0.00347372 0.0682847 0.0249805 
-0.0433354 0.107263 0.0301784 
-0.0411664 0.0880505 0.0415999 
-0.00627009 0.132254 -0.00107067 
-0.0522669 0.0881086 0.0423514 
0.0421269 0.0578552 0.0106682 
-0.087849 0.141781 0.0384281 
0.0515772 0.0842956 0.00966819 
-0.0787136 0.0917641 0.0350327 
-0.0591651 0.0879919 0.0440714 
0.0507834 0.0843704 0.0103909 
0.0800597 0.136344 -0.0437701 
-0.0634979 0.0882027 0.0442572 
-0.0789492 0.0872254 0.0349116 
-0.0390503 0.186449 0.000926674 
-0.0832023 0.172402 0.03957 
-0.0193796 0.0842806 0.0207846 
-0.0242468 0.150246 0.00903653 
0.0126218 0.12823 -0.00888893 
-0.0409803 0.0961444 0.0376616 
0.0764261 0.0781021 -0.0081354 
-0.0651889 0.0655332 0.0405445 
0.0743628 0.0766118 -0.00643782 
-0.0660919 0.0632543 0.0379839 
-0.0535188 0.0967212 0.0403679 
-0.0533916 0.159943 0.012895 
-0.00235542 0.135849 -0.00233205 
0.0279944 0.0659291 -0.000216999 
-0.0140957 0.0832313 0.0180887 
-0.0683778 0.0882433 0.0433165 
0.0480161 0.0828395 0.0117612 
0.0324016 0.0582302 0.0101612 
-0.0181549 0.119054 0.000804317 
0.0682567 0.0771277 -0.00332303 
-0.0566349 0.173005 0.0296103 
0.0645483 0.0778541 -0.00296586 
0.0647827 0.0927786 -0.0142423 
-0.000294376 0.0994174 0.00305853 
-0.0826368 0.0697535 0.0102619 
-0.00202263 0.146597 -0.0110907 
-0.0232082 0.0819638 0.0342715 
-0.0702886 0.0638079 0.0352244 
-0.0485416 0.162758 0.0336136 
-0.0253806 0.083673 0.0353505 
-0.0314326 0.0821208 0.0388792 
-0.0140971 0.0611419 0.0355837 
0.0428351 0.0786867 0.0114108 
0.0116385 0.0915134 -0.0171129 
0.0378004 0.0785258 0.00853438 
0.0264617 0.0926625 -0.0150311 
0.0265067 0.160056 -0.0315938 
0.0338478 0.0781408 0.00495319 
0.028965 0.0780356 0.00453278 
0.0200172 0.123919 -0.024284 
-0.0154243 0.0796346 0.0194457 
-0.0251127 0.0803116 0.0361774 
-0.0517951 0.181801 -0.0135678 
-0.0169854 0.0681371 0.0373317 
0.00750655 0.0802139 -0.0150988 
-0.0127969 0.101919 0.0095829 
-0.0451767 0.162511 0.0298225 
0.047333 0.0878103 0.0125594 
-0.0286926 0.0831973 0.0374862 
-0.0488558 0.0836681 0.0421806 
0.0334575 0.150131 -0.0222783 
-0.0595543 0.150194 0.0396754 
0.0310322 0.0889515 -0.0162358 
0.0436039 0.0658022 0.000746962 
0.0366348 0.0921907 0.00268822 
-0.063654 0.083311 0.0443965 
0.0459125 0.0747092 0.00971945 
-0.0868561 0.167316 0.0337828 
-0.0241319 0.0591579 0.0498666 
0.019648 0.146752 -0.0128233 
0.0328457 0.0688099 0.00715284 
-0.0328493 0.0680892 0.0562609 
-0.0100303 0.0779232 0.0201895 
-0.0100018 0.0875349 0.0170278 
-0.0450502 0.101782 0.0341499 
-0.0462394 0.0832614 0.0421598 
0.0682743 0.0727126 -0.00242155 
-0.00803598 0.0882066 0.01514 
-0.0794342 0.0735728 0.0287171 
0.0391581 0.123557 -0.0187635 
0.0151779 0.0875877 -0.0137052 
0.0638198 0.0892599 -0.012158 
-0.0541212 0.0680457 0.0426822 
-0.0274574 0.181695 -0.00902277 
0.0281777 0.151285 -0.0194028 
0.0581273 0.073121 -0.000683413 
0.0207943 0.0651628 0.00162134 
0.0360213 0.074397 0.00854223 
-0.0172314 0.0761536 0.0310307 
0.0535894 0.0732793 -0.00103638 
-0.00671073 0.146607 -0.013881 
0.0491193 0.0714196 -6.53707e-05 
-0.0324127 0.0790389 0.0473511 
-0.0220672 0.0784613 0.0343717 
-0.0251082 0.0792783 0.0362596 
-0.037361 0.0792204 0.0453947 
0.0751299 0.128548 -0.0438646 
0.0429298 0.072916 0.0103114 
-0.0287902 0.176565 0.010568 
0.0120089 0.0730683 -0.011304 
0.0376887 0.0729543 0.0100182 
0.0277718 0.107538 -0.017238 
0.0294038 0.0730074 0.00349613 
0.0213673 0.0929007 -0.0147279 
0.0778775 0.131315 -0.0441861 
0.0519274 0.0631749 0.00126662 
0.0198687 0.0730781 0.00108907 
0.0387421 0.154785 -0.0364196 
-0.025516 0.0766351 0.0449066 
-0.0359418 0.0918821 0.0388901 
-0.0228247 0.105749 0.00500479 
-0.0537303 0.140281 0.0111832 
0.0741156 0.0692836 -0.00577155 
0.0287236 0.0620268 0.0127861 
-0.0834734 0.179955 0.0419576 
-0.0406615 0.178604 0.00480958 
0.0562994 0.117307 -0.0339062 
0.0191499 0.0840325 -0.0114556 
0.0291128 0.0653075 -0.000678572 
0.0566968 0.0786383 -0.0052093 
-0.0242002 0.0627081 0.0495934 
0.0546684 0.0764034 -0.00304204 
-0.0243903 0.147109 0.00981669 
-0.0508532 0.0766793 0.0468213 
-0.0632051 0.0977131 0.0423374 
0.0505534 0.0551068 -0.00202975 
0.0328257 0.132277 -0.0171093 
-0.0340398 0.0802187 0.0401362 
0.0335006 0.0536308 -0.00573729 
0.0543586 0.121637 -0.0366933 
-0.0560952 0.088308 0.0433691 
0.0607845 0.0812592 -0.00629793 
-0.0396232 0.0757109 0.0507135 
0.071822 0.0731068 -0.00442057 
-0.0131348 0.141367 -0.0114878 
-0.0728471 0.0782943 0.040776 
0.0351326 0.0934411 -0.0188245 
-0.00203128 0.155917 -0.0199062 
-0.0467618 0.15547 0.0283628 
-0.0765957 0.0783047 0.0373038 
-0.00650412 0.102371 0.00743795 
0.0424473 0.13755 -0.0220148 
0.0659271 0.0958989 -0.0155647 
0.0166885 0.0811569 -0.00539046 
-0.00029003 0.102671 0.00310372 
0.019951 0.125337 -0.0224004 
-0.0420002 0.109196 0.0281281 
-0.0691178 0.120667 0.0242821 
-0.00281834 0.0719448 0.0241241 
-0.0264971 0.0988528 0.00738388 
-0.0269281 0.0963019 0.0105504 
0.00809141 0.0876239 -0.0172804 
-0.00649775 0.0729951 0.0249863 
-0.0104278 0.0728389 0.0235771 
-0.0533596 0.131905 0.0207444 
-0.0444923 0.0752885 0.046779 
0.0651736 0.0676062 -0.000975957 
0.0166851 0.14144 -0.0100219 
-0.041335 0.117461 0.0253343 
-0.0590199 0.0833163 0.0442446 
-0.0166464 0.106045 0.00769307 
-0.0372089 0.147398 0.0221877 
-0.0143681 0.0545761 0.0316637 
0.0477958 0.0589539 0.000199479 
-0.0720876 0.161985 0.0236862 
0.00816903 0.127117 -0.00472353 
0.0158467 0.0919377 -0.0152403 
-0.0385997 0.0600018 0.0580686 
0.055271 0.131949 -0.040472 
-0.090595 0.0592477 0.0134293 
0.0171803 0.154771 -0.0191271 
0.0580294 0.0628262 0.000582742 
-0.000294543 0.108266 0.00298815 
-0.0842749 0.0705341 0.0106089 
-0.00970633 0.0829077 0.0192971 
-0.029436 0.0985007 0.00503695 
0.0597068 0.0785433 -0.00406974 
-0.0267629 0.0637467 0.0497718 
-0.0494892 0.0637734 0.053292 
-0.07549 0.0613537 0.0162209 
-0.067274 0.0685274 0.0410586 
-0.0361822 0.141754 0.0175082 
-0.0635678 0.0783383 0.0442538 
0.0521721 0.0967116 0.00806425 
-0.0752906 0.0602536 0.0156175 
-0.0523893 0.184373 -0.0147152 
0.04007 0.091982 0.00548659 
-0.0138086 0.0721362 0.0290252 
-0.0129539 0.122297 0.00172887 
-0.00532364 0.0624967 0.030781 
0.0168695 0.137396 -0.0098318 
0.0419243 0.0830757 0.010239 
0.0426738 0.126902 -0.0203879 
0.00738932 0.137339 -0.00537639 
-0.00647023 0.081389 0.0190922 
-0.0198848 0.190103 -0.0195706 
-0.0330053 0.0742652 0.0558469 
0.0131371 0.146622 -0.010665 
-0.0748556 0.09753 0.0367616 
0.0337262 0.073236 0.00473104 
-0.0410885 0.083298 0.0417672 
0.0563857 0.0541887 -0.00397583 
-0.0780583 0.0628059 0.0176373 
0.0413064 0.116232 -0.00398228 
0.0449553 0.0833611 0.0129908 
0.0287479 0.0588756 0.012744 
0.0383102 0.083174 0.00711794 
0.0708533 0.0824308 -0.0061254 
-0.0796552 0.0674169 0.0175435 
-0.0492565 0.0671912 0.0532314 
-0.000368926 0.0640059 0.0250131 
-0.0630502 0.0929691 0.0434327 
-0.0590098 0.0734433 0.0438316 
0.0585358 0.0548599 -0.0044742 
-0.00943994 0.138436 -0.00682614 
0.0325484 0.102344 -0.0167927 
-0.0804241 0.176149 0.043174 
0.0141484 0.0666493 0.00268751 
-0.072321 0.168947 0.0480749 
-0.0280454 0.0947626 0.013004 
-0.0667687 0.104397 0.0391349 
0.0192645 0.0909125 -0.0141807 
-0.0815511 0.082947 0.0297471 
0.00742791 0.0573774 0.0101997 
0.0725228 0.144944 -0.0392677 
-0.0200644 0.0750523 0.0333419 
0.0620156 0.145969 -0.0368063 
-0.0351829 0.0630823 0.0581617 
-0.00230673 0.0634728 0.0274412 
-0.0203296 0.128177 -0.00634857 
0.0231091 0.141061 -0.0130316 
0.0245386 0.0647938 0.00172568 
-0.0791106 0.0842675 0.0349428 
0.0636649 0.0592409 -0.00333898 
-0.0308867 0.137498 0.0114085 
-0.0421836 0.0691578 0.0614416 
0.00903361 0.150702 -0.0127211 
-0.052737 0.0620743 0.0397618 
-0.0138893 0.161959 -0.000256573 
-0.0465001 0.058674 0.0555012 
-0.0844331 0.0630944 0.0185845 
0.0152098 0.0797055 -0.00570791 
0.0230194 0.054154 -0.00942698 
0.0385608 0.0881242 0.00672971 
-0.0736875 0.0647512 0.0322775 
0.065437 0.126991 -0.0402898 
-0.0475371 0.12563 0.0265861 
-0.0797187 0.147855 0.0571707 
-0.0870763 0.0683133 0.0123317 
-0.0549416 0.0587328 0.0370404 
-0.0728164 0.11271 0.0289103 
0.0758143 0.098203 -0.0186101 
0.0203127 0.15504 -0.0205646 
0.0552519 0.0639713 0.00132593 
0.0474463 0.0925544 0.01171 
-0.0564186 0.178299 0.0237565 
-0.0242607 0.147848 0.0089362 
0.0775862 0.0876776 -0.0127152 
-0.0381569 0.0835174 0.0412135 
-0.0828491 0.0672197 0.0176558 
-0.0255576 0.117944 -0.00271014 
-0.0331242 0.0762079 0.0554166 
-0.0481246 0.177566 0.0228889 
-0.0920415 0.0597009 0.0134031 
0.00982955 0.058246 0.0110067 
-0.0640213 0.0583851 0.0336691 
0.0158994 0.0729947 -0.00241962 
-0.0352303 0.074981 0.0572273 
-0.00987769 0.112205 0.00617044 
-0.0161226 0.0601302 0.0355005 
-0.0304306 0.167172 0.0143166 
-0.0172952 0.122386 -0.000497219 
0.0133327 0.0731151 -0.00554804 
-0.0274929 0.112355 -0.000903421 
0.0585125 0.076271 -0.00233264 
-0.0298674 0.0636669 0.0541668 
-0.038283 0.0883617 0.0410108 
-0.0619876 0.055577 0.0303609 
0.0413545 0.0772567 0.0113569 
-0.042165 0.0746528 0.0522478 
-0.0798891 0.093181 0.031914 
0.0244089 0.0594487 0.017189 
0.0207779 0.0593754 0.020606 
0.0287891 0.122199 -0.0199817 
0.03881 0.0768863 0.0102891 
0.0619891 0.0725067 -0.000621318 
0.0326516 0.0976631 -0.0170581 
0.0432134 0.0630546 0.000725244 
-0.0597762 0.145842 0.0437931 
0.00987969 0.0639225 0.0017865 
-0.0430515 0.10279 0.0313178 
0.0299758 0.0647404 0.00738532 
-0.0501798 0.0687508 0.0502378 
-0.0359333 0.0725429 0.0621126 
-0.0382498 0.156671 0.0214178 
0.0141141 0.0577605 0.0212168 
0.0175819 0.110139 -0.0262259 
-0.0452257 0.0733287 0.0522017 
0.0130088 0.0574479 0.0211872 
0.0776402 0.0936672 -0.0166875 
-0.0327309 0.0637243 0.0568517 
-0.00841127 0.0546994 0.0323712 
-0.0586055 0.109896 0.0373261 
-0.00991899 0.102701 0.00869349 
0.00779173 0.132174 -0.00476616 
-0.0294445 0.102299 0.00293264 
-0.0549989 0.137999 0.0106481 
0.0296945 0.141372 -0.0155548 
0.0438411 0.0832682 0.0124105 
-0.0588208 0.157506 0.0078743 
-0.0405343 0.141131 0.0172279 
0.0573896 0.10904 -0.0308689 
0.0717593 0.0680462 -0.00427532 
-0.0727744 0.0833518 0.0412405 
-0.0368733 0.0554122 0.0533795 
0.062112 0.0680546 7.63202e-05 
-0.0386826 0.0769255 0.0477707 
-0.0713594 0.0694188 0.0389773 
-0.0202632 0.0689081 0.0393995 
0.0653905 0.131335 -0.0391931 
0.0103687 0.0771251 -0.0127184 
-0.0820487 0.140959 0.0340617 
-0.0428922 0.0773262 0.0456596 
-0.0706584 0.117957 0.0248918 
-0.0642653 0.0602159 0.0360108 
0.0485811 0.101684 -0.0320672 
0.00963036 0.0793173 -0.0136554 
-0.0833213 0.142812 0.0400246 
-0.0458101 0.0929775 0.0408051 
-0.0533485 0.0562624 0.0339495 
0.0225747 0.0896497 -0.0134069 
0.0509218 0.0881901 0.0111106 
-0.0767492 0.10585 0.0299517 
0.0129789 0.0683538 -0.0105325 
-0.0163032 0.128836 -0.0040678 
0.0704481 0.0863605 -0.00783934 
-0.0816975 0.087707 0.0293223 
-0.0169506 0.191139 -0.0223378 
0.0365912 0.155532 -0.0354451 
-0.024567 0.0742474 0.0436893 
0.0722551 0.135385 -0.0408794 
-0.0278549 0.0583485 0.0498559 
0.0762566 0.0892696 -0.0121858 
0.0549971 0.126941 -0.0387438 
-0.0331279 0.0566264 0.0533918 
0.0299919 0.053729 -0.00662325 
0.0500868 0.0559224 -0.00133978 
-0.0565494 0.133712 0.0147887 
-0.0121527 0.0693363 0.0282168 
-0.0098172 0.066955 0.0272354 
0.0778671 0.0907779 -0.015077 
-0.0758433 0.167537 0.0323216 
0.0200915 0.16018 -0.0293938 
-0.0630288 0.126479 0.0215296 
0.0763912 0.0825633 -0.00941568 
-0.0554197 0.127254 0.0257528 
-0.0250195 0.0894498 0.0212359 
0.0633806 0.0868686 -0.0104781 
-0.0414408 0.0798063 0.0437223 
0.0324185 0.0632666 0.00945207 
0.0684708 0.0927566 -0.0120104 
-0.00860313 0.0925904 0.0135283 
-0.072259 0.0730948 0.0395382 
0.0100854 0.0828898 -0.0143589 
0.0391609 0.0674409 0.00915237 
-0.0412338 0.19493 -0.00246893 
-0.0105672 0.0748739 0.0203658 
0.0649879 0.062749 -0.00196925 
-0.0896675 0.0600983 0.0133958 
-0.0272195 0.0915071 0.0195496 
-0.0606489 0.066613 0.0421374 
-0.0310589 0.0561685 0.0494816 
-0.0504211 0.0979523 0.0389755 
-0.00390203 0.074233 0.0226738 
-0.0785251 0.073137 0.0317227 
-0.0424274 0.0590323 0.0572146 
-0.00514883 0.148921 -0.0154684 
0.0417414 0.111961 -0.00175087 
0.0647062 0.0815417 -0.00490725 
0.013543 0.0800346 -0.0117468 
-0.058815 0.0556813 0.032775 
-0.0182932 0.11665 0.00206354 
0.0143856 0.0552661 0.0209489 
-0.0245852 0.0669432 0.0480883 
-0.0318541 0.0893909 0.0376193 
-0.0446508 0.0552654 0.0545008 
0.0166085 0.0942982 -0.0159257 
-0.0140659 0.0636007 0.0359105 
-0.0301039 0.0952888 0.00951676 
0.00260216 0.146726 -0.00957186 
-0.0899148 0.0671236 0.0115438 
-0.0509098 0.184373 -0.0150983 
-0.0164717 0.0732856 0.0309685 
0.0268017 0.0585575 0.0143389 
-0.0148493 0.164519 0.000484913 
-0.0350094 0.0879247 0.0397713 
-0.0457079 0.055901 0.0547006 
0.0782236 0.0833473 -0.0112242 
0.058334 0.131816 -0.0387027 
0.00423634 0.13685 -0.00406242 
-0.0848135 0.0599556 0.0188495 
-0.00274454 0.0978526 0.00571245 
0.0396724 0.132074 -0.0192947 
-0.0836571 0.148668 0.0540241 
0.00751508 0.083283 -0.0161765 
-0.0710788 0.0597818 0.0283236 
-0.0295601 0.0872491 0.0370249 
0.0303071 0.157411 -0.0326693 
0.0669528 0.0873375 -0.00857711 
-0.0360737 0.0582313 0.0562553 
-0.053358 0.0551927 0.0315103 
0.0518242 0.067743 0.00096169 
-0.0170703 0.0636587 0.036774 
-0.084013 0.0681651 0.0130214 
-0.0136257 0.0785024 0.0189746 
-0.0473198 0.0999951 0.0366478 
-0.046668 0.0684682 0.0556025 
-0.0680688 0.0732729 0.0424501 
-0.0607193 0.0993303 0.0416043 
-0.0713498 0.0670435 0.0368339 
-0.021401 0.0915086 0.0176353 
0.0140845 0.0634497 0.0126 
0.013725 0.0769493 -0.00578035 
-0.0789924 0.162452 0.030979 
-0.0327904 0.0598319 0.055902 
-0.0698741 0.0617022 0.0323817 
-0.0593812 0.0578365 0.035269 
0.0514017 0.0592738 0.000385653 
0.00868245 0.0551883 0.0100055 
-0.00468778 0.125118 0.00171534 
-0.0800509 0.082949 0.0324682 
-0.0427604 0.0635375 0.0589673 
0.0378283 0.112349 -0.00385119 
0.0162775 0.0777749 -0.0032797 
0.0178741 0.111865 -0.027471 
-0.0590952 0.0783763 0.0442417 
-0.0420604 0.113168 0.0272618 
0.064691 0.0732351 -0.00146909 
0.00475051 0.122579 -0.00209723 
-0.0625278 0.179491 0.0258749 
0.0123616 0.150074 -0.0126258 
-0.0765623 0.0929836 0.0371187 
-0.0513345 0.140032 0.0140129 
-0.0608369 0.0600477 0.037524 
-0.0488386 0.0599635 0.0533731 
0.0368185 0.0536105 -0.00506974 
0.0128828 0.0553331 0.0210569 
0.0576132 0.0682821 0.000701277 
-0.0567545 0.163414 0.0405653 
-0.0147056 0.0578363 0.0340607 
-0.0103017 0.0701213 0.0256377 
0.0663294 0.0836715 -0.00627971 
-0.0548095 0.108085 0.0370184 
-0.0544165 0.129807 0.0226213 
-0.0567892 0.0634941 0.040709 
-0.00167812 0.059233 0.0287256 
0.0192357 0.132904 -0.012702 
0.00745382 0.154665 -0.0190818 
-0.0167063 0.141957 -0.011831 
-0.052116 0.083128 0.0427066 
-0.0764691 0.0725941 0.0347648 
-0.0203506 0.0879395 0.0193758 
0.0392691 0.0552971 0.00975443 
-0.007727 0.0586505 0.0327427 
0.0229853 0.135108 -0.0134573 
0.0701837 0.0637095 -0.00446429 
-0.0560847 0.0831934 0.043726 
-0.0846908 0.147488 0.0525428 
-0.0500258 0.179446 0.0191678 
-0.0910054 0.0642511 0.012721 
-0.089008 0.0599313 0.0170113 
0.0653833 0.0980865 -0.0176675 
-0.00306515 0.102861 0.00532681 
0.0624069 0.103957 -0.0239202 
-0.0542029 0.0617937 0.0395634 
0.0203204 0.111657 -0.023782 
0.0713694 0.0779148 -0.00496828 
0.042536 0.0550599 0.0107951 
-0.0766678 0.0881437 0.037487 
-0.0480944 0.070418 0.0531581 
-0.0807002 0.0636567 0.0182539 
-0.0821074 0.163581 0.0339071 
-0.0312391 0.0591161 0.0542061 
0.0463608 0.0629228 0.000896205 
-0.065944 0.121773 0.0260627 
0.0359279 0.142974 -0.0190432 
-0.0311037 0.0551046 0.0490802 
-0.04356 0.0680462 0.0584794 
-0.0381258 0.0811317 0.0415272 
0.0383431 0.0631081 0.00866023 
0.0615655 0.060202 -0.00140279 
-0.0705499 0.107735 0.0357635 
-0.0125999 0.173522 -0.00251531 
-0.0858386 0.145685 0.0465662 
-0.0459986 0.0962973 0.0387081 
-0.0382356 0.0680301 0.0605927 
-0.046186 0.0883394 0.0421158 
-0.0684843 0.06636 0.0388981 
0.0284955 0.0646302 0.00395306 
-0.0486253 0.0741573 0.0468548 
-0.0777536 0.0954827 0.0346214 
-0.0628924 0.0686079 0.0424632 
-0.0431981 0.16572 0.0288219 
-0.0678348 0.122486 0.021227 
-0.0572176 0.0680758 0.0426749 
-0.0514632 0.146305 0.0368178 
0.0208547 0.0629577 0.020121 
-0.0494689 0.0597396 0.052168 
0.0695229 0.150019 -0.0391992 
-0.0305892 0.0685716 0.0533829 
0.0754076 0.0928638 -0.0141364 
-0.0204531 0.0643536 0.0378645 
-0.03793 0.0741245 0.062239 
-0.0069916 0.068373 0.0258276 
-0.0778223 0.169517 0.0345814 
0.0235281 0.160106 -0.0306579 
-0.0634531 0.127326 0.0187154 
0.046641 0.0783946 0.0108938 
0.0577161 0.0586747 -0.00112113 
0.0210261 0.0822445 -0.0016318 
0.0240128 0.0629675 0.0170326 
-0.00140306 0.0675907 0.0231053 
-0.0501703 0.0729003 0.0479238 
0.0200395 0.141967 -0.0118127 
0.0691639 0.146581 -0.0385766 
-0.0307641 0.0727151 0.0519594 
-0.0763246 0.098576 0.0347352 
-0.0403724 0.0567797 0.0557391 
-0.0763647 0.066687 0.029517 
-0.0829069 0.169212 0.0382771 
0.060499 0.0569349 -0.00349478 
0.0207143 0.0835486 -0.00334014 
-0.0666526 0.158727 0.0149457 
0.0101298 0.127859 -0.00642798 
0.0266522 0.0631948 0.0145072 
-0.0799259 0.159423 0.0308184 
0.036766 0.0686058 0.00968196 
-0.0812538 0.1395 0.0313421 
-0.0639456 0.0565866 0.0298187 
-0.0421256 0.0723428 0.061547 
-0.0807617 0.140437 0.0320181 
-0.0329029 0.153033 0.0158824 
-0.0813683 0.0935124 0.0289761 
-0.0796914 0.18006 0.0453918 
0.0212869 0.0542631 -0.0102249 
-0.0594549 0.113327 0.0359153 
-0.0113774 0.0631458 0.0342079 
-0.049945 0.0935353 0.0404792 
-0.0565088 0.0556431 0.0333447 
0.0126751 0.0778637 -0.0117204 
-0.0798017 0.0785594 0.032452 
-0.038154 0.0636386 0.0591308 
-0.0572454 0.0605231 0.0387375 
0.0605231 0.104177 -0.0260921 
0.0197468 0.105275 -0.0197829 
0.0409435 0.0612058 0.00932887 
-0.0547386 0.155233 0.0239234 
0.0740213 0.0833178 -0.00788407 
-0.0809344 0.0669609 0.0180818 
-0.00511705 0.0583818 0.0315803 
-0.0404139 0.0698317 0.0623977 
-0.010636 0.116049 0.00512528 
-0.0489548 0.128867 0.024357 
0.0119255 0.0659827 0.0110366 
-0.0477816 0.143567 0.034199 
-0.0140724 0.0660211 0.035789 
-0.047039 0.0635277 0.0560978 
0.0512366 0.0714292 -0.000102271 
0.0534469 0.0571558 -0.00119715 
-0.00153538 0.127158 0.000216275 
-0.0123927 0.0667283 0.0336817 
-0.0321816 0.179689 0.016737 
0.0484596 0.121985 -0.024968 
-0.0811361 0.144002 0.045553 
-0.00473079 0.0886126 0.00863962 
-0.0595819 0.0698642 0.0431069 
-0.0218727 0.0692097 0.0403718 
0.0761498 0.0734274 -0.00712026 
-0.0380575 0.193354 -0.00299616 
-0.0147976 0.159376 0.0012598 
-0.043321 0.156153 0.0255714 
0.0572138 0.1239 -0.0362261 
-0.0280929 0.0798647 0.0374646 
-0.0552358 0.154035 0.0256669 
0.0270042 0.0864819 -0.000527087 
0.0617518 0.0634719 -0.000316616 
-0.0440651 0.180257 0.00623193 
-0.0743166 0.0703041 0.0368087 
-0.0888951 0.13919 0.036693 
-0.0396581 0.0728562 0.0628828 
0.0680287 0.0639656 -0.00284837 
0.0404641 0.0742783 0.0111113 
-0.082581 0.145675 0.0482057 
-0.0107708 0.0585277 0.0338873 
-0.0493281 0.0900339 0.0415718 
-0.0767103 0.0833589 0.0375273 
-0.00272513 0.0929446 0.00596095 
-0.0755778 0.0739346 0.0366277 
-0.0281444 0.0554377 0.0488657 
0.0233041 0.0848841 -0.0116892 
0.0550193 0.0669982 0.00118327 
-0.0409044 0.0553293 0.0542127 
-0.0632027 0.0732637 0.0436718 
-0.0564132 0.0731688 0.0436195 
-0.0549773 0.136065 0.0136885 
0.0173995 0.0630441 0.019739 
-0.0526412 0.0734599 0.0463663 
-0.0175578 0.0893519 0.0172289 
0.0105021 0.132304 -0.00619985 
0.0470942 0.0675172 0.000720963 
-0.0751033 0.102887 0.0337518 
0.0223067 0.115325 -0.0240865 
0.0144304 0.0660662 0.0117064 
-0.0777335 0.0697014 0.0312168 
-0.0620204 0.122393 0.0284844 
0.018783 0.0661767 0.0188617 
0.0637264 0.111221 -0.026757 
-0.0541737 0.103294 0.0385044 
0.0743307 0.0729769 -0.00568254 
0.0357269 0.0630551 0.00922525 
0.0479697 0.102873 0.00797523 
-0.0915493 0.144192 0.0454817 
0.0161393 0.0685434 -0.00235441 
-0.0432807 0.143887 0.0307169 
0.0294658 0.135304 -0.0159367 
-0.0648498 0.147159 0.0478771 
0.0566018 0.0554718 -0.00323425 
0.0446037 0.110168 -0.000745146 
0.0280675 0.0650708 -0.000391419 
-0.0231627 0.0875759 0.021392 
0.0167681 0.130625 -0.0124824 
-0.0635837 0.161167 0.0158739 
0.0292499 0.0830118 0.00373866 
-0.0738996 0.160925 0.0232404 
0.0502904 0.0814372 0.00955826 
0.000647971 0.0993163 0.00178498 
0.033086 0.15603 -0.033749 
-0.0225465 0.0726753 0.0415963 
-0.0208789 0.0722181 0.0400714 
-0.0803533 0.0973831 0.0279314 
-0.0531923 0.0643106 0.0413632 
0.0249294 0.0679473 0.00128446 
0.0535166 0.0545386 -0.00300542 
-0.0209428 0.102757 0.0079143 
-0.00142003 0.122387 0.00129357 
0.0292757 0.0689529 0.00202318 
0.0337085 0.067426 0.00837468 
-0.0301462 0.1614 0.0145939 
-0.0163371 0.126544 -0.00223839 
0.0136518 0.069924 -0.0057498 
-0.0139693 0.137655 -0.0091995 
-0.00818142 0.117588 0.00428024 
-0.0184271 0.0713842 0.0378616 
0.0304873 0.0677517 0.00064218 
-0.0326195 0.142652 0.0186451 
-0.0223674 0.16173 0.00718251 
-0.022661 0.0969661 0.012109 
0.0386879 0.0581136 0.00984453 
-0.0154192 0.0951199 0.0131792 
0.00942938 0.0934068 -0.019428 
-0.0853301 0.139493 0.0343353 
0.0112868 0.0937379 -0.0186468 
-0.00647526 0.0977311 0.008491 
0.0362235 0.132147 -0.0179348 
-0.0523249 0.0690452 0.04676 
-0.0423997 0.0991658 0.033035 
0.0166687 0.134012 -0.0103061 
-0.00691965 0.0843111 0.0161755 
0.0104687 0.073679 -0.0122149 
-0.0294719 0.0962364 0.00802466 
-0.0478652 0.17487 0.0286646 
0.0238333 0.126666 -0.0200767 
-0.0123247 0.0974626 0.0109712 
0.0690827 0.137009 -0.038901 
0.0381765 0.0971275 0.00393823 
0.0659448 0.138643 -0.0377553 
0.040172 0.09764 0.00567469 
-0.0316403 0.0767094 0.0522486 
0.0437046 0.0976248 0.00752431 
-0.0285971 0.0775114 0.048076 
0.0435494 0.0974332 0.00637454 
-0.0276636 0.0731828 0.0488161 
0.0355057 0.117635 -0.0066483 
-0.0399986 0.194936 -0.00275429 
-0.00815775 0.064101 0.0313601 
0.0480282 0.0974973 0.0103872 
0.050786 0.0957994 0.010461 
0.0526981 0.0930796 0.00909374 
-0.0783931 0.102869 0.0279011 
-0.0764162 0.140781 0.0379136 
-0.0213237 0.125932 -0.0050727 
-0.0777224 0.101823 0.0307531 
-0.0694223 0.167243 0.0470426 
-0.028537 0.0937322 0.0164534 
-0.0671552 0.102013 0.0403288 
-0.0193363 0.166604 0.00378336 
-0.0640624 0.101703 0.0411302 
0.0328094 0.137055 -0.0166769 
-0.0222186 0.166602 0.00595395 
-0.0615905 0.10319 0.0405017 
-0.0572738 0.102602 0.0397813 
-0.0594049 0.132243 0.0128898 
-0.0168455 0.08273 0.0194079 
-0.0510477 0.102597 0.0375504 
0.0126351 0.0972636 -0.0199894 
0.0424255 0.130073 -0.0207265 
0.021671 0.097317 -0.0160101 
0.0108226 0.087502 -0.0156318 
0.02652 0.0974274 -0.0157183 
0.0456842 0.122632 -0.0224191 
-0.0879438 0.164359 0.0310988 
0.00648927 0.145729 -0.00874013 
-0.0528067 0.0790913 0.0441193 
-0.0714356 0.103857 0.036636 
-0.0475044 0.103443 0.0351517 
-0.0464705 0.140752 0.0169118 
-0.0450778 0.0716982 0.0548837 
-0.0198127 0.108617 0.00517419 
-0.0242644 0.160849 0.00948222 
-0.0217512 0.0995563 0.00981896 
0.0293314 0.0977987 -0.0158593 
-0.0279567 0.183541 0.0117511 
0.0426796 0.123314 -0.0204705 
-0.0521851 0.0595952 0.0377327 
0.00884445 0.147715 -0.0104775 
0.024312 0.0781566 0.00277207 
0.0364744 0.0584439 0.00956984 
-0.0183097 0.0931593 0.0149758 
-0.00672061 0.0654804 0.0264515 
0.0511556 0.0983866 0.00836366 
0.0684105 0.0960637 -0.0143671 
-0.0878704 0.147763 0.0497575 
0.0169242 0.0973317 -0.0172739 
0.0704774 0.0982009 -0.0160449 
-0.035086 0.0681453 0.0579322 
0.0741304 0.096687 -0.0160323 
-0.0507799 0.182558 -0.0143049 
-0.0144512 0.0685451 0.0338186 
-0.0250052 0.102462 0.0054219 
-0.0336895 0.140492 0.0139392 
0.0371884 0.0992301 0.00330373 
0.000672762 0.102594 0.00216148 
-0.0711755 0.115841 0.0283161 
0.0450872 0.100901 0.00746087 
0.0441406 0.102806 0.00598313 
-0.0166149 0.0984495 0.011482 
0.0478077 0.101046 0.00888681 
0.035054 0.112562 -0.00557706 
0.0632249 0.0991722 -0.0204617 
-0.072541 0.176244 0.0509552 
-0.074286 0.107377 0.0324305 
-0.0661013 0.107757 0.0380223 
-0.0450643 0.104971 0.0324292 
-0.0352214 0.0767547 0.0555272 
-0.0200888 0.106252 0.00654574 
-0.0281364 0.104008 0.00171097 
0.0141296 0.100969 -0.0215691 
0.0222134 0.102373 -0.0173712 
0.0263181 0.102094 -0.0164053 
-0.0554241 0.17025 0.0364165 
-0.0608151 0.160533 0.0124487 
0.0657303 0.135661 -0.0381318 
0.0287616 0.10283 -0.0164053 
-0.0531419 0.171844 0.0303365 
-0.0582141 0.160125 0.00995191 
0.0631141 0.136768 -0.0375801 
-0.0149329 0.108052 0.00743483 
-0.0512841 0.107162 0.0361438 
0.0383663 0.11722 -0.00536126 
-0.0484016 0.107923 0.0341799 
0.00959495 0.124498 -0.00670892 
-0.0612622 0.177152 0.0270932 
-0.0259249 0.104338 0.00299986 
0.014172 0.102987 -0.0234026 
-0.0187327 0.096613 0.0127562 
0.0633196 0.102018 -0.0218331 
-0.026926 0.068446 0.0491293 
0.0702194 0.101456 -0.0185016 
0.0724658 0.10297 -0.0205613 
-0.0683718 0.0593688 0.0309758 
0.0161145 0.107041 -0.0251118 
-0.000474481 0.11282 0.00255449 
-0.0521083 0.155623 0.0217253 
0.0746243 0.100545 -0.0195377 
-0.00605321 0.0778516 0.019903 
-0.0747044 0.109516 0.0298455 
-0.0304699 0.105522 0.00205715 
-0.0526762 0.0771006 0.046195 
-0.0281082 0.107536 0.00056114 
-0.00999085 0.107486 0.00735094 
-0.00658377 0.106439 0.00696272 
0.035972 0.140003 -0.0181897 
-0.00349781 0.107755 0.00509148 
0.00117778 0.107655 0.00150482 
0.0169442 0.104362 -0.0214175 
-0.0849836 0.144402 0.0449727 
-0.0402371 0.144061 0.0273198 
-0.00340715 0.071459 0.0246326 
0.0375312 0.107413 -0.00270986 
0.0416829 0.107779 -0.000471934 
0.0413219 0.10553 0.00411117 
-0.0620573 0.159008 0.0108313 
-0.0897064 0.0614719 0.0154603 
-0.0433198 0.140967 0.0175174 
-0.072526 0.110341 0.0320094 
0.0106545 0.160405 -0.025981 
-0.0692063 0.111605 0.0338003 
-0.0479379 0.0778762 0.0452934 
-0.0652446 0.112057 0.0358728 
-0.0646583 0.142616 0.0530156 
-0.0618496 0.111384 0.0368943 
0.0188742 0.107417 -0.021996 
0.0256657 0.105581 -0.0171517 
-0.0848844 0.163027 0.0295784 
-0.075225 0.111611 0.0255713 
-0.0549232 0.112626 0.0355143 
-0.0802731 0.0881994 0.0319835 
-0.0521457 0.113741 0.034276 
-0.030984 0.185362 -0.00720916 
-0.049111 0.112571 0.0331686 
-0.0432268 0.110964 0.0286749 
0.00297414 0.10878 -0.000602307 
-0.0039743 0.112306 0.00456748 
0.0139107 0.137035 -0.00836502 
0.0662964 0.102288 -0.0199823 
0.0443364 0.136626 -0.0235807 
0.00683712 0.160167 -0.0240005 
-0.0695421 0.113921 0.0320349 
0.05959 0.107548 -0.0279892 
-0.0539284 0.099786 0.0396109 
-0.016137 0.102707 0.00937804 
0.0631618 0.107432 -0.0248722 
0.0229865 0.105739 -0.0181855 
0.0677487 0.107255 -0.023429 
0.037531 0.104084 -0.00197196 
0.0713849 0.106152 -0.0231543 
0.0201099 0.0780664 0.000171717 
-0.0747285 0.144179 0.0584098 
-0.00796557 0.122356 0.00287163 
-0.0232757 0.1125 0.000483437 
-0.0191262 0.112493 0.00372424 
-0.0145662 0.112512 0.00562777 
-0.00726311 0.113183 0.00540477 
-0.0458174 0.0800179 0.0423029 
-0.06437 0.114676 0.0344643 
-0.0620155 0.143019 0.0470908 
0.00165529 0.112877 0.000841647 
0.00344144 0.112758 -0.000951622 
0.0165088 0.109377 -0.0271011 
0.0601324 0.11151 -0.0286394 
0.0228907 0.108143 -0.0192715 
0.0703595 0.108892 -0.0255483 
-0.0452142 0.108456 0.0315652 
0.0579245 0.109057 -0.0303391 
-0.0641433 0.0655335 0.040985 
-0.0675833 0.117417 0.0300204 
0.0545585 0.0701058 0.000465153 
-0.063699 0.117766 0.0321978 
0.0682241 0.111638 -0.0269653 
0.0700911 0.124165 -0.0429142 
-0.00477711 0.138725 -0.00458111 
0.0110423 0.0656755 0.00195579 
0.0371859 0.100686 0.00323785 
0.0715262 0.107568 -0.0245947 
-0.0591503 0.117424 0.0335182 
-0.00760924 0.143818 -0.0113277 
0.0247801 0.12249 -0.0222184 
-0.0684379 0.0780482 0.0434831 
-0.032575 0.0776734 0.0512868 
-0.0910861 0.146943 0.0469545 
-0.052907 0.117764 0.0325647 
-0.0397353 0.114797 0.0236565 
0.0195866 0.113308 -0.0263847 
-0.0463608 0.179645 0.0138426 
-0.0920431 0.0620953 0.0132354 
0.0566152 0.112525 -0.0325358 
-0.0340404 0.184721 -0.00350469 
-0.045088 0.112808 0.0301562 
0.0591024 0.113192 -0.030272 
0.0672132 0.110298 -0.025733 
-0.0394777 0.118313 0.0231392 
-0.0614478 0.0632682 0.0400065 
-0.0686275 0.118744 0.0275096 
-0.0935108 0.145748 0.0444825 
-0.0431859 0.118519 0.0270556 
-0.027249 0.116827 -0.00189029 
0.0151798 0.151503 -0.014465 
-0.0521604 0.14037 0.013182 
-0.0227174 0.117696 -0.00166005 
0.0756524 0.136808 -0.0417157 
0.0433753 0.150558 -0.0377033 
-0.021409 0.115887 0.000287257 
-0.0139164 0.116873 0.00408446 
-0.004217 0.117091 0.00360827 
0.01282 0.0599323 0.0121288 
0.0442527 0.105628 0.00500764 
0.0650405 0.113572 -0.0282139 
0.0661936 0.0593239 -0.00497447 
-0.056928 0.119221 0.0324453 
-0.0405158 0.147478 0.0263061 
-0.000958919 0.11759 0.00201588 
-0.0726542 0.0930085 0.0405874 
0.00444785 0.117705 -0.00203207 
-0.0375501 0.119103 0.0196101 
0.0791541 0.143216 -0.0408472 
0.021082 0.117477 -0.0271433 
0.0247386 0.116917 -0.022238 
-0.0561412 0.0785629 0.0438032 
0.0415584 0.0690728 0.00902736 
-0.0757008 0.146985 0.058342 
-0.0903651 0.142837 0.0431059 
-0.0252434 0.122123 -0.00390128 
0.0284102 0.117246 -0.0193434 
0.032373 0.117279 -0.0178031 
0.0452587 0.0857409 0.0129162 
0.0350477 0.108286 -0.00458795 
-0.0573396 0.122425 0.0300507 
-0.0530075 0.121583 0.0304291 
-0.0506561 0.123502 0.028768 
0.0645073 0.116422 -0.0303779 
-0.0436612 0.123019 0.0258613 
0.00123089 0.132764 -0.00193849 
-0.0411757 0.122019 0.0243888 
-0.0390274 0.122593 0.0219911 
-0.0204058 0.0657837 0.0383935 
-0.0359986 0.123297 0.0181485 
-0.0131934 0.119233 0.00310267 
0.0267708 0.0859285 -0.000184143 
0.0541227 0.118243 -0.0359201 
0.0319963 0.112486 -0.0172403 
0.0068128 0.119261 -0.00473024 
-0.0388613 0.0936028 0.039111 
-0.0526798 0.13895 0.0130439 
-0.0188567 0.0775357 0.032034 
-0.0660076 0.123788 0.0229101 
-0.0546271 0.0735056 0.0438956 
0.0296691 0.138547 -0.0155152 
-0.0216888 0.122246 -0.00339389 
-0.00450161 0.12145 0.00253065 
0.0403078 0.119288 -0.00596353 
0.00776409 0.122918 -0.00469745 
0.0328142 0.122244 -0.0182393 
-0.00596136 0.0551857 0.0318938 
0.0355912 0.121237 -0.00751475 
0.037197 0.12054 -0.00686526 
-0.0598136 0.127345 0.0234018 
-0.0606559 0.125155 0.0263216 
-0.0577969 0.125153 0.0273846 
-0.0510328 0.126836 0.0263542 
-0.0423259 0.158432 0.0197335 
0.0568534 0.122 -0.0351888 
-0.0417721 0.175631 0.0207173 
-0.0471976 0.122186 0.0284135 
0.0606434 0.121134 -0.0336116 
-0.0414901 0.128302 0.0225646 
-0.0170961 0.188186 -0.0210253 
0.034535 0.0879143 0.00430417 
0.0358472 0.123057 -0.00786411 
-0.0394525 0.177525 0.0167927 
0.0623498 0.12294 -0.0355148 
0.0262496 0.142034 -0.0143876 
-0.0239056 0.126571 -0.00604951 
-0.0120394 0.127138 -6.27069e-05 
-0.051398 0.137142 0.0160971 
-0.0078568 0.126845 0.00115629 
0.080162 0.146219 -0.0411555 
-0.0469736 0.137274 0.0184564 
-0.0761117 0.164579 0.0298202 
-0.00927875 0.0981274 0.00980993 
0.00180127 0.12636 -0.000677267 
-0.0444311 0.0982722 0.0362318 
-0.0572941 0.131566 0.0183569 
-0.0742651 0.163769 0.0278889 
-0.0816061 0.0819857 0.0258432 
0.00447458 0.127289 -0.00227656 
-0.0328834 0.129009 0.0141012 
-0.00578494 0.128512 0.000714132 
-0.0326271 0.132777 0.0139871 
0.000651147 0.141585 -0.00549496 
0.0282666 0.127106 -0.0190944 
0.0395676 0.127184 -0.0189654 
0.0451958 0.126997 -0.0222447 
0.0545924 0.123891 -0.0374682 
0.018971 0.115164 -0.0286914 
0.0138905 0.0552951 0.0210544 
-0.0592801 0.129662 0.0205768 
-0.0721264 0.159551 0.0207931 
-0.0785543 0.0600758 0.0165966 
0.0165151 0.128116 -0.0150609 
0.0183652 0.127509 -0.0169211 
0.0479703 0.127411 -0.0248593 
0.0579579 0.127122 -0.0373864 
0.0569596 0.124669 -0.0361701 
-0.0151031 0.13227 -0.00591897 
0.0211451 0.12827 -0.0180043 
0.0321036 0.107245 -0.016873 
0.0707444 0.126862 -0.0428959 
-0.0171875 0.0861868 0.0186752 
-0.0597772 0.130667 0.0158599 
-0.0487553 0.131895 0.0219897 
0.0623305 0.13192 -0.0382347 
0.0236935 0.112478 -0.02084 
-0.0451817 0.130817 0.022464 
-0.024123 0.107702 0.00236075 
-0.0423759 0.132587 0.0209043 
-0.0390866 0.13155 0.0199242 
-0.036375 0.132243 0.0177859 
0.0680646 0.127752 -0.0416581 
0.0684461 0.132382 -0.04044 
-0.012805 0.12946 -0.00203088 
0.00246517 0.143659 -0.00694062 
-0.0230278 0.130526 -0.006742 
-0.0108856 0.132307 -0.00292551 
-0.0577558 0.106249 0.0387545 
-0.0935387 0.144373 0.0442573 
-0.0016043 0.13199 -0.00103606 
0.0141169 0.132298 -0.00881894 
-0.0526766 0.17561 0.0303115 
0.0222769 0.131255 -0.0156994 
-0.0513336 0.17662 0.0286397 
0.0742444 0.0798821 -0.00726201 
0.0247384 0.129704 -0.0180291 
0.0281707 0.131026 -0.0174709 
-0.0571269 0.14705 0.0406188 
-0.0471203 0.134121 0.0203603 
-0.0352673 0.157475 0.0193194 
0.0167198 0.0586458 0.0207986 
0.0259618 0.133052 -0.0157828 
-0.0539091 0.147955 0.0374243 
0.0447727 0.132022 -0.0226596 
0.0786078 0.136189 -0.0431665 
0.0475706 0.131745 -0.0254111 
0.0761373 0.0863129 -0.0106823 
-0.0524177 0.134224 0.0180021 
-0.030647 0.133912 0.011372 
0.0425742 0.149232 -0.0368624 
-0.0300087 0.134012 0.0105681 
0.0321205 0.0927389 -0.0170041 
0.0716363 0.131443 -0.0421326 
-0.057344 0.135716 0.0101828 
0.0234315 0.118334 -0.0242992 
-0.0423774 0.136818 0.0189119 
-0.0367996 0.13691 0.0170168 
0.0279718 0.11254 -0.0181894 
-0.0330025 0.137619 0.0138112 
-0.0297854 0.137622 0.0101374 
-0.0399164 0.138296 0.0178926 
-0.0199068 0.136166 -0.00926766 
0.00169071 0.117564 0.000583913 
-0.0176062 0.137577 -0.0103761 
-0.0134793 0.135378 -0.00713871 
-0.00547203 0.13617 -0.00307071 
-0.0557872 0.160206 0.0107999 
-0.0390612 0.127146 0.0212462 
0.000294621 0.13741 -0.0033585 
0.0105792 0.136724 -0.0066905 
0.0675676 0.104673 -0.0212825 
0.0461935 0.136444 -0.0254236 
-0.0906113 0.139177 0.0374128 
0.0202753 0.137004 -0.0119383 
0.0263643 0.137165 -0.0145371 
-0.073495 0.18076 0.0394479 
-0.0621128 0.147862 0.0442646 
0.0362881 0.136865 -0.0178962 
0.0393074 0.136852 -0.0196989 
0.0553037 0.136192 -0.0407096 
-0.0119123 0.143764 -0.0129243 
0.0242773 0.0731131 0.00295943 
-0.0654646 0.139862 0.0525423 
-0.0687152 0.160618 0.0189714 
0.0230161 0.137722 -0.0130306 
-0.0913647 0.140465 0.0391545 
-0.0848442 0.140932 0.0350643 
-0.0461918 0.117732 0.0295471 
0.0605673 0.117299 -0.0313435 
-0.0743318 0.140777 0.0391166 
-0.0634184 0.143969 0.0485093 
0.0584282 0.136784 -0.0389629 
-0.0699137 0.142895 0.0576736 
-0.0571637 0.176094 0.0295233 
-0.0662455 0.142529 0.0538529 
0.0178741 0.102145 -0.0192748 
-0.0915372 0.141171 0.0398388 
-0.0493354 0.11692 0.0318643 
-0.0758136 0.141782 0.0422504 
-0.0720193 0.144504 0.0586154 
-0.0308996 0.140711 0.011155 
0.0726456 0.138366 -0.0398268 
-0.0599749 0.143579 0.0449177 
-0.0562652 0.143467 0.0416628 
-0.053743 0.142916 0.0388533 
-0.0516264 0.143387 0.0374288 
-0.0532782 0.182741 -0.0139143 
0.0235885 0.120867 -0.0241273 
-0.00824534 0.141426 -0.00900466 
-0.00381232 0.141725 -0.00667821 
-0.0681242 0.17193 0.0500487 
0.0159207 0.147953 -0.0121646 
0.00377571 0.140307 -0.00515069 
0.0238312 0.157867 -0.029789 
0.0104031 0.140645 -0.00746988 
0.0450218 0.14003 -0.0259861 
0.0207508 0.157484 -0.0285412 
0.0134204 0.142189 -0.00899589 
-0.00299138 0.0881424 0.00632526 
0.0445362 0.139683 -0.0251813 
-0.0504731 0.0637879 0.0512734 
0.00693464 0.142156 -0.00687363 
0.0383483 0.141813 -0.0205362 
-0.0258594 0.182859 -0.0103812 
0.0597501 0.141404 -0.0391886 
-0.0520783 0.169011 0.0305418 
-0.0885122 0.0636807 0.013188 
0.0630818 0.141703 -0.0368869 
0.0397904 0.100728 0.00501239 
0.0660801 0.14037 -0.0376851 
0.0399488 0.102746 0.00441519 
-0.00977016 0.136046 -0.00506482 
0.069022 0.141702 -0.0380592 
0.0730259 0.141692 -0.0393896 
0.0760613 0.141731 -0.0401533 
-0.0372416 0.144037 0.0224977 
-0.0304988 0.143811 0.0147946 
0.0442595 0.141177 -0.0257831 
0.0419902 0.14202 -0.0237247 
0.00987414 0.144056 -0.00849696 
-0.0707601 0.146546 0.0570327 
-0.0771159 0.179937 0.0476701 
0.0241208 0.0850145 -0.00183576 
0.0109704 0.0625238 0.011473 
-0.0681979 0.147442 0.0525561 
-0.0484846 0.147506 0.0339922 
-0.0186679 0.0746277 0.0323925 
-0.0251108 0.144204 0.00853939 
-0.0731348 0.148533 0.0561049 
-0.0750159 0.0683572 0.0338573 
-0.0452606 0.148245 0.030866 
-0.0430301 0.146886 0.0297312 
-0.0345852 0.147442 0.0194577 
-0.0327558 0.14728 0.0177362 
-0.0304414 0.146822 0.0151611 
-0.00334615 0.144178 -0.00928791 
-0.0536947 0.168483 0.0363168 
0.0682855 0.0680945 -0.00239906 
-0.0454142 0.142984 0.0319897 
0.0657637 0.143359 -0.0383014 
0.0386536 0.121402 -0.00709316 
-0.0429291 0.0726824 0.0581801 
-0.010962 0.146753 -0.0141306 
-0.0446074 0.127342 0.0244178 
0.0617078 0.126634 -0.0375713 
0.0226653 0.147853 -0.0144302 
