0.0375555 0.197458 -0.0217657 
0.0372807 0.195294 -0.0223587 
0.0327935 0.19257 0.0076233 
0.0381513 0.193057 -0.0240684 
0.035444 0.191758 -0.0260137 
0.0314737 0.189928 0.0053918 
0.0372423 0.189491 -0.0254768 
0.035282 0.186355 -0.00187154 
0.0326799 0.187346 0.00131005 
0.030699 0.185659 -0.00267556 
0.0186123 0.185473 -0.0290767 
0.0532517 0.183067 -0.0208123 
0.0349226 0.182013 -0.00883403 
0.0326176 0.181878 -0.00923438 
0.0209924 0.183666 -0.0260573 
0.0573476 0.180622 -0.0257782 
0.0356238 0.180876 -0.0119501 
0.0339313 0.180778 -0.0120588 
0.0509196 0.179371 -0.0224302 
0.0367505 0.180221 -0.014223 
0.0179259 0.180658 -0.0353594 
0.0274217 0.178622 -0.0328319 
0.0521491 0.17891 -0.0213405 
0.0571264 0.177721 -0.0280678 
0.0506105 0.177163 -0.0229197 
0.0419985 0.176321 -0.0242858 
0.0330669 0.177399 -0.0218247 
0.0213424 0.179211 -0.02798 
0.0195972 0.178713 -0.0285168 
0.0175189 0.176506 -0.0196705 
0.0521407 0.174975 -0.0225142 
0.0456224 0.1751 -0.0248915 
0.0490894 0.17277 -0.00588075 
0.0167714 0.174155 -0.00746956 
0.0150307 0.174179 -0.00732625 
0.0192502 0.186965 -0.0274506 
0.0461122 0.171502 -0.016124 
0.0454105 0.172613 -0.0215094 
0.0312709 0.17349 -0.0230187 
0.0270294 0.173613 -0.0245081 
0.0243947 0.171295 -0.0208061 
0.0184694 0.17163 -0.0107247 
0.0163521 0.171502 -0.0105129 
0.0169088 0.170287 -0.0141026 
0.0297364 0.169933 -0.0209747 
0.027133 0.170039 -0.0221563 
0.0536712 0.167514 -0.0102356 
0.0518302 0.168141 -0.00918952 
0.047659 0.166139 -0.00500718 
0.0482674 0.168145 -0.00896542 
0.0446358 0.168057 -0.0163577 
0.0406754 0.168411 -0.0179815 
0.0543597 0.186058 -0.0208642 
0.0353231 0.168505 -0.0146412 
0.0190024 0.168026 -0.0118681 
0.0166029 0.166444 -0.00882434 
0.0460317 0.16299 -0.00880296 
0.0432855 0.163329 -0.0150721 
0.0517858 0.160293 -0.00576218 
0.040264 0.171826 -0.0203908 
0.0501673 0.162563 -0.00195448 
0.0441846 0.161592 -0.0128652 
0.0349902 0.161692 -0.0110274 
0.0292101 0.163467 -0.0177342 
0.049314 0.159413 -0.00585801 
0.0159765 0.160236 -0.00804182 
0.0052497 0.16261 0.0357529 
-0.00112841 0.162452 0.0432903 
0.0474339 0.159143 -0.00608767 
0.0307031 0.159356 -0.0148122 
0.0301631 0.159367 -0.0149657 
0.0157263 0.159526 -0.0137479 
-0.000964818 0.160815 0.0438111 
0.0513499 0.158366 -0.00812741 
0.01054 0.159874 0.0287599 
0.00653008 0.159785 0.0358472 
0.0384213 0.157716 -0.0132602 
0.0169873 0.157395 -0.0156641 
0.00517153 0.158652 0.0404025 
0.0167363 0.155429 -0.0157476 
-0.00335198 0.159662 0.0488165 
0.0510895 0.154264 -0.0115503 
0.0109262 0.156644 0.0388591 
0.00603765 0.156638 0.0439051 
-0.000742902 0.157939 0.0475037 
-0.00525722 0.158273 0.0511806 
0.0319968 0.154679 -0.00807627 
0.0531062 0.177191 -0.0223089 
0.0320679 0.153627 -0.00760404 
0.00396243 0.155706 0.0462441 
0.0499092 0.151072 -0.00433425 
0.0478191 0.15145 -0.00565157 
0.0472931 0.153319 -0.00886295 
0.000609046 0.15492 0.0493276 
0.046457 0.149302 -0.00983647 
-0.0054708 0.154802 0.0530925 
0.0495386 0.149065 -0.00377384 
-0.00495018 0.151742 0.0550953 
-0.00849632 0.153714 0.0559329 
-0.0112886 0.152511 0.0579812 
-0.0124361 0.15306 0.0576743 
-0.0144653 0.151855 0.0465153 
0.0471496 0.16214 -0.00506668 
-0.0331816 0.152916 0.0751224 
-0.0407166 0.15231 0.0851389 
0.0402729 0.14862 -0.0134497 
0.0421153 0.148424 -0.0139736 
-0.0151855 0.150424 0.0473579 
0.0205079 0.146727 0.0348481 
-0.0330356 0.150117 0.0766773 
0.014958 0.148053 0.0436847 
0.0512036 0.155613 -0.0113452 
0.0113771 0.148234 0.0478572 
0.0477219 0.15683 -0.00889263 
0.008163 0.147502 0.0514774 
0.00265311 0.148387 0.054924 
-0.0039553 0.148335 0.0571711 
-0.0110643 0.148576 0.0598972 
-0.0142962 0.148487 0.0604672 
-0.0421806 0.149987 0.0846866 
0.0493077 0.163268 -0.000207218 
0.0447317 0.143848 -0.0175868 
-0.0233552 0.146707 0.0708234 
-0.0252938 0.148301 0.0711069 
-0.0311462 0.148145 0.0791848 
-0.0366034 0.148787 0.0838987 
-0.0397851 0.149615 0.0852601 
-0.0415591 0.147379 0.0835116 
0.0498002 0.142065 -0.0232527 
0.0461117 0.13889 -0.0206426 
0.0169364 0.142602 0.0415612 
0.015867 0.152624 0.0373835 
0.0169209 0.140394 0.0419627 
0.0213887 0.168091 -0.0152202 
0.0124698 0.143086 0.0481885 
0.0243798 0.0551026 0.0551636 
0.0157234 0.0844593 0.0420937 
-0.0438541 0.0976357 0.0723496 
0.0587643 0.0888129 -0.0417774 
0.0382314 0.162473 -0.0143396 
0.0142273 0.0867371 0.0446337 
-0.0445603 0.0982777 0.0723673 
-0.00715233 0.0877094 0.0498906 
-0.0533162 0.093102 0.0661009 
0.0408539 0.0791197 -0.00273118 
0.0513906 0.171042 -0.00823632 
0.00788839 0.0862371 0.0524576 
0.0252625 0.163763 -0.0186085 
-0.00308948 0.0853912 0.0508042 
-0.0123914 0.0873487 0.0482786 
0.0152155 0.0837898 0.0424775 
-0.0101929 0.0849478 0.0477369 
-0.0171752 0.0871927 0.0478025 
-0.0287444 0.103901 0.0709366 
-0.012849 0.133439 0.0651133 
0.0339893 0.0807337 0.00198997 
0.0227024 0.125875 0.0271967 
0.0237249 0.181875 -0.0292045 
0.0161541 0.0829266 0.0413507 
-0.0136478 0.0840444 0.0468061 
0.0340903 0.076977 0.000435996 
0.0426257 0.075459 -0.00302003 
-0.0163395 0.139106 0.0652487 
0.0372779 0.0755927 -0.00135067 
0.00188681 0.0855713 0.0535419 
0.0339507 0.0739685 -0.000754174 
0.0115824 0.0814112 0.0508642 
0.053248 0.0730293 -0.0253331 
0.0083698 0.0815492 0.0535138 
-0.00680905 0.0850978 0.0491628 
0.00516377 0.0808449 0.0552205 
0.0193718 0.158223 -0.0142175 
-0.00639287 0.0803244 0.051582 
-0.010547 0.144226 0.0613214 
0.0211239 0.142296 0.0346685 
0.0596769 0.0872565 -0.0408899 
-0.0200331 0.0811322 0.0443565 
0.0410108 0.0720049 -0.00192798 
0.0430715 0.152346 -0.0129996 
-0.0266638 0.12471 0.0743351 
0.00248932 0.158618 0.0434651 
-0.00893876 0.0787761 0.0483403 
0.0240901 0.06095 0.05601 
-0.00228593 0.0871334 0.0517459 
0.00175373 0.0817269 0.0552666 
-0.00783035 0.0645855 0.0610972 
0.0013346 0.13381 0.0616039 
0.034134 0.0720299 -0.00140632 
-0.0339006 0.127984 0.079742 
-0.0441979 0.101673 0.0723488 
0.00878521 0.128264 0.0546698 
-0.0251655 0.143124 0.0770585 
0.0466499 0.0690979 -0.00673142 
0.0221817 0.0753284 0.0445149 
-0.00419148 0.0779261 0.0553636 
0.0288291 0.176981 -0.028263 
-0.0379367 0.0822376 0.0684513 
-0.0148415 0.0529497 0.0658072 
-0.0262471 0.0780206 0.0458988 
-0.0366335 0.134691 0.0853625 
0.0483956 0.0667957 -0.00533907 
-0.00694427 0.112904 0.0634691 
-0.00198382 0.127762 0.0640464 
0.0554011 0.0745338 -0.0280326 
-0.0149735 0.0788144 0.0456517 
0.0352673 0.189357 -0.0264443 
0.0430731 0.157417 -0.0130125 
-0.0521666 0.0580524 0.0514755 
-0.00862202 0.0749232 0.0549835 
-0.0226165 0.118367 0.0728673 
-0.0173517 0.0765713 0.0464975 
-0.0592733 0.0728149 0.0562781 
-0.0371959 0.144642 0.0836228 
0.0156804 0.0833544 0.0418618 
0.0574467 0.0757047 -0.0302511 
0.0425764 0.0807039 -0.00369191 
0.0150991 0.143232 0.0447418 
0.0227388 0.12883 0.0289092 
-0.0215264 0.052917 0.0674167 
0.0110804 0.0729925 0.0492203 
0.0506147 0.173749 -0.00330173 
0.0411572 0.164011 -0.0159475 
0.0110127 0.0874776 0.048595 
0.026056 0.106211 0.0176391 
0.0301423 0.0918159 0.0101026 
0.00501388 0.0769708 0.0554633 
0.034426 0.15439 -0.00924465 
-0.0434361 0.0779861 0.0680568 
-0.0565635 0.0780901 0.0626253 
-0.0111079 0.104101 0.0592843 
-0.023722 0.110303 0.0701071 
0.0475429 0.0652526 -0.00438936 
-0.012801 0.118228 0.0641862 
0.0497288 0.144393 -0.015536 
0.0451568 0.0655754 -0.00417915 
-0.0179951 0.0730258 0.0492698 
-0.0543008 0.0622828 0.054312 
-0.0151947 0.0695079 0.0577391 
0.0409288 0.0748959 -0.00214411 
0.0155292 0.0757507 0.0420406 
0.014364 0.0709761 0.049781 
0.00601253 0.149536 0.0520295 
-0.00183525 0.0718241 0.057505 
0.0036335 0.122788 0.0609096 
0.0343092 0.171246 -0.0169046 
-0.0368419 0.08798 0.0685009 
-0.0249336 0.146079 0.0731491 
0.0402232 0.0897598 -0.00370585 
-0.0555159 0.0741342 0.0623782 
0.0176216 0.0748551 0.0450131 
-0.0483817 0.0737026 0.0657385 
-0.00410586 0.083966 0.0503332 
-0.00119977 0.0990472 0.0576855 
0.0532934 0.0703563 -0.0242124 
-0.0208722 0.138772 0.0744611 
0.00345623 0.162774 0.0359207 
-0.0345999 0.0712265 0.0633344 
-0.0261196 0.0616391 0.066547 
0.0251902 0.0658366 0.050189 
-0.0523232 0.0711119 0.0629214 
0.0218054 0.0674856 0.0499869 
0.0138564 0.0943376 0.0455502 
-0.0365372 0.141632 0.0854949 
-0.0254212 0.0747547 0.0474164 
-0.00452505 0.0753965 0.0567402 
-0.0462629 0.107131 0.0674317 
-0.0410464 0.0608241 0.0618393 
0.0253124 0.0688692 0.0490254 
0.000831287 0.138652 0.0605169 
7.29523e-05 0.107401 0.0606189 
0.0123327 0.138049 0.0487769 
0.0278599 0.0543605 0.0528132 
-0.0200227 0.135425 0.0750554 
-0.00293833 0.0816514 0.0535399 
0.00186672 0.0969441 0.0559222 
-0.0339064 0.103208 0.0733317 
0.0269871 0.0535258 0.0526431 
-0.0146595 0.0563524 0.0658901 
0.0113289 0.0759834 0.0491777 
0.0194108 0.0659169 0.0515262 
-0.00876946 0.123017 0.0653507 
-0.0282175 0.0721086 0.0624526 
-0.0388386 0.139001 0.0881147 
0.0204819 0.186991 -0.0258045 
0.00741785 0.0724548 0.0531867 
-0.0269083 0.0696875 0.0633626 
-0.0446013 0.0581219 0.0573266 
-0.0269805 0.13885 0.0811655 
-0.0357671 0.117995 0.0691545 
0.00814909 0.0764136 0.053385 
-0.0417268 0.075653 0.0678435 
0.0600255 0.0794485 -0.0343559 
0.048617 0.171313 -0.00855118 
0.032213 0.157798 -0.00936309 
0.0245719 0.107754 0.0186753 
0.0322668 0.192267 0.00781756 
0.00971002 0.0694997 0.0574921 
0.0386569 0.152777 -0.0128118 
0.0170267 0.0643119 0.0561461 
0.0525245 0.156329 -0.0114395 
-0.0483287 0.0774022 0.0672297 
0.00442175 0.0911068 0.0528405 
-0.00470642 0.0980491 0.0572706 
0.00117898 0.162145 0.0426917 
-0.00736321 0.0823065 0.0485741 
-0.0145747 0.0606384 0.0645225 
-0.0465079 0.0900408 0.0714052 
-0.0223628 0.0769119 0.0457804 
-0.00289362 0.140638 0.0611382 
-0.0183086 0.0528845 0.0668739 
-0.00840642 0.0771096 0.052725 
0.00136623 0.128364 0.0624639 
-0.0260656 0.0569053 0.0684227 
-0.0426172 0.0533993 0.0529878 
-0.0205431 0.0674495 0.057644 
0.0448285 0.175911 -0.0251439 
0.0479587 0.068204 -0.0060573 
0.0357185 0.0947729 0.00355858 
-0.0441118 0.087851 0.0712539 
-0.0352988 0.068861 0.0648816 
0.0387253 0.0855059 -0.00326544 
-0.0294377 0.133558 0.081991 
-0.0107929 0.0532382 0.0641742 
-0.0146578 0.0731566 0.0494833 
-0.0338404 0.0652019 0.0662464 
-0.0530812 0.0775522 0.0652763 
-0.057053 0.0830701 0.0627797 
-0.0487093 0.0930199 0.070592 
0.0284128 0.0623836 0.0436699 
-0.00140987 0.150228 0.0550756 
-0.00914568 0.0680642 0.0596813 
-0.0587109 0.0824845 0.060011 
-0.0456142 0.0611283 0.0596517 
0.0143847 0.158296 -0.0176361 
0.00380139 0.132844 0.059963 
-0.058279 0.0672945 0.0540238 
-0.01882 0.138335 0.0712168 
-0.0322317 0.0571311 0.0681842 
0.0190419 0.163296 -0.0105715 
-0.000900011 0.0613191 0.061141 
-0.032069 0.0981735 0.0706256 
-0.0383866 0.0773575 0.0674958 
-0.056593 0.0880288 0.0627543 
-0.0222011 0.0607418 0.0662519 
-0.0328152 0.0614599 0.0674996 
-0.0486753 0.0900242 0.0704807 
-0.0207876 0.127611 0.0756911 
0.021634 0.0567519 0.0570652 
-0.0503125 0.0640264 0.0593084 
-0.0288246 0.0564869 0.0686904 
-0.0353248 0.0548387 0.0654428 
-0.0117298 0.0786812 0.047055 
-0.0595768 0.0776475 0.0578162 
-0.0188025 0.0572806 0.0662392 
-0.031776 0.054084 0.0671404 
-0.00780422 0.0612738 0.0631516 
-0.0562707 0.0921356 0.0613663 
-0.00375238 0.144525 0.0596824 
0.0303165 0.193978 0.00946056 
0.011938 0.069938 0.0551153 
-0.00504725 0.102305 0.0594568 
0.0340798 0.104441 0.00831593 
0.0183602 0.0567325 0.0558575 
-0.0478755 0.0561309 0.0525814 
-0.0301523 0.062822 0.0666619 
-0.0216727 0.0561745 0.0677032 
-0.0531088 0.0643246 0.0578188 
-0.033698 0.147604 0.0824244 
-0.0397044 0.0577857 0.0598438 
-0.0331133 0.14416 0.0835346 
0.0379889 0.0806342 -0.00180595 
-0.0494454 0.0877391 0.0697834 
0.0315568 0.176817 -0.0260473 
-0.0419008 0.0671394 0.0650277 
-0.027003 0.145312 0.0776065 
-0.0438144 0.0829141 0.0696318 
0.0520015 0.154533 -0.0124152 
-0.035874 0.13881 0.0870659 
-0.0357776 0.0575035 0.0664319 
-0.0126719 0.0762117 0.048231 
0.029762 0.187225 0.00035373 
0.020916 0.0745315 0.0453426 
-0.0460347 0.0536414 0.0508725 
-0.0561309 0.0657184 0.0557078 
0.0438351 0.150059 -0.0139623 
-0.031343 0.125485 0.0795484 
-0.0147845 0.0712902 0.0551783 
0.0523346 0.0564129 -0.00975609 
-0.0370582 0.066726 0.0655219 
-0.0332426 0.134172 0.084665 
0.0553311 0.0784115 -0.0301009 
0.00772217 0.0922035 0.0517011 
0.0179965 0.168253 -0.015743 
0.0597576 0.0779584 -0.0334809 
-0.0394224 0.0554784 0.0566192 
-0.0556935 0.0924218 0.0622622 
-0.0434282 0.0557683 0.0552873 
0.00455158 0.152642 0.0497841 
-0.00649492 0.0951996 0.0548535 
-0.00197395 0.0750151 0.0573451 
0.0446755 0.146968 -0.015577 
-0.00223285 0.117894 0.0637918 
-0.0110551 0.0563763 0.0651242 
0.0351891 0.164968 -0.013075 
0.0284397 0.10194 0.0150878 
0.0298484 0.167489 -0.0190632 
-0.0580952 0.0773269 0.0602264 
0.0264846 0.0526204 0.0519186 
-0.00295674 0.109355 0.0621761 
0.00390594 0.13651 0.0592162 
0.0219885 0.163817 -0.0148565 
-0.00427072 0.0604357 0.0625876 
0.0126529 0.0610422 0.0563269 
0.0551437 0.186044 -0.0210997 
0.0331415 0.167364 -0.0122777 
-0.0397885 0.0830504 0.0694137 
0.0063624 0.0702009 0.0569233 
0.0323596 0.0830763 0.00472577 
0.0174157 0.0610707 0.056937 
0.0349511 0.179384 -0.015454 
0.0286223 0.106784 0.016396 
-0.0115544 0.05295 0.0644015 
-0.0197079 0.0709407 0.0510794 
0.0263029 0.0581912 0.0557702 
-0.0232088 0.0637856 0.0642836 
-0.00833509 0.15753 0.0538431 
-0.00204397 0.133004 0.0633475 
-0.0367807 0.0521007 0.0533948 
0.0054528 0.0621648 0.0582508 
0.00937076 0.162559 0.0293164 
-0.00303573 0.0574231 0.0616619 
-0.0214477 0.114184 0.0701528 
-0.00582988 0.0669945 0.0594012 
-0.0580249 0.0871125 0.060598 
-0.0190769 0.061925 0.0648234 
-0.0384944 0.0532665 0.0541358 
-0.0535691 0.0880724 0.0669317 
-0.0309151 0.0670379 0.0650161 
-0.0315913 0.0531351 0.0663958 
0.0144071 0.163454 -0.0064519 
-0.00628328 0.142968 0.0608264 
-0.0367803 0.0622432 0.066383 
-0.0414232 0.0634248 0.0634338 
-0.0145328 0.146286 0.0612855 
-0.0187865 0.124508 0.0727501 
0.0227492 0.0719053 0.0450996 
-0.0535301 0.0828649 0.0665461 
-0.0151307 0.0939248 0.0524379 
0.0417136 0.0891781 -0.00374819 
0.00141871 0.0713429 0.0562043 
0.0326139 0.185364 -0.00165249 
0.00574617 0.107174 0.0571915 
0.00854642 0.15685 0.0397093 
0.0207475 0.12431 0.0278059 
-0.0204609 0.132435 0.0763971 
-0.00747398 0.146058 0.0593333 
-0.0121994 0.0664662 0.0606532 
-0.0267499 0.0665039 0.0643681 
0.0369502 0.0720497 -0.00148652 
0.022902 0.0637988 0.0514561 
0.0302791 0.0966504 0.0118282 
-0.0239227 0.0662502 0.0629259 
0.00991226 0.0626408 0.0574793 
0.0011457 0.117455 0.062329 
0.0186823 0.15985 -0.0115463 
-0.00428866 0.0579197 0.0624906 
0.0265842 0.117126 0.0209811 
0.00567569 0.066193 0.0587781 
0.0174982 0.175525 -0.0196368 
0.0589723 0.0761527 -0.0319221 
0.0562342 0.0886223 -0.0404224 
0.0477646 0.149359 -0.00577519 
0.0101555 0.0658333 0.0581152 
-0.0170972 0.0823543 0.0456438 
-0.00810691 0.092253 0.0523167 
-0.000882035 0.0658146 0.0598076 
0.020966 0.0705754 0.0469473 
-0.0189681 0.128921 0.0742652 
0.00754352 0.153912 0.0460735 
0.0157364 0.138816 0.0430019 
-0.038321 0.115739 0.0686043 
0.0113639 0.0916396 0.048901 
0.0575516 0.0797681 -0.0324877 
0.0215935 0.0631672 0.0516812 
0.0241935 0.0629969 0.0513951 
-0.0079136 0.0565049 0.0638432 
-0.0402987 0.0797314 0.0688741 
-0.0524917 0.0591154 0.0529245 
-0.0205756 0.102314 0.0576517 
0.0346852 0.157377 -0.010094 
-0.0242112 0.0724267 0.0498694 
0.00200632 0.0598338 0.0586382 
-0.00622873 0.138529 0.0626565 
0.027065 0.0563935 0.0543725 
-0.0206636 0.0689296 0.0524422 
-0.051513 0.0673609 0.0610489 
-0.0554271 0.0676556 0.0583722 
-0.0489519 0.0584842 0.0551264 
0.0201741 0.0542033 0.055765 
-0.0500624 0.0614604 0.0573673 
-0.0567146 0.0722665 0.0599622 
-0.0265441 0.0530993 0.067635 
-0.00382908 0.105992 0.0612086 
0.0137562 0.0748295 0.0448538 
-0.0412065 0.112527 0.0687883 
-0.0341713 0.151223 0.0755726 
-0.045947 0.0637113 0.0613696 
0.0351725 0.0908303 0.00346679 
0.0363137 0.173398 -0.0203952 
-0.0396061 0.0879931 0.0706049 
-0.0472043 0.0713806 0.0651117 
-0.0114897 0.0818325 0.0467767 
-0.00433742 0.0633332 0.0617806 
-0.00208364 0.15316 0.0525311 
-0.0307412 0.102043 0.0715859 
-0.0102558 0.0719318 0.0571993 
0.0471104 0.141702 -0.020805 
-0.0489866 0.0828329 0.0689031 
0.0162414 0.0855002 0.0417233 
0.00888222 0.10215 0.0532016 
-0.00521961 0.0715048 0.0581819 
-0.0329627 0.119804 0.0702968 
-0.0382257 0.0724251 0.0663124 
-0.0426049 0.0721955 0.066727 
-0.0509195 0.0932237 0.0691738 
-0.0263122 0.113105 0.072878 
0.0496053 0.146609 -0.0154697 
0.0441599 0.0699691 -0.00404331 
0.02727 0.0976133 0.0142216 
0.0246835 0.122863 0.02448 
0.0301894 0.158203 -0.0140696 
-0.0430542 0.0922542 0.0724506 
0.0245725 0.178343 -0.0305282 
-0.0389393 0.0929025 0.0719057 
0.0507146 0.175895 -0.00211471 
0.0148252 0.176622 -0.00686271 
0.0373649 0.166803 -0.0157606 
-0.0357213 0.0915146 0.069602 
0.0406256 0.0825088 -0.00332156 
0.0318547 0.0862198 0.00644863 
0.0102378 0.151501 0.0465047 
0.0206842 0.138109 0.0347561 
-0.0190128 0.0964539 0.0539977 
-0.0162246 0.121536 0.0651387 
-0.0171595 0.0906524 0.0498629 
-0.0182825 0.136537 0.0717421 
-0.0127913 0.0918669 0.0506495 
0.037157 0.170385 -0.0178627 
-0.00307504 0.0920935 0.0538146 
-0.0218428 0.123116 0.0740978 
-0.0219795 0.0739145 0.0481534 
0.00141608 0.0923634 0.0540361 
0.0218062 0.060179 0.0574137 
0.030055 0.0880073 0.00885261 
0.0404135 0.0859373 -0.00361524 
0.0595526 0.0815964 -0.0353013 
0.0236967 0.141055 0.0302506 
0.00632614 0.117619 0.0577304 
-0.0180808 0.0932859 0.0515751 
-6.58488e-05 0.147031 0.0571542 
-0.0166383 0.117887 0.0645403 
0.013817 0.0911585 0.045874 
-0.03537 0.0948157 0.0712726 
0.0117185 0.0999621 0.0493497 
0.0570493 0.0833408 -0.0347782 
0.0183279 0.143102 0.0396836 
-0.0453862 0.093307 0.0719985 
0.0586513 0.0848947 -0.0375648 
0.0157993 0.0866778 0.0424331 
0.00550317 0.102307 0.0563104 
-0.0417739 0.152331 0.0849169 
-0.0522592 0.0980526 0.0652448 
-0.00872651 0.127898 0.0652127 
-0.0393766 0.0980501 0.0733208 
0.022526 0.122071 0.0254936 
-0.0348318 0.098516 0.0725381 
-0.000448326 0.102721 0.0590558 
0.0320226 0.090961 0.00817343 
0.00529921 0.0981996 0.0551592 
0.0290415 0.0918209 0.0110119 
0.0388401 0.089163 -0.00341816 
-0.0144433 0.0974844 0.0544917 
-0.0294601 0.113512 0.0736595 
-0.0130758 0.123211 0.0650877 
0.001812 0.151719 0.0527588 
0.00110736 0.0765373 0.0565398 
-0.00941547 0.0975542 0.0555753 
-0.0242607 0.125209 0.0752981 
0.0556946 0.182747 -0.0227488 
-0.00296636 0.095718 0.0558824 
0.00484536 0.0946464 0.0540164 
-0.0526406 0.0736269 0.0639666 
0.022026 0.113985 0.0221945 
0.0159236 0.0670725 0.0528721 
0.00793809 0.0969077 0.0528845 
0.0116103 0.0967374 0.0493452 
0.0562324 0.0874842 -0.039829 
0.057573 0.0881788 -0.0402632 
0.0170282 0.145207 0.0419533 
-0.0172018 0.0995661 0.056369 
0.0298178 0.121211 0.0175426 
0.0571343 0.0898461 -0.0421505 
-0.028024 0.073464 0.050014 
-0.0508037 0.101738 0.0650388 
-0.0132914 0.138317 0.0645699 
0.0175077 0.0712694 0.0472398 
-0.048061 0.103312 0.0679918 
0.0257094 0.132236 0.0258403 
-0.0393236 0.103322 0.0734908 
0.024211 0.111933 0.0205592 
0.0327774 0.0959515 0.00886878 
-0.0163768 0.103144 0.0582297 
-0.0264941 0.118287 0.073635 
-0.0299355 0.0729711 0.0521279 
-0.0138453 0.100983 0.0567242 
-0.0102318 0.101525 0.0580326 
0.00268448 0.10156 0.0575515 
-0.00723853 0.104503 0.0604406 
0.0347628 0.085839 0.0028497 
0.0264872 0.101556 0.0160078 
0.0307083 0.101022 0.0127678 
0.0250479 0.168107 -0.0199032 
-0.0431595 0.108346 0.0699022 
-0.0336782 0.108097 0.07377 
-0.0300548 0.108807 0.0733563 
-0.0269951 0.108285 0.0716339 
0.0259506 0.135751 0.0256871 
-0.00688297 0.117684 0.0646452 
0.0336229 0.101181 0.00858531 
-0.0204025 0.105793 0.0591172 
0.0167005 0.163074 -0.00725495 
-0.0162061 0.107601 0.0603926 
-0.0116121 0.107985 0.0611757 
-0.00643876 0.107982 0.0619578 
0.0314398 0.183789 -0.00568413 
0.00323279 0.105099 0.0586411 
0.0170621 0.146687 0.0419549 
-0.0205755 0.107597 0.0607632 
-0.0389899 0.108165 0.0728723 
0.00879978 0.106976 0.053879 
-0.0451709 0.074444 0.0665889 
-0.00262643 0.112991 0.0631075 
-0.0186445 0.109246 0.0616209 
0.0342406 0.184108 -0.00431274 
0.0245511 0.175516 -0.0306984 
0.00344809 0.108879 0.0593829 
-0.0189651 0.133403 0.0740049 
0.0360203 0.177053 -0.0203764 
0.0312417 0.1063 0.0135057 
-0.0335724 0.11336 0.0734147 
-0.0127173 0.128222 0.0653203 
0.0120467 0.155292 0.0394141 
0.0194278 0.135909 0.0355269 
-0.0233892 0.113645 0.0715628 
-0.0172586 0.113198 0.0628191 
-0.0151506 0.111294 0.0618231 
-0.011805 0.112449 0.0628544 
0.0554203 0.0710712 -0.0262961 
0.000743458 0.112315 0.0616231 
0.00630119 0.123183 0.0580238 
0.0498882 0.166093 -0.00123394 
0.00353754 0.112674 0.0601026 
0.00611775 0.112326 0.0575454 
0.00837241 0.112054 0.054377 
-0.0277538 0.0761156 0.0475637 
-0.0406214 0.145181 0.0824377 
-0.0171258 0.0671365 0.0601358 
0.0267405 0.112558 0.0195438 
-0.0190249 0.0649176 0.0623479 
0.0290918 0.111911 0.017335 
-0.0380578 0.113099 0.0713439 
0.0315727 0.110461 0.0136585 
0.0425211 0.0855175 -0.00402595 
0.0226466 0.117842 0.0234967 
-0.0361505 0.116572 0.0702118 
0.0181724 0.183087 -0.0327516 
-0.0260777 0.0703701 0.0628914 
-0.0378421 0.133613 0.0866663 
-0.0324587 0.117688 0.0723042 
-0.029108 0.118246 0.0732637 
-0.0202278 0.117287 0.07094 
-0.0592708 0.0825228 0.0588476 
-0.0102105 0.116285 0.0641588 
0.00362688 0.117619 0.0606652 
0.032891 0.16286 -0.0106814 
0.00324681 0.087452 0.0526782 
-0.00919788 0.119552 0.0648464 
0.0427686 0.173605 -0.0222433 
0.0240992 0.115776 0.0220097 
-0.0480298 0.0971193 0.0708825 
-0.0292276 0.139852 0.0826417 
0.00275821 0.0647129 0.0598237 
0.0293437 0.116848 0.0179622 
-0.023241 0.110268 0.0697546 
-0.0312318 0.122747 0.0700436 
-0.0278481 0.122702 0.0729732 
-0.0303389 0.0711504 0.0633934 
-0.00597262 0.12302 0.0649979 
-0.00241827 0.137602 0.0623119 
-0.00789957 0.149728 0.0574409 
-0.00212331 0.122769 0.0641097 
-0.0120389 0.0695492 0.0590862 
0.00130703 0.122693 0.0624206 
0.0458985 0.167275 -0.0126968 
0.00889906 0.123297 0.0539575 
0.0518622 0.14704 -0.0164047 
0.0281979 0.0955266 0.012939 
0.0134 0.0662565 0.0561693 
0.027103 0.121809 0.0216902 
-0.0304489 0.128633 0.0801731 
-0.0273723 0.127103 0.0778867 
-0.0147101 0.0810566 0.0456043 
-0.0240998 0.128994 0.0774207 
-0.00592311 0.128257 0.0648395 
0.00359703 0.128091 0.0607222 
-0.0303476 0.151966 0.0747404 
-0.0381844 0.13071 0.0863376 
-0.0441581 0.103774 0.0715614 
0.00665103 0.128031 0.0574045 
-0.0364607 0.130116 0.0856686 
0.00266558 0.0628698 0.0599266 
-0.0158704 0.143402 0.0630637 
-0.0341485 0.130507 0.0845439 
0.020632 0.127456 0.0296708 
0.00615787 0.142879 0.0558068 
0.0249136 0.127578 0.0258207 
0.00900066 0.143332 0.0525204 
0.0275388 0.12691 0.0221634 
-0.0271376 0.131319 0.0797143 
-0.0204921 0.131006 0.076407 
-0.0287861 0.149041 0.0762127 
-0.0468529 0.0672717 0.0632138 
-0.0267722 0.134442 0.0806303 
-0.0230036 0.133908 0.078418 
-0.00912977 0.132123 0.0647968 
-0.00619469 0.133432 0.064121 
0.0149206 0.0580353 0.05484 
0.0186045 0.129257 0.0325357 
0.0136573 0.159397 -0.0153961 
0.00635047 0.133265 0.0573843 
0.00891774 0.133279 0.0541145 
0.0189683 0.132548 0.0344886 
-0.0137155 0.143222 0.0629747 
-0.0584375 0.0693585 0.0556296 
-0.0133688 0.114611 0.0632709 
0.0208056 0.130734 0.0314433 
0.019104 0.147824 0.0368009 
0.0226952 0.132445 0.0301762 
0.0111987 0.133509 0.049772 
0.0281069 0.130242 0.0215721 
-0.0177862 0.135089 0.0718275 
0.0171342 0.134154 0.0376864 
0.0172545 0.149777 0.0388626 
0.0207801 0.134199 0.0333267 
-0.0494284 0.0987066 0.0690653 
-0.032676 0.13936 0.0850308 
-0.0236432 0.138988 0.0778571 
-0.0342017 0.0938039 0.0696877 
-0.0124497 0.0627053 0.0628764 
-0.0101031 0.139356 0.0630411 
-0.0182918 0.137249 0.0715168 
0.00605234 0.138257 0.0570258 
-0.0572459 0.0642181 0.0523215 
0.00918368 0.138224 0.0534418 
0.0391415 0.176437 -0.0226246 
0.0102132 0.155071 0.0418008 
0.0179158 0.13721 0.038274 
0.0124722 0.152518 0.0434239 
-0.019471 0.0987717 0.0555063 
0.0234093 0.136951 0.0302772 
0.0391184 0.174856 -0.0223937 
0.00270689 0.163315 0.0356208 
0.00384241 0.139995 0.0581417 
0.0180219 0.151691 0.036446 
0.01883 0.139194 0.0379361 
-0.0297114 0.144307 0.0808952 
-0.0271571 0.142177 0.0797252 
0.00873616 0.06086 0.0555784 
-0.0231651 0.143924 0.073695 
0.00018501 0.143238 0.0590694 
0.0010105 0.0681242 0.0577808 
0.00358958 0.143997 0.0569051 
