0.0357411 0.199717 0.0147428 
0.00542703 0.199569 0.0291291 
0.0392826 0.198114 0.0130881 
0.00821904 0.197755 0.0281052 
0.0102322 0.194469 0.0280269 
0.0450482 0.190869 0.00729692 
0.0439879 0.19222 0.0106881 
0.0403684 0.19213 0.0134525 
0.0358728 0.190019 0.0149671 
0.0283311 0.190995 0.0183689 
0.0191189 0.191873 0.0238941 
0.0324745 0.189302 0.0162577 
0.0289647 0.188886 0.0194421 
0.0196015 0.188822 0.0240219 
0.087471 0.185091 -0.0169665 
0.0229262 0.188105 0.0222276 
0.0357495 0.185956 -0.00707606 
0.0469072 0.18721 0.00698523 
0.031146 0.18738 0.0186003 
0.0929859 0.183399 -0.0276525 
0.0896899 0.184375 -0.0202011 
0.087657 0.183943 -0.0155131 
0.0670598 0.184023 -0.00299572 
0.0659951 0.184029 -0.00330254 
-0.0517732 0.113788 0.0421258 
-0.0368237 0.113203 0.038218 
0.0750636 0.0748608 0.0146039 
-0.0295233 0.109698 0.0267684 
0.0646035 0.117633 0.0107447 
0.0608203 0.159938 0.0140979 
0.0225665 0.112305 0.0145945 
0.0985274 0.157199 -0.02539 
-0.0361135 0.139224 0.0410588 
0.0798693 0.109154 -0.000689574 
-0.0302049 0.102516 0.0375095 
0.0478729 0.0680952 0.0297168 
0.0694705 0.112475 0.00884888 
-0.0299524 0.110239 0.0273914 
0.0335347 0.0904644 0.0184911 
0.0211455 0.121925 0.0138153 
0.0930864 0.165172 -0.0134548 
0.0284653 0.167079 0.0392036 
-0.0442402 0.108532 0.0422901 
-0.0462548 0.108914 0.0423833 
0.0607741 0.0789813 0.0271662 
-0.0234443 0.0663982 0.0465105 
-0.0281774 0.106872 0.0273639 
-0.0313794 0.105507 0.0368868 
0.0348402 0.0605871 0.0362842 
0.0116773 0.0921547 0.0312286 
0.0907406 0.182708 -0.0207627 
0.0266787 0.106833 0.0109689 
0.0242755 0.107182 0.0157212 
0.0195571 0.107412 0.0263811 
-0.0435649 0.136691 0.0414202 
-0.0440555 0.104613 0.0418392 
0.0601622 0.112334 0.0128817 
0.0973077 0.182246 -0.0208046 
-0.0205099 0.0637165 0.0502572 
0.0836028 0.104447 -0.00454582 
0.0454023 0.0529516 0.0346342 
0.0714038 0.106252 0.008939 
0.0686889 0.106976 0.00986708 
0.0215412 0.11791 0.013821 
0.0116183 0.128496 0.0255284 
-0.0177828 0.141617 0.0381968 
0.0950178 0.168281 -0.0147387 
0.0493957 0.114018 0.0155706 
0.104445 0.14311 -0.0195143 
0.064966 0.106668 0.0112 
-0.0253462 0.10252 0.0282066 
0.0293771 0.178482 0.038673 
0.0281046 0.100088 0.0148882 
0.0721916 0.0957605 0.0108984 
-0.0286466 0.0811851 0.0406002 
0.0236883 0.102007 0.0232038 
0.0795115 0.0592307 -0.0183329 
0.0205352 0.10216 0.0274466 
0.0637291 0.184105 0.000272231 
0.0114695 0.102034 0.0322661 
0.0741963 0.0838951 0.020272 
0.031506 0.179913 0.0369536 
-0.0400898 0.0687746 0.0463096 
0.0623843 0.165692 0.0153169 
0.08119 0.101161 -0.0193602 
0.0263358 0.0879976 0.0304648 
-0.0221367 0.0980333 0.0265577 
0.0802416 0.10122 0.0039689 
0.0714992 0.101157 0.00967803 
0.105467 0.159031 -0.0322225 
0.0650585 0.101311 0.0113029 
0.0622693 0.131075 -0.00398484 
0.0975644 0.155091 -0.0200143 
0.0299348 0.0982932 0.0115732 
0.0164119 0.096969 0.0306707 
-0.0205029 0.0954457 0.0271708 
-0.0222927 0.0967767 0.0307032 
0.0849081 0.0742925 0.00107246 
0.082077 0.105926 -0.0149895 
0.0606919 0.102213 0.0118175 
0.0641867 0.0968882 0.0114301 
0.0260725 0.103431 0.0155164 
0.0653851 0.128667 -0.00455192 
0.0302368 0.0963669 0.0150349 
0.0504414 0.0506207 0.0296396 
-0.0364298 0.16141 0.0282388 
0.042682 0.155409 0.0293355 
0.0536747 0.112469 0.014683 
0.0524551 0.149356 0.0203653 
0.0906076 0.14338 -0.00911533 
0.0989704 0.153864 -0.0239727 
-0.0289057 0.0972436 0.0388575 
0.0296229 0.080646 0.0298443 
0.0843495 0.095773 0.000768368 
0.0835503 0.160551 -0.00125342 
0.080976 0.0959881 0.00486167 
0.0364752 0.0922738 0.00775006 
0.0688834 0.153401 0.00678757 
-0.031918 0.108126 0.0355456 
0.0865319 0.0844458 -0.000275593 
0.0311932 0.0682907 0.0364437 
0.0348779 0.0916762 0.0116784 
0.083971 0.140473 -0.00571089 
0.0164783 0.0917328 0.0305756 
0.0863896 0.146862 -0.00743179 
-0.0010564 0.113923 0.0348533 
0.00909639 0.123309 0.03074 
0.0407526 0.149865 0.0298898 
-0.0296993 0.155204 0.0361727 
0.0363858 0.0893832 0.0150297 
0.0868166 0.140112 -0.00701586 
0.062542 0.156995 -0.0071622 
0.0423357 0.128111 0.0198339 
0.0342415 0.0967857 0.00607294 
0.0281135 0.0969652 0.0198831 
0.0908141 0.179944 -0.0315399 
0.0871583 0.0904101 -0.00373579 
0.061396 0.0966449 0.0120997 
0.0298059 0.0756078 0.0299563 
0.0846638 0.0892622 0.00230034 
0.0781503 0.0898795 0.00997663 
-0.0225002 0.0759079 0.0381254 
0.0722247 0.090504 0.0184241 
0.0207241 0.112623 0.0196612 
-0.037363 0.0859564 0.0412721 
0.0206905 0.097728 0.0284346 
0.0745221 0.111729 0.00550855 
0.0114034 0.11262 0.0316096 
0.0778937 0.110594 0.00198201 
0.0461302 0.170435 0.0286774 
0.0356413 0.0869721 0.0204683 
0.0964433 0.166429 -0.00962487 
0.0756896 0.0905202 0.0145423 
0.0523706 0.184475 0.0269068 
-0.0316719 0.113598 0.0283851 
0.0841632 0.0899268 -0.0216866 
0.0437212 0.148142 0.0266853 
0.0613508 0.154652 0.0138781 
-0.0290649 0.0866846 0.040768 
-0.05153 0.1193 0.0426843 
0.0340333 0.0845706 0.0239114 
0.0360133 0.0944513 0.0067475 
0.0315721 0.0861497 0.0245288 
0.0585333 0.170649 0.0184321 
0.100398 0.15345 -0.0282156 
-0.0172669 0.0855428 0.0306931 
0.0893351 0.152499 -0.0106479 
0.088342 0.0851348 -0.0118612 
0.0488507 0.180749 0.0247295 
0.0852099 0.0850556 0.00207513 
0.0491353 0.117695 0.0166023 
0.0313191 0.0828297 0.0257904 
0.0770872 0.0854781 0.0160579 
-0.0167755 0.0865272 0.0277622 
0.101463 0.176924 -0.018295 
0.0323622 0.0930521 0.016092 
-0.0292796 0.107551 0.0308721 
0.0154239 0.19584 0.0233415 
-0.0342596 0.081462 0.0417068 
0.0266512 0.0755033 0.0334809 
0.0770866 0.0925076 0.00909898 
0.058713 0.0486758 -0.0406032 
0.0574099 0.116067 0.0140295 
0.00525889 0.139206 0.0266739 
0.0358033 0.201703 0.0144422 
0.0701879 0.175989 0.00727393 
-0.0390188 0.0814555 0.043338 
0.0827114 0.0641841 -0.000290757 
0.0806327 0.105465 -0.0181099 
-0.0335272 0.122384 0.0308267 
0.0626021 0.170211 0.0152696 
0.0323773 0.0973672 0.0088074 
0.0837713 0.0759181 0.00310872 
-0.0183308 0.0811302 0.0345855 
-0.0334618 0.0973438 0.041117 
-0.0261878 0.0811388 0.0399308 
0.0734915 0.0933732 0.0133915 
0.0410782 0.0817615 0.0209209 
0.0863522 0.0792883 -0.0186468 
-0.0315162 0.0563352 0.0584977 
0.0601142 0.107476 0.0123101 
0.0876923 0.169544 -0.00417185 
0.0879411 0.0799002 -0.014916 
-0.0396244 0.0769387 0.043147 
-0.0188452 0.070495 0.0345625 
0.0508421 0.182686 0.0107566 
0.0883861 0.0796739 -0.00815047 
0.091232 0.0623846 0.011523 
0.00104957 0.10448 0.0335843 
0.0862323 0.0795075 -5.51251e-05 
0.0849812 0.0799086 0.00234157 
0.0784025 0.0800944 0.0104515 
0.0853997 0.091081 0.000526178 
0.00831251 0.107781 0.0329117 
0.0766298 0.0801254 0.0159621 
-0.00665994 0.129697 0.0360448 
0.0809744 0.0588466 -0.00407656 
-0.0411615 0.129557 0.0409663 
0.0575213 0.177695 0.0220546 
0.0817904 0.098632 -0.0208338 
0.0696107 0.08013 0.0237896 
0.0643607 0.0802373 0.0260088 
0.0892582 0.183997 -0.0177893 
-0.0337171 0.102308 0.0401493 
-0.0149395 0.0759279 0.0273712 
-0.0345817 0.118379 0.0337632 
-0.0156797 0.0755738 0.030212 
-0.0338117 0.11879 0.0309143 
0.0315281 0.19042 0.0161237 
0.0571049 0.11231 0.0137396 
0.0999825 0.179516 -0.0173084 
-0.0180998 0.0758496 0.0347549 
0.0529035 0.0696603 0.0287777 
0.0600402 0.0625438 0.0278796 
0.0737041 0.0794459 0.0201854 
0.0878532 0.0620358 0.00794238 
0.0887052 0.161076 -0.0099663 
-0.0411153 0.113323 0.0410878 
-0.0218718 0.0598815 0.031764 
-0.0312315 0.059971 0.0353541 
0.067669 0.0510901 0.0023067 
0.0572352 0.102235 0.0118859 
-0.0259218 0.0568974 0.0327245 
0.0574174 0.0511967 0.0100608 
0.00384549 0.133082 0.0318995 
-0.0241169 0.0934968 0.0365917 
0.0869265 0.0627452 0.00564185 
0.0848715 0.0642365 -0.0110194 
0.00492656 0.0973099 0.032666 
0.0596776 0.122982 0.0131587 
0.0605746 0.0581107 -0.0452379 
0.00093815 0.127251 0.0343944 
0.0816144 0.0605531 -0.00163752 
0.0620062 0.0579968 -0.040808 
0.0626853 0.155627 0.000393328 
0.0904365 0.0635961 0.0147549 
0.0242343 0.105652 0.018584 
0.0869693 0.0552054 0.0258715 
0.0497447 0.0686832 0.0294247 
-0.0403052 0.098098 0.0420353 
0.0302642 0.0912954 0.02239 
-0.0261523 0.086654 0.0398818 
0.0912651 0.0551146 0.0154535 
-0.0291897 0.0497435 0.0246825 
0.0618268 0.0615653 -0.0409979 
-0.0209867 0.0565426 0.0271529 
-0.0227431 0.0664257 0.0363765 
0.0795382 0.0924678 0.00697924 
-0.0249521 0.0670667 0.0503476 
0.0878378 0.0904036 -0.0120021 
-0.0372334 0.124086 0.0376117 
-0.0457325 0.103972 0.042153 
-0.0299983 0.0560006 0.0508818 
-0.0339321 0.053871 0.0318759 
0.088376 0.079394 -0.0116154 
0.101506 0.150562 -0.0239624 
0.0840012 0.10434 -0.0117091 
0.0762226 0.175505 -0.00879036 
0.057654 0.106862 0.0129007 
-0.0196226 0.0734131 0.0439545 
0.0602336 0.0627382 -0.0445939 
0.0681523 0.0990228 0.0110641 
0.0804369 0.170911 -0.00618641 
-0.0150814 0.0809989 0.0247693 
0.0560454 0.0496145 0.00965248 
0.0804528 0.0571244 -0.0110058 
0.0837364 0.0851676 -0.022572 
0.0848031 0.069197 -0.018007 
0.0573204 0.0598127 -0.0511277 
0.0199475 0.0922955 0.0294174 
0.0817398 0.0589125 -0.00763851 
0.0296086 0.0715313 0.0299771 
0.0459235 0.0600365 0.0329302 
-0.025439 0.051075 0.0242502 
0.0376307 0.0586906 0.0364197 
0.0265842 0.0912481 0.0262637 
-0.0361044 0.103255 0.041036 
0.040178 0.176078 0.0304281 
-0.0145364 0.0758528 0.024947 
0.0860901 0.0740846 -0.018352 
0.0525635 0.0642857 0.0290618 
0.0609932 0.0548082 0.0241689 
-0.0332991 0.0527093 0.031235 
-0.0405804 0.161665 0.0277288 
-0.0330486 0.0600028 0.0572682 
0.000206507 0.109084 0.0343893 
0.0900832 0.0648285 0.0111515 
0.0878003 0.0844624 -0.0150733 
-0.0226475 0.0710158 0.0458903 
-0.0312749 0.111985 0.0304575 
-0.0300677 0.0598284 0.0537862 
0.0140081 0.1289 0.0196465 
-0.0267905 0.101867 0.0337747 
0.0340549 0.162667 0.0363325 
0.0876697 0.0891502 -0.0153621 
0.0895707 0.059446 0.0188682 
-0.0242889 0.0656889 0.0440362 
0.0256593 0.112002 0.0108307 
0.0496407 0.0650605 0.0295135 
0.0690679 0.125271 -0.00439414 
0.0894142 0.0627001 0.0224293 
0.0401534 0.063526 0.0328837 
-0.0473465 0.135268 0.0417963 
0.0617601 0.0561169 0.0256094 
0.0765775 0.0737951 0.00931104 
-0.027757 0.0511129 0.0263961 
0.0394179 0.138614 0.0221534 
-0.0410319 0.0680109 0.0468985 
0.0523818 0.15462 0.0203592 
-0.0327589 0.157209 0.0345298 
0.0707951 0.0690451 0.0151532 
0.0604434 0.0524567 -0.0367959 
0.073365 0.0693189 0.0153609 
0.0604288 0.0528043 -0.0438631 
0.0987698 0.17369 -0.0113112 
0.0893577 0.178685 -0.0348905 
0.06697 0.0597328 0.0238619 
-0.00616225 0.124691 0.0357578 
0.0378463 0.201445 0.0127654 
-0.0525168 0.124455 0.0424517 
0.100399 0.170959 -0.0131794 
0.0725846 0.0663929 0.0112274 
0.0124945 0.19661 0.0255841 
0.0490935 0.122893 0.0174929 
0.0399932 0.154975 0.0307282 
0.0954732 0.169198 -0.0182118 
0.0605154 0.0485667 0.00360248 
0.0659314 0.125885 0.00613772 
0.0496929 0.143529 0.0186978 
0.0667118 0.0496036 0.000475229 
-0.0338277 0.0558844 0.0330202 
0.07295 0.179492 0.00313246 
0.0820334 0.0800338 0.0060431 
-0.0160371 0.0704842 0.0303218 
0.102302 0.15796 -0.028604 
-0.0187111 0.0600291 0.027652 
-0.0220328 0.0714469 0.0375797 
0.0357988 0.165676 0.0336661 
0.0502173 0.0499026 0.0285788 
0.0794648 0.111631 -0.0119652 
0.0625483 0.0492799 0.00296755 
0.065278 0.128073 0.00334589 
-0.0225482 0.0540822 0.0256797 
0.0819078 0.105699 -0.00137863 
0.04639 0.0642868 0.0307263 
0.00947625 0.0911954 0.0316133 
0.083013 0.166316 -0.0304405 
0.0740706 0.114483 0.00471621 
0.0779971 0.111194 -0.016027 
0.0604678 0.0715975 0.0269375 
0.0814133 0.0726094 0.00512237 
0.0878354 0.0608356 0.00500892 
-0.0425537 0.0694396 0.046691 
-0.0251664 0.0754817 0.0409711 
0.0932252 0.181369 -0.0272948 
0.0305695 0.0646409 0.0371524 
0.00481253 0.112694 0.0338724 
0.0534582 0.0589965 0.0310242 
-0.0201941 0.0905199 0.0337851 
0.0542991 0.0731425 0.0285167 
0.0421171 0.170684 0.0319258 
0.0619749 0.0572621 -0.0372827 
0.0595853 0.0531033 -0.0330132 
-0.0288334 0.164894 0.0251005 
-0.0224884 0.0811886 0.0381782 
0.0446499 0.04975 0.0141417 
0.048789 0.0588101 0.032578 
0.0581907 0.13471 -0.00393948 
0.0344863 0.138688 0.0223156 
0.0839765 0.0794746 -0.0227587 
-0.029616 0.0539782 0.0585483 
0.0507606 0.170758 0.0256379 
0.0821137 0.0851141 0.00612593 
0.091431 0.168427 -0.00316914 
0.0799851 0.168304 0.000554274 
0.0870017 0.0711201 -0.0151984 
-0.0278492 0.0517955 0.0567491 
0.0885647 0.0847484 -0.00803414 
0.0923903 0.0546936 0.0234213 
0.0754274 0.106542 0.00654307 
0.0236346 0.0913281 0.0291729 
-0.0365374 0.145443 0.0403377 
-0.0249012 0.0647182 0.0366818 
0.0570856 0.0539454 0.0275014 
0.100396 0.149436 -0.0335742 
0.0381904 0.0807156 0.0230182 
-0.0233695 0.0909274 0.0369378 
-0.0301948 0.0623334 0.0367149 
-0.0364936 0.0838589 0.0419739 
0.0785033 0.113804 -0.0081141 
0.0577424 0.0745233 0.0278457 
0.063956 0.0637939 0.0256391 
0.0592919 0.0492657 -0.0425404 
0.0378262 0.0541488 0.0374556 
-0.0297234 0.0585155 0.0342218 
0.09198 0.0544036 0.00432605 
0.0284167 0.105842 0.00802609 
0.0849991 0.100247 -0.00482844 
-0.0202228 0.0925801 0.0317917 
-0.0361053 0.0627323 0.054066 
0.0175515 0.194359 0.0232576 
-0.0339089 0.0770546 0.0416724 
0.0341344 0.0549696 0.0378582 
0.09437 0.148501 -0.0133369 
-0.0292272 0.0764669 0.0402703 
0.0038786 0.149316 0.0204534 
0.0428231 0.0488789 0.0139135 
0.0325873 0.0553902 0.0382891 
-0.0320478 0.145211 0.0403581 
0.039456 0.0657871 0.0317729 
-0.042022 0.0679809 0.0471757 
0.0824744 0.0687101 -0.021683 
0.0279697 0.0948962 0.0222381 
0.0613024 0.0513658 0.00842528 
-0.0178081 0.0703893 0.0428979 
0.158513 0.0507566 0.0221985 
0.0611456 0.149249 0.0138792 
0.0599587 0.0496728 0.00747156 
-0.0369638 0.0777963 0.0428025 
0.0547722 0.181189 0.0123734 
0.0456087 0.0546466 0.0341066 
3.96681e-05 0.144142 0.0290677 
0.0787068 0.1618 -0.0293797 
-0.036781 0.0754915 0.0423367 
-0.0162575 0.0620918 0.0252118 
0.0490586 0.0499454 0.0134345 
0.0223334 0.109106 0.0192646 
0.0753361 0.176285 0.00490829 
-0.0159705 0.0856803 0.0248387 
0.0876373 0.0848731 -0.00359803 
0.0760422 0.101275 0.00728877 
0.0267628 0.0859885 0.0322205 
0.0104043 0.086869 0.0307624 
0.0386169 0.0507263 0.0369172 
-0.0244488 0.15597 0.0342196 
0.0690146 0.161783 0.0113883 
0.0611497 0.157269 -0.00140547 
0.0116471 0.0969598 0.0319081 
0.0850458 0.100098 -0.0116064 
0.0599116 0.0487026 0.00417802 
0.0951688 0.0543292 0.0129745 
0.0599586 0.0592877 0.0282743 
-0.0315379 0.0502383 0.0279244 
-0.0258247 0.0748447 0.0479825 
0.102727 0.140221 -0.0170941 
0.0878982 0.0626509 0.0254356 
0.0916311 0.0565919 0.00423837 
0.0881278 0.0900313 -0.0080428 
0.0817964 0.0902086 0.00564347 
-0.0230695 0.0646395 0.0527512 
0.0552617 0.0697316 -0.0522583 
0.0570115 0.0648825 0.0272583 
0.091118 0.0588372 0.0231822 
-0.024901 0.0971425 0.0353028 
-0.0339649 0.124048 0.0336541 
0.0529027 0.107465 0.0132928 
0.00345344 0.143318 0.0252385 
0.086417 0.0956631 -0.00477112 
0.0897056 0.152734 -0.0121743 
0.0319386 0.165976 0.0367529 
-0.024604 0.100474 0.0305222 
0.0604302 0.0561464 0.0269178 
0.0715636 0.111119 0.00794121 
0.0195962 0.124259 0.0140273 
0.0478465 0.185331 0.00939678 
0.00987013 0.134209 0.0233269 
-0.0205921 0.145687 0.0384893 
0.0682303 0.0646254 0.0235518 
0.0911239 0.0586285 0.0158973 
0.01437 0.193285 0.0261015 
0.0625506 0.184246 0.000400031 
-0.026095 0.0900837 0.0393312 
0.0710041 0.0499068 -0.00730629 
0.043805 0.123501 0.0186461 
-0.0261874 0.0706367 0.0489834 
-0.0372163 0.0923788 0.0418999 
0.0300665 0.0825579 0.0270121 
-0.0303437 0.128498 0.0323641 
0.0654111 0.18212 0.00248108 
0.0481683 0.0535817 0.0331262 
0.0651763 0.050967 0.00530372 
0.0830484 0.106105 -0.00811775 
0.0626701 0.13156 0.00278396 
0.0712678 0.152943 -0.00605442 
0.0720592 0.0512589 -0.00341366 
-0.0255434 0.0533486 0.0283474 
-0.0297681 0.054507 0.0315483 
0.0537234 0.18292 0.0260852 
0.00238106 0.135196 0.0320226 
0.0305922 0.101321 0.00810686 
0.057544 0.0589807 -0.0496231 
-0.0296088 0.0574985 0.0504008 
0.0978501 0.15244 -0.0180279 
0.0763613 0.0695494 0.00835948 
0.0527735 0.0537266 0.0304978 
-0.0273377 0.065505 0.0546717 
0.0585867 0.0490248 -0.0375051 
0.0367459 0.161431 0.0343537 
0.061156 0.0533825 -0.0409184 
0.028268 0.0862467 0.0276245 
0.0342584 0.0708476 0.0266748 
-0.0254318 0.133263 0.0365685 
0.0326736 0.0949873 0.0104002 
0.0830895 0.0651238 0.0168439 
-0.0218394 0.0619404 0.0527114 
0.0768925 0.095881 0.00805454 
0.0270119 0.0809783 0.0331551 
0.0368334 0.0845161 0.0216708 
-0.0273829 0.0517215 0.0554755 
-0.0287821 0.0557441 0.054632 
-0.0257568 0.0603569 0.0345961 
0.00862146 0.112984 0.0326923 
-0.0189454 0.0863849 0.0338731 
-0.0184557 0.091304 0.0276616 
0.102779 0.149185 -0.0280826 
0.0568203 0.0488787 -0.0335416 
-0.0242294 0.164328 0.0255592 
0.0875378 0.0586811 0.0266188 
0.0878559 0.0740351 -0.0116697 
0.0653734 0.18026 0.00961184 
0.00914629 0.0965973 0.0324886 
0.0941743 0.140063 -0.011596 
0.057268 0.0589059 0.0294184 
0.0819916 0.093153 0.00456981 
-0.0308876 0.0514779 0.0293734 
0.091179 0.0545773 0.00584931 
0.072084 0.06942 0.0118548 
0.0642126 0.122784 0.0101177 
0.084789 0.101344 -0.00801209 
0.0757893 0.0665833 0.0183317 
0.0717235 0.165019 0.0088811 
0.0596873 0.0499596 -0.0410054 
0.0814915 0.0638976 0.02298 
0.0429762 0.0541185 0.0356145 
0.0796265 0.0652211 0.0189649 
-0.052975 0.13354 0.041579 
0.0724359 0.167192 0.00596399 
-0.0168788 0.0644532 0.0285362 
-0.0334793 0.0923193 0.0414452 
-0.0361459 0.163876 0.0265539 
0.0621467 0.175896 0.0146036 
0.0684152 0.102413 0.0102999 
0.0421232 0.0499905 0.0352053 
0.0834474 0.0634569 -0.0152414 
0.0723323 0.0645991 0.0235401 
0.0837876 0.0742974 -0.022222 
0.0765795 0.171828 -0.00639689 
0.0805005 0.0619231 -0.0193742 
-0.0383321 0.0931296 0.0421111 
0.0861276 0.14355 -0.00599176 
0.0571587 0.154673 0.0172029 
0.0802538 0.0649893 0.00402836 
0.0617555 0.0679881 0.0245869 
0.0934778 0.056841 0.02114 
0.0606938 0.0659242 0.025109 
0.0797633 0.111527 -0.00418086 
0.0971574 0.148098 -0.037427 
0.0730083 0.0665738 0.0200895 
-0.0401174 0.102739 0.0419615 
0.00964419 0.118111 0.0315525 
-0.0287483 0.0646139 0.0379152 
0.06051 0.0544887 -0.0339751 
0.0710689 0.0693665 0.0182926 
-0.016291 0.0808089 0.0304465 
-0.0367645 0.0978415 0.0419445 
0.0252323 0.0957822 0.0251234 
0.0615214 0.182783 0.00527876 
0.0819199 0.0645504 -0.0206443 
0.0886996 0.163038 -0.0049469 
0.0934962 0.166157 -0.00689929 
0.0842237 0.0650492 -0.00405116 
0.0328995 0.0991837 0.00564356 
0.0560181 0.0679793 -0.0533488 
0.0901992 0.139989 -0.00946753 
0.0773571 0.113198 0.000211802 
0.0951964 0.143428 -0.0120757 
0.0672309 0.0694759 0.0218699 
-0.0172048 0.0663018 0.0306855 
-0.0333887 0.113134 0.0341142 
0.0653623 0.0843613 0.0248597 
0.0762027 0.0543863 -0.0144834 
0.0901171 0.16555 -0.00280019 
-0.027837 0.0598438 0.0512429 
-0.0414767 0.0697926 0.0455847 
0.048704 0.113699 0.0156014 
0.0804717 0.0691416 0.00500467 
0.0568202 0.063554 -0.0521898 
0.0583682 0.0511273 -0.0328293 
0.0544457 0.12291 0.0157065 
-0.0197734 0.0658927 0.033739 
0.0839858 0.0694061 0.000888005 
0.0797552 0.0631661 0.0249639 
0.093731 0.173519 -0.00938786 
0.0375774 0.0686714 0.0305002 
0.0807751 0.110586 -0.00815753 
0.0776894 0.0546459 -0.0109403 
0.0575333 0.0697561 0.027332 
-0.0205345 0.0676655 0.0435187 
0.0600025 0.157806 -0.00509075 
0.0817767 0.0666733 0.0154805 
-0.0356877 0.107884 0.0393157 
0.0261903 0.071022 0.0333305 
-0.0333253 0.118038 0.0288797 
0.064838 0.112119 0.0110079 
0.0824156 0.0954076 -0.0213378 
0.0429388 0.152629 0.0289017 
0.0323946 0.177418 0.0367214 
0.0778724 0.076022 0.00949291 
0.00859989 0.102164 0.0327812 
0.0808023 0.167511 -0.028321 
0.0885909 0.174026 -0.0292517 
0.0565363 0.0651427 -0.0534906 
-0.0163207 0.0695435 0.0404689 
0.0760331 0.164105 0.00565273 
0.036503 0.0719657 0.0245166 
0.0673497 0.170301 0.0118992 
0.0851728 0.0679319 -0.0155562 
-0.0151925 0.0696264 0.0276141 
-0.0145449 0.0703463 0.025168 
0.0724202 0.0745284 0.0192785 
0.0867758 0.0711236 -0.00788652 
0.0699407 0.123996 -0.000214526 
0.0860167 0.0678514 -0.00764349 
0.0936598 0.172845 -0.00736683 
0.0838959 0.0630645 -0.00721581 
0.0468701 0.143868 0.0222853 
0.0544645 0.165158 0.0217301 
0.0746553 0.0730529 0.0112478 
0.0149851 0.112724 0.0292439 
0.0940771 0.0543711 0.0214209 
0.0758986 0.178703 0.00356018 
0.0718528 0.160734 0.00850566 
0.0379502 0.0758561 0.0238971 
-0.0227234 0.0865157 0.0377732 
0.0124573 0.133586 0.0192369 
0.0788976 0.0852793 0.0108069 
0.069652 0.0950223 0.0136877 
0.0772644 0.109744 -0.0179379 
0.0675073 0.126678 -0.000955378 
0.0316326 0.169843 0.0364441 
0.0869438 0.074362 -0.00383153 
0.0817451 0.107598 -0.00390787 
0.00843142 0.12858 0.0296508 
0.0660834 0.176644 0.0110971 
0.0814779 0.0750118 0.00578383 
-0.0235074 0.0562882 0.0301199 
0.00405868 0.107497 0.0337915 
0.0686922 0.0746205 0.0231153 
0.0543897 0.117713 0.0152441 
-0.00923455 0.14504 0.0350438 
0.0693287 0.117502 0.00769128 
0.0728673 0.117448 0.00379378 
0.0754604 0.117095 -0.000886344 
0.0804419 0.164823 0.0025926 
0.0770586 0.115931 -0.00463804 
0.0491352 0.154779 0.0244065 
0.0761781 0.117136 -0.00835188 
0.0770931 0.114815 -0.0119486 
0.0607058 0.0756263 0.0274365 
0.0747405 0.11625 -0.0141287 
-0.00985834 0.134999 0.0367308 
0.0112861 0.138774 0.0181943 
0.00460847 0.118135 0.0336928 
0.0393256 0.133736 0.0213025 
0.011805 0.116098 0.0308505 
0.0144756 0.11615 0.0284736 
0.0857768 0.0692329 -0.0043707 
0.0168853 0.115881 0.0257638 
0.0498085 0.160008 0.0247132 
0.0169574 0.11807 0.0233672 
0.0191259 0.117679 0.0182916 
-0.00282853 0.118677 0.0350621 
0.0764276 0.0658946 0.00805733 
0.00085123 0.118669 0.0346932 
0.000848158 0.148969 0.0224613 
0.0053548 0.102239 0.0332973 
0.024312 0.116898 0.0114891 
0.0807451 0.143005 -0.00264345 
0.0284811 0.169375 0.0386789 
0.0473325 0.148816 0.0234686 
0.0468083 0.118496 0.0174144 
-0.0469827 0.118728 0.0423319 
0.0236076 0.191719 0.021158 
-0.04133 0.118668 0.0407335 
-0.0230695 0.0991038 0.0273174 
-0.0373874 0.118615 0.0376615 
0.057483 0.0784563 0.0268651 
0.0735066 0.179696 -0.0090288 
0.0137107 0.118741 0.0280356 
0.0750751 0.179266 -0.000943579 
0.0746123 0.118152 -0.0122832 
-0.052338 0.116922 0.0424692 
0.04272 0.133247 0.0207058 
0.0433874 0.173179 0.0280781 
0.0842906 0.0946843 -0.0183869 
0.0453957 0.154896 0.0279012 
-0.0517767 0.116916 0.0420707 
0.0250971 0.0890137 0.0323467 
0.0747296 0.119134 -0.00422317 
0.0458749 0.121631 0.018029 
0.0946301 0.173856 -0.0111121 
0.0571591 0.121311 0.0144235 
0.0679435 0.122638 0.00624933 
-0.013558 0.130118 0.0365757 
0.0708954 0.12172 0.00216522 
0.0728767 0.120343 -0.00100364 
0.0566301 0.139627 0.00680391 
0.0796246 0.160081 0.00219302 
0.0223124 0.0959142 0.0278982 
0.0720426 0.122173 -0.00431717 
0.00103349 0.123343 0.0345076 
-0.00721526 0.120798 0.0354303 
0.101145 0.175049 -0.0140319 
0.0866993 0.0953741 -0.0115658 
0.0940055 0.0583738 0.012737 
0.00419097 0.123357 0.0332299 
0.0154299 0.123002 0.0220236 
0.0172778 0.122043 0.0182054 
-0.00242321 0.123929 0.0351707 
0.0177658 0.1241 0.0161107 
0.0879186 0.0744118 -0.00810371 
-0.0470373 0.12404 0.0422894 
0.0822826 0.0615967 -0.00365206 
-0.0411597 0.124223 0.0407779 
0.0773237 0.14034 0.000493478 
-0.00704504 0.134554 0.0361135 
0.0871203 0.0948348 -0.00820799 
0.0897188 0.0583733 0.00609444 
0.0574951 0.137971 0.00308996 
-0.0332248 0.122823 0.0295473 
-0.00875679 0.124418 0.0356897 
0.095656 0.169115 -0.0168249 
0.0459745 0.124303 0.0185722 
0.0680409 0.124794 0.00311953 
0.00610951 0.144757 0.0200461 
-0.0322041 0.125712 0.0307264 
0.0457942 0.128533 0.0193798 
0.0496658 0.128144 0.0181347 
0.059797 0.157742 0.00655116 
0.0546376 0.128151 0.015607 
0.0584988 0.129153 0.0126172 
0.0551865 0.181819 0.0215872 
0.0734751 0.0862598 0.0201381 
0.0598726 0.126959 0.0122885 
0.0559367 0.180464 0.0238847 
0.0631744 0.126984 0.00922036 
0.0670802 0.126225 -0.00750521 
0.00376011 0.128708 0.0326825 
0.0137156 0.127189 0.0219353 
0.0167172 0.12832 0.016241 
-0.0324687 0.129124 0.0347389 
0.0637794 0.164876 0.0158797 
-0.00978422 0.128958 0.0363715 
0.0833731 0.0652446 -0.0185713 
0.0678956 0.164849 0.0123903 
0.0642025 0.153926 -0.000233057 
0.0145019 0.136996 0.0165787 
-0.00187594 0.129174 0.0350087 
-0.0203418 0.157155 0.031172 
0.069938 0.123493 -0.00906871 
0.018997 0.126562 0.014124 
0.0645923 0.127304 -0.00981445 
-0.0363438 0.129497 0.0382676 
-0.00755406 0.156772 0.0224784 
0.0404042 0.129338 0.0206285 
0.0626508 0.129461 0.00780359 
-0.0204511 0.0631735 0.0329424 
-0.0440615 0.128852 0.0419869 
0.0873521 0.0743693 -0.0149766 
-0.027082 0.0687281 0.0538303 
0.0637967 0.129881 -0.000644478 
0.0455384 0.133454 0.0199241 
0.0182809 0.112415 0.0253344 
-0.0531252 0.129475 0.0419921 
0.0687519 0.122124 -0.0134919 
0.04981 0.133634 0.018072 
-0.0282666 0.0920895 0.0398933 
0.058076 0.133346 0.0111926 
0.050067 0.175999 0.0247505 
0.0606319 0.133001 0.00660698 
0.0260451 0.101638 0.0184259 
0.0619491 0.130348 -0.00654519 
0.0633166 0.0704764 0.0249685 
0.0798273 0.173032 -0.00879251 
0.0566514 0.0637468 -0.0497229 
-0.00190671 0.134118 0.0344956 
0.0598023 0.158225 0.0104393 
0.00733441 0.133099 0.0287387 
-0.0441751 0.161216 0.0282083 
0.00986133 0.13214 0.0255175 
0.0575394 0.159625 0.0172591 
0.0652206 0.149111 0.0104907 
0.0753191 0.0653774 0.0221144 
0.0885986 0.176176 -0.0121376 
0.0153144 0.132926 0.0165371 
-0.0194722 0.0611599 0.0504353 
0.060993 0.131782 -0.00600309 
-0.00653087 0.149952 0.0298868 
-0.031959 0.131984 0.0368217 
-0.0294262 0.134473 0.0376483 
-0.0136395 0.134956 0.0371643 
0.0452926 0.186258 0.01174 
-0.0411189 0.134584 0.041207 
0.0862979 0.0688464 -0.0112632 
0.0597617 0.134819 0.00300416 
0.00672062 0.135662 0.0276976 
0.0426076 0.138017 0.0214012 
0.0526644 0.145851 0.0195116 
0.045113 0.138963 0.020494 
0.0833542 0.101123 -0.000551424 
0.0458997 0.165486 0.0283407 
0.0279548 0.101835 0.0121849 
0.0495242 0.13875 0.0178652 
0.0535451 0.138744 0.0142049 
0.036502 0.176486 0.0335922 
0.0564473 0.138217 0.00987222 
-0.0448172 0.146313 0.0397878 
0.0583499 0.136185 -0.000193408 
0.0583736 0.1367 0.00637784 
0.0624057 0.15707 -0.00466528 
0.0590689 0.176093 0.0183283 
-0.00673861 0.139214 0.0355674 
0.056231 0.0678613 -0.0502878 
-0.0025546 0.139467 0.0336308 
0.00112068 0.113196 0.0345834 
0.0565187 0.066906 -0.0524027 
0.099149 0.144694 -0.0148282 
0.081315 0.140516 -0.00381004 
0.00187141 0.139317 0.0306921 
0.00806491 0.138966 0.0220752 
0.0562221 0.137294 -0.00306109 
0.0130164 0.123159 0.0270117 
0.0582596 0.177084 0.0208528 
-0.0155754 0.0812489 0.0275007 
-0.0407916 0.139808 0.0412341 
0.0724961 0.154183 -0.0116439 
-0.0335739 0.140061 0.0402605 
0.063704 0.0590622 0.0258919 
-0.0284155 0.139751 0.0393197 
-0.0331752 0.0870722 0.0413443 
-0.0251133 0.140671 0.0389896 
-0.0141474 0.140207 0.037407 
-0.0098657 0.139945 0.0364041 
0.0707297 0.0498389 -0.00794719 
-0.0336648 0.162064 0.027058 
-0.0860702 0.13734 0.0314418 
-0.0472956 0.139877 0.041334 
0.0557076 0.13862 -0.00137295 
0.0878774 0.0632711 0.0180224 
0.100614 0.139348 -0.0139165 
-0.00355297 0.144108 0.0323791 
-0.0877482 0.139834 0.0306183 
0.0815303 0.108011 -0.0121137 
0.0610388 0.132983 -0.000737799 
0.0346304 0.140604 0.0226024 
0.0740923 0.140337 0.00413724 
0.101864 0.139493 -0.0162025 
-0.00513906 0.146608 0.0318594 
0.0850974 0.0959526 -0.016429 
0.0666628 0.140872 0.0107464 
0.0862182 0.0845583 -0.0187539 
0.0346096 0.14437 0.0229685 
0.069994 0.1408 0.00775237 
0.102539 0.140235 -0.0165919 
0.0428149 0.145702 0.0241741 
0.0204184 0.110877 0.0223159 
0.0530175 0.14204 0.0137758 
0.0544863 0.141869 0.0106544 
0.0743134 0.151902 -0.00044232 
0.0658692 0.144028 0.0111458 
-0.052464 0.115492 0.0421093 
0.0736972 0.144218 0.00477217 
-0.0256631 0.0655565 0.0542065 
0.0747903 0.143189 0.00414838 
0.0783199 0.143397 0.000902158 
-0.0282083 0.0538224 0.0571715 
0.0778043 0.144389 0.000510197 
0.101381 0.142398 -0.0145907 
0.103791 0.143259 -0.0173923 
0.0847647 0.140049 -0.0401927 
0.095062 0.145564 -0.0390174 
0.0649523 0.173486 0.014109 
-0.00659738 0.143263 0.0345002 
0.0694469 0.0855712 0.0230883 
0.00658196 0.142354 0.0211626 
0.0330274 0.0805195 0.0255083 
-0.0218351 0.154028 0.0355065 
0.0104113 0.143715 0.01781 
0.0848718 0.141089 -0.0397106 
0.0867696 0.141333 -0.0406725 
-0.0396502 0.145004 0.0406905 
-0.0284331 0.145584 0.0397869 
-0.0250209 0.145338 0.0393948 
0.0767086 0.0558888 -0.0159148 
-0.0176526 0.143947 0.0381906 
-0.0145855 0.145318 0.0370056 
0.0569114 0.144832 0.0170891 
-0.0152946 0.0655832 0.0250789 
0.061267 0.144758 0.014184 
0.0283661 0.0846102 0.0302093 
0.0755648 0.160008 0.00539487 
-0.0204183 0.162879 0.0248182 
0.105465 0.144278 -0.0226783 
0.00271793 0.14573 0.0234217 
0.0337681 0.144039 0.0231347 
0.0908411 0.14358 -0.0398103 
-0.0924236 0.145255 0.0277048 
0.0942175 0.144875 -0.0402826 
-0.000662757 0.146617 0.0273814 
0.0496458 0.146428 0.0224857 
0.0487315 0.150453 0.023704 
0.030935 0.0595831 0.0379071 
0.0567858 0.149345 0.0171591 
0.0469593 0.0498796 0.0321464 
0.053767 0.175105 0.021415 
0.0734991 0.149021 0.00374065 
0.0768654 0.148886 -0.000322891 
0.0400454 0.0846909 0.0190157 
0.0807257 0.148096 -0.00393459 
0.0845141 0.148006 -0.00703268 
0.0898201 0.148651 -0.0103733 
0.0986598 0.14846 -0.0164126 
-0.00897253 0.153029 0.028963 
-0.0234248 0.0745911 0.0455692 
0.102266 0.148465 -0.0202365 
0.0890962 0.160519 -0.0110976 
0.073998 0.177672 -0.0113055 
0.104794 0.147584 -0.023962 
0.0422986 0.196871 0.0104253 
0.0422098 0.059304 0.0346694 
0.096099 0.146255 -0.0365069 
-0.0143574 0.149323 0.0356315 
-0.0213987 0.135322 0.037581 
-0.00197287 0.149069 0.0266262 
0.0950075 0.146274 -0.0404568 
-0.0431156 0.149855 0.0388881 
-0.0349161 0.150965 0.0394894 
-0.0328003 0.149744 0.0395214 
0.0558837 0.1574 -0.0181143 
-0.0283584 0.151152 0.0386605 
-0.0253105 0.149577 0.038602 
-0.0470991 0.113399 0.0423286 
0.0331214 0.0754456 0.0258765 
-0.0217564 0.150827 0.0373698 
-0.0514272 0.159391 0.0282424 
0.0161177 0.10221 0.0305998 
0.065623 0.167109 0.012931 
-0.016907 0.151192 0.0356959 
0.0425793 0.149997 0.0294101 
0.0859968 0.0901196 -0.0185353 
0.0701231 0.143753 0.00796939 
0.0450432 0.150669 0.0274933 
0.100914 0.149148 -0.0322796 
0.0222353 0.106981 0.0219436 
0.0384992 0.0870438 0.0163545 
0.0762747 0.150297 -0.00871766 
0.0787797 0.150147 -0.0107528 
0.0890415 0.150129 -0.0109177 
0.0722414 0.150803 -0.00571999 
0.0318834 0.152062 0.0362394 
0.0354541 0.151988 0.0333079 
0.0905792 0.150825 -0.013291 
-0.0129089 0.15234 0.0326336 
0.0319315 0.153923 0.0364175 
0.0358898 0.154658 0.0336361 
0.0564721 0.18243 0.00832253 
0.0651525 0.154216 0.0103061 
0.0879274 0.180366 -0.0133745 
0.0721097 0.152486 0.00296956 
0.0780357 0.152301 -0.0117086 
0.0711355 0.0498777 -0.00481641 
-0.0324465 0.153925 0.0382477 
0.0940932 0.152069 -0.0142213 
0.100111 0.151809 -0.0212327 
0.0995577 0.153021 -0.0306972 
-0.0177625 0.154511 0.0333262 
-0.0137595 0.15531 0.0297804 
-0.0103207 0.155487 0.0260952 
-0.0357592 0.134358 0.039602 
0.0883901 0.152969 -0.0188801 
-0.0365343 0.154652 0.0369692 
0.0865541 0.0978114 -0.00785613 
0.0810664 0.153049 -0.0158431 
0.0682491 0.155068 -0.00856796 
0.0792141 0.164343 -0.0288968 
0.0604939 0.156339 0.00597417 
0.0604816 0.155864 0.00291062 
0.0652082 0.155758 -0.00480459 
0.0704688 0.170921 0.00698082 
0.054314 0.13337 0.0150738 
0.066041 0.155895 -0.0106442 
-0.0469602 0.129593 0.0421685 
-0.0281005 0.158069 0.0321767 
0.0158033 0.107389 0.0299858 
0.0661023 0.160398 0.011396 
0.0547138 0.156427 -0.0161774 
-0.0406307 0.108092 0.0415687 
0.0345906 0.0649714 0.0350119 
0.0872289 0.161275 -0.00540247 
-0.0329975 0.135975 0.0392289 
-0.0522197 0.158022 0.0286127 
-0.012796 0.157544 0.0249555 
-0.0105329 0.149877 0.0331241 
0.0396588 0.157987 0.0315345 
0.0691084 0.089308 0.0212826 
0.0416521 0.160449 0.0316242 
0.0525546 0.160145 0.0205139 
0.0598501 0.157666 0.00304621 
0.0677963 0.174095 0.0114963 
0.0569635 0.156207 -0.0182188 
-0.0371562 0.15844 0.0318076 
0.0121034 0.0826118 0.0301071 
-0.0216883 0.159068 0.0285662 
0.0377487 0.143256 0.0227362 
-0.0515069 0.122801 0.0420538 
0.045745 0.160163 0.0284666 
-0.0183713 0.160211 0.0255983 
-0.0133005 0.160099 0.0236269 
-0.00764372 0.158804 0.0221015 
0.0543737 0.157618 -0.016235 
-0.017544 0.131471 0.036763 
0.0742727 0.174241 0.00265665 
-0.0287815 0.16041 0.0287888 
0.0597766 0.11768 0.0131327 
0.0387098 0.160677 0.0336117 
0.0695171 0.159444 0.00891293 
0.0127113 0.083008 0.0299941 
-0.0255868 0.161644 0.0263452 
0.0737003 0.0818335 0.0208088 
0.107118 0.15951 -0.0350947 
0.0420983 0.164926 0.0308946 
0.0672494 0.153314 -0.00266103 
0.05001 0.165555 0.0249086 
0.0750427 0.171747 -0.00504807 
0.0346666 0.0689023 0.0342425 
0.0585526 0.165244 0.018618 
0.0845335 0.164146 -6.73354e-05 
0.0908185 0.163852 -0.00918101 
-0.0381075 0.164292 0.0270773 
-0.0310861 0.164922 0.0261351 
0.0811594 0.0592369 -0.0143436 
-0.020981 0.164028 0.0245133 
0.039721 0.166141 0.0313961 
0.0867239 0.164843 -0.000253673 
0.0730888 0.166621 0.0045277 
0.00503807 0.0942074 0.0318112 
0.0582365 0.184224 0.0046081 
0.0361014 0.170747 0.0340716 
0.0248904 0.098252 0.0241623 
0.0546125 0.17073 0.022154 
0.0668527 0.170747 0.0116712 
-0.0211654 0.13995 0.0384519 
-0.0466025 0.144786 0.0404418 
0.070595 0.16874 0.0088476 
-0.0178264 0.13316 0.0370263 
0.0731918 0.170096 0.00306684 
0.0818609 0.168698 -0.00218992 
0.0940823 0.169648 -0.00656515 
0.0983279 0.139226 -0.0119658 
0.0550536 0.183322 0.00775738 
0.0640109 0.0747833 0.0260427 
0.0980435 0.169674 -0.0103291 
0.029348 0.179634 0.038643 
0.08455 0.169007 -0.0308892 
0.0387526 0.171014 0.0341594 
0.0757735 0.171044 -0.000933357 
0.0857756 0.170929 -0.029491 
0.0430356 0.174257 0.0280759 
0.0649272 0.172114 0.0140722 
0.0865446 0.171201 -0.0327986 
0.0407552 0.173243 0.0304271 
0.087507 0.0795101 -0.00354114 
0.0947309 0.17205 -0.00928237 
0.0794099 0.106352 0.00290792 
0.0695677 0.149032 0.00733347 
0.0463669 0.176877 0.0281028 
-0.0368771 0.0831158 0.0427219 
0.0719786 0.175044 0.00857097 
0.0737063 0.120186 -0.0082198 
0.0750948 0.175627 -0.00106692 
0.0187709 0.114492 0.023018 
0.0708746 0.121483 -0.0111004 
0.0740994 0.175501 -0.00535547 
0.0840382 0.175248 -0.010339 
0.0866807 0.172832 -0.0318981 
0.0875388 0.175214 -0.0340325 
-0.0271828 0.104081 0.0315553 
0.0787158 0.176 -0.0110076 
0.101588 0.175435 -0.0168168 
0.0890735 0.175911 -0.031343 
0.0913414 0.176778 -0.0138001 
0.0714399 0.0934162 0.0153405 
0.034981 0.179501 0.0340428 
0.0461293 0.181545 0.0266612 
0.0821435 0.143742 -0.00290709 
0.057206 0.179702 0.0173252 
0.0614714 0.179874 0.0129648 
-0.0285603 0.131151 0.0341532 
-0.0390743 0.0858458 0.0422312 
0.0689873 0.179525 0.00624337 
0.0726861 0.180791 -0.00590177 
0.0833955 0.100939 -0.015653 
0.0726757 0.180454 -0.0108681 
0.0564567 0.0984449 0.0111423 
0.0846 0.178544 -0.01133 
0.0901845 0.180995 -0.0170051 
0.100164 0.177989 -0.0143249 
0.100483 0.179316 -0.0195195 
0.0115369 0.107409 0.0320524 
0.0689524 0.182072 -0.00156717 
0.0458489 0.183106 0.0121252 
0.0900741 0.162556 -0.0119849 
0.0709651 0.183144 -0.00777384 
0.0473142 0.186991 0.0278527 
0.0513567 0.185939 0.0262775 
0.0528475 0.18445 0.0231624 
0.0331165 0.187227 0.0173724 
0.0405664 0.187463 0.0142364 
0.0754102 0.152482 -0.00939301 
0.0439605 0.188287 0.012219 
0.0142436 0.0863314 0.0304387 
0.0546807 0.184289 0.00668251 
0.0607545 0.184181 0.00336111 
