0.0106264 0.189118 -0.0264983 
0.00717687 0.188325 -0.0258949 
0.00327656 0.187504 -0.0258658 
-0.0215627 0.185003 -0.0317503 
0.00159576 0.184208 -0.0259776 
-0.0235905 0.182436 -0.0142197 
-0.0254346 0.181259 -0.0135118 
-0.00541603 0.178366 -0.0275797 
-0.00949446 0.179311 -0.0263191 
-0.0141556 0.179623 -0.0263178 
-0.0237441 0.179652 -0.026872 
-0.0213822 0.179635 -0.0158527 
-0.0676065 0.176038 -0.0326144 
-0.0330189 0.17447 -0.0141621 
-0.00192718 0.173076 -0.0446131 
-0.00452207 0.172795 -0.0439446 
-0.0457971 0.173176 -0.0181488 
-0.0506429 0.172851 -0.0179922 
-0.0511987 0.173735 -0.0195492 
-0.068041 0.174571 -0.0300923 
-0.0800639 0.172841 -0.0214788 
-0.0667332 0.171772 -0.0278721 
-0.00577939 0.171069 -0.0112215 
-0.00571814 0.170221 -0.0433675 
-0.0103233 0.170189 -0.0421017 
-0.0141626 0.169708 -0.0407187 
-0.00436522 0.169414 -0.0131435 
-0.0129213 0.169096 -0.0121021 
-0.0186061 0.170219 -0.012872 
-0.0215111 0.172023 -0.0438731 
-0.0299572 0.170243 -0.0146726 
-0.0335367 0.169545 -0.0145355 
-0.0552746 0.168272 -0.0198797 
-0.0658164 0.169598 -0.0261339 
-0.0722982 0.170259 -0.0212135 
-0.053866 0.167119 -0.0198531 
-0.00688115 0.166576 -0.0428323 
-0.0694398 0.165287 -0.0159406 
-0.0755049 0.165994 -0.0183894 
-0.0138025 0.16664 -0.0398509 
-0.0566081 0.165999 -0.0175334 
-0.0139695 0.165047 -0.0134803 
-0.0102703 0.165085 -0.0281376 
-0.00887929 0.166555 -0.0132145 
-0.0188269 0.165509 -0.0133035 
-0.0422651 0.17404 -0.0188112 
-0.0296245 0.165384 -0.014045 
-0.0341539 0.164678 -0.0143367 
-0.0447382 0.16478 -0.0147152 
-0.0588834 0.16342 -0.0145953 
-0.0609988 0.164906 -0.0158159 
-0.0675352 0.166802 -0.0188579 
-0.0401613 0.169752 -0.0161331 
-0.0482416 0.162432 -0.0143727 
-0.0182682 0.190664 -0.0314073 
-0.0652814 0.161464 -0.0165403 
-0.0180505 0.172027 -0.0298218 
-0.026395 0.161308 -0.0137068 
-0.0612285 0.16077 -0.0158989 
-0.0706975 0.160074 -0.0208524 
-0.000725323 0.160842 -0.043346 
-0.00637629 0.159329 -0.028363 
-0.029359 0.160895 -0.0136323 
-0.0367717 0.160356 -0.0146696 
-0.0402484 0.160632 -0.0148337 
-0.0447637 0.160886 -0.0149208 
-0.0471715 0.159719 -0.0152648 
-0.050642 0.160612 -0.0149844 
-0.0581361 0.159442 -0.0157888 
-0.0722462 0.159929 -0.0207163 
-0.00246586 0.158036 -0.0431056 
-0.00474837 0.160847 -0.0417108 
0.0355227 0.159408 -0.00353822 
0.0228522 0.158955 -0.00963588 
-0.00334418 0.160381 -0.0115479 
-0.00621157 0.160219 -0.0107063 
-0.00883222 0.16056 -0.0109281 
-0.0157574 0.159185 -0.012542 
-0.0269638 0.158401 -0.0126879 
-0.0371067 0.158091 -0.0145065 
-0.0268374 0.15719 -0.0125801 
0.0281123 0.157252 -0.00647985 
-0.0888262 0.155429 -0.0288709 
-0.0907649 0.155412 -0.0293032 
0.00513676 0.183788 -0.027041 
0.0272002 0.15615 -0.00593949 
-0.0403249 0.165468 -0.0149339 
0.0214004 0.155945 -0.0088552 
0.0162183 0.155784 -0.0120749 
-0.0837371 0.154226 -0.0283545 
-0.0118637 0.155947 -0.0252375 
-0.0126627 0.154934 -0.023561 
-0.0104078 0.154968 -0.0152797 
-0.00921191 0.156344 -0.0127841 
-0.0129429 0.155584 -0.0119576 
-0.019327 0.155378 -0.0119883 
-0.0304105 0.155662 -0.0144707 
-0.0439641 0.155369 -0.0155515 
0.0544198 0.153966 0.00459453 
0.0487684 0.15608 0.00308346 
0.0304858 0.153732 0.00348943 
-0.00950104 0.152624 -0.0261068 
-0.0110219 0.152196 -0.0249572 
-0.0117585 0.152286 -0.0240482 
-0.0198483 0.17441 -0.0271604 
-0.0815589 0.152022 -0.0274772 
-0.0167446 0.15601 -0.0113135 
-0.0368074 0.150416 -0.014389 
-0.0511163 0.150959 -0.0165721 
-0.0542325 0.149592 -0.0169601 
-0.059982 0.149168 -0.0177936 
-0.0790751 0.149849 -0.0211383 
-0.0082975 0.151042 -0.012475 
-0.0130884 0.151166 -0.0121469 
-0.0182923 0.151135 -0.012072 
-0.0181359 0.176484 -0.0265985 
-0.0822188 0.152013 -0.0241043 
-0.0297556 0.150811 -0.0139161 
-0.0400495 0.150769 -0.0147298 
0.0522534 0.151493 0.00643328 
-0.0781313 0.170381 -0.020472 
0.0413221 0.151163 0.00770086 
0.0315321 0.150193 0.00833898 
0.0259022 0.1495 0.00684946 
-0.0774428 0.171917 -0.0231242 
-0.00556635 0.148257 -0.0129659 
-0.0372 0.14797 -0.0139559 
-0.0645299 0.147663 -0.0182177 
-0.0696907 0.148112 -0.0215197 
0.074441 0.14932 0.0278604 
-0.00351466 0.157791 -0.0423817 
-0.00750793 0.147956 -0.0116775 
-0.0220834 0.176071 -0.0162646 
-0.0741092 0.147749 -0.020037 
-0.0577993 0.147661 -0.0170585 
-0.0238318 0.188059 -0.029424 
-0.0144937 0.147358 -0.0127242 
-0.069545 0.171932 -0.0263618 
0.0744023 0.14811 0.02801 
0.0723971 0.147363 0.0283865 
0.0175448 0.14597 0.00446958 
0.0588373 0.146754 0.00910563 
-0.0697131 0.170167 -0.0240631 
0.0765832 0.147295 0.0257097 
0.0479713 0.147432 0.0113037 
-0.0133369 0.146055 -0.0206623 
-0.0189603 0.146039 -0.0132468 
-0.029218 0.146147 -0.0135981 
-0.034646 0.146152 -0.0137526 
-0.0763179 0.171845 -0.0251796 
-0.0450607 0.146156 -0.0140059 
-0.0484622 0.145275 -0.0137441 
-0.0553044 0.145797 -0.0150675 
-0.0617266 0.146308 -0.0171539 
-0.0658427 0.144039 -0.0164032 
-0.0678558 0.146144 -0.0186497 
-0.0151466 0.17122 -0.0135596 
-0.0759808 0.144636 -0.0181413 
-0.082827 0.145928 -0.0184738 
-0.0853051 0.144711 -0.0171563 
0.048948 0.145125 0.0131458 
0.00663385 0.185861 -0.0263773 
0.0433103 0.146989 0.0127458 
-0.0200083 0.192466 -0.0303039 
0.0385958 0.145899 0.0130983 
0.0336479 0.156735 -0.00280192 
0.0357259 0.145003 0.0133825 
-0.0299742 0.175404 -0.0149455 
0.0231226 0.144374 0.00777305 
-0.0320958 0.17313 -0.0161982 
0.0189483 0.145163 0.00498922 
-0.0193144 0.14355 -0.0144405 
0.0849807 0.145203 0.0313533 
-0.0352783 0.172814 -0.0156989 
0.0839777 0.146402 0.0344467 
0.0669116 0.144596 0.0247249 
0.0463183 0.149445 0.00891163 
-0.0451161 0.142483 -0.0134393 
0.042705 0.158947 3.58551e-05 
-0.0555463 0.141955 -0.0146081 
-0.0615439 0.142099 -0.0155996 
-0.0656008 0.142108 -0.0160156 
-0.0555206 0.160606 -0.0151137 
0.0841938 0.14331 0.0294776 
0.0675602 0.142913 0.0248223 
0.0106997 0.142044 0.00106727 
-0.0771042 0.141338 -0.0166905 
-0.0794553 0.174567 -0.0242182 
-0.0800629 0.141318 -0.0159292 
-0.0588941 0.141592 -0.0151645 
-0.0827272 0.141485 -0.0160682 
-0.02625 0.170347 -0.0143833 
0.0103819 0.140763 0.00185927 
-0.0120293 0.162511 -0.027236 
-0.0199545 0.141074 -0.01699 
-0.0340696 0.13929 -0.0171047 
-0.0297368 0.141511 -0.0141191 
0.0196034 0.141738 0.00645641 
-0.077204 0.138547 -0.0161671 
0.0526825 0.141349 0.0143762 
0.0497064 0.141836 0.0152246 
0.0449163 0.141732 0.0159777 
0.0523154 0.154244 0.00587819 
0.0414288 0.14064 0.0161235 
-0.0204958 0.17992 -0.0267144 
0.0225811 0.140809 0.00794919 
0.0833836 0.141136 0.0272743 
0.0823555 0.141872 0.0315554 
0.0794483 0.141216 0.032584 
-0.00109141 0.163729 -0.0433582 
0.0688639 0.141587 0.0259774 
-0.0487637 0.142292 -0.0132156 
0.0546655 0.139106 0.0147759 
0.0784586 0.139043 0.0309633 
0.0498865 0.139011 0.0167343 
0.0754416 0.149496 0.0267226 
0.0226235 0.137961 0.00813512 
-0.0321147 0.137311 -0.0163992 
0.0289863 0.137155 0.0110918 
-0.0207598 0.173794 -0.0442221 
0.0727521 0.140639 0.028449 
-0.0251073 0.13654 -0.0162 
0.0201211 0.136657 0.00677395 
0.0134015 0.136747 0.00410366 
0.0475444 0.135883 0.0181546 
0.0452089 0.137276 0.0176117 
-0.0342468 0.151009 -0.0141216 
0.0410571 0.136733 0.0170243 
0.0871151 0.136093 0.0327708 
0.0768692 0.137231 0.0295303 
0.0727951 0.13556 0.0265596 
0.0714902 0.136847 0.0267807 
-0.0519985 0.14214 -0.0140721 
0.0544695 0.136584 0.0160836 
0.082396 0.137418 0.031263 
0.0349151 0.137145 0.0146668 
0.0253014 0.133314 0.00796905 
-0.0542538 0.157992 -0.0156607 
0.0507767 0.145136 0.0116091 
-0.0397846 0.142749 -0.0137689 
0.0378194 0.133596 0.0161672 
-0.0231485 0.146912 -0.0125312 
-0.0212642 0.132093 -0.0180576 
-0.0252163 0.131803 -0.0164193 
-0.0400784 0.154619 -0.014715 
0.0369644 0.148108 0.0113767 
0.0569892 0.14812 0.0084138 
-0.0300408 0.132037 -0.0157772 
-0.0466661 0.155771 -0.0159043 
-0.0722022 0.141554 -0.0171044 
-0.0394414 0.131016 -0.017092 
0.0230757 0.13161 0.00570923 
0.0801884 0.133004 0.0296497 
0.0386783 0.141973 0.0149512 
0.0137943 0.131782 0.00438664 
0.0542261 0.148544 0.00880469 
0.0411234 0.131866 0.0178367 
0.0205787 0.129268 0.00347576 
0.0733597 0.132024 0.0253797 
0.0705993 0.132412 0.0246977 
0.0308911 0.13802 0.0122329 
0.0696072 0.130413 0.0237738 
-0.0359556 0.165957 -0.0149294 
0.0579467 0.131061 0.0155679 
0.0556105 0.131825 0.0169506 
0.054458 0.152935 0.00462476 
0.0511747 0.131869 0.0188129 
0.0851186 0.131263 0.0296842 
0.0497452 0.15173 0.00608738 
0.0828482 0.13205 0.0301389 
-0.0762839 0.174077 -0.0264049 
-0.0443587 0.150286 -0.0152518 
-0.0428932 0.127075 -0.0169502 
-0.0444193 0.125997 -0.0170987 
0.0853931 0.128762 0.0304502 
0.0449274 0.144819 0.0142199 
0.0438491 0.128484 0.0190539 
0.056131 0.150729 0.00734217 
-0.0302519 0.127056 -0.0160276 
-0.0330001 0.127094 -0.015563 
-0.0356939 0.126958 -0.0156952 
-0.0782036 0.17639 -0.0278006 
-0.040093 0.12696 -0.0162926 
0.00395411 0.127306 0.00128595 
0.0180261 0.127194 0.00278164 
0.0380622 0.137086 0.0160481 
0.013776 0.126895 0.00324113 
0.00744119 0.126927 0.00260593 
-0.0695771 0.17715 -0.0310493 
-0.0267695 0.124033 -0.0180356 
0.0737439 0.127891 0.0245616 
0.0465801 0.127416 0.0195555 
0.0404441 0.127354 0.0178329 
0.0537909 0.154318 0.00533232 
-0.0400886 0.146066 -0.0140589 
-0.0301754 0.123535 -0.016574 
-0.00372293 0.180378 -0.0264121 
0.0768307 0.125501 0.0263503 
-0.0430472 0.171517 -0.0177485 
0.071482 0.125689 0.0231055 
0.0657659 0.125282 0.023201 
0.0559126 0.126967 0.0176929 
0.0794901 0.124597 0.0247848 
0.0786542 0.124647 0.0258638 
-0.0212912 0.182504 -0.0156282 
0.00993686 0.123052 0.00286794 
0.00434969 0.123635 0.00176005 
-0.0265779 0.122131 -0.0190069 
-0.0353498 0.122291 -0.0158234 
-0.0438044 0.122032 -0.0159638 
-0.0466834 0.12238 -0.016882 
-0.0460731 0.0750638 0.00809511 
-0.00616422 0.167662 -0.0144234 
0.028738 0.159276 -0.00665889 
-0.0505685 0.0749201 0.00886281 
0.0492774 0.0661539 0.0486668 
-0.0334557 0.111283 -0.0208451 
-0.0680299 0.0738376 0.0110902 
0.0203405 0.076816 0.039401 
0.0454899 0.0593989 0.0428305 
0.0562447 0.0729239 -0.0131105 
0.0565363 0.0705883 -0.0128584 
0.0552159 0.0737472 -0.0094833 
-0.0189695 0.188956 -0.0319198 
-0.0682293 0.162148 -0.0170224 
-0.0413879 0.0756236 0.00674416 
0.0438927 0.0704284 0.0480236 
0.0670933 0.0795248 0.0438312 
0.0649177 0.0775991 0.046402 
0.0634664 0.0794432 0.0483273 
0.0595295 0.0794604 0.0505914 
-0.0139873 0.182638 -0.0266457 
-0.0424315 0.0784056 0.00425961 
-0.0277836 0.0717838 0.007504 
0.0563437 0.0720925 -0.0121963 
0.064979 0.0703892 0.0224036 
0.0584917 0.0731553 0.00410808 
-0.0505268 0.157384 -0.0156918 
0.0202663 0.0750131 0.0385196 
0.0468593 0.0616305 0.0448768 
0.0167987 0.139726 0.00572384 
-0.0491001 0.0579197 0.0118043 
-0.068158 0.0717325 0.0109759 
-0.0340554 0.160728 -0.0139786 
0.0578708 0.0896884 0.0487737 
-0.0145145 0.176054 -0.0274263 
-0.0424862 0.0718913 0.00861575 
-0.067522 0.0680269 0.0079576 
-0.0187294 0.160244 -0.0125221 
-0.0551974 0.0690572 0.00938504 
-0.034109 0.155831 -0.0139986 
0.0167515 0.132906 0.00532368 
-0.0193941 0.0571841 0.0131382 
-0.018506 0.0742717 0.0114542 
0.0127754 0.120938 0.0011255 
-0.0215141 0.183954 -0.0291399 
-0.0181642 0.0706426 0.0123846 
-0.0295303 0.0689151 0.00980788 
0.0432659 0.15591 0.00170963 
-0.0331126 0.068684 0.0106176 
-0.0351593 0.0705202 0.00952449 
0.03054 0.111534 0.030865 
0.0106179 0.0640415 0.0285327 
-0.0448046 0.108272 -0.0143857 
0.0846316 0.132786 0.0276481 
-0.0482566 0.061685 0.00170877 
-0.0473619 0.114293 -0.0149996 
-0.0375873 0.0887925 -0.00410623 
0.0657406 0.0751813 0.0429068 
0.054143 0.0612403 -0.0233684 
0.0286611 0.104012 0.0393094 
0.0607603 0.0728204 0.0482004 
0.0590622 0.0748444 0.049912 
0.0579145 0.0721817 0.0496177 
-0.0153809 0.172991 -0.0136889 
-0.0422582 0.100079 -0.0151848 
0.024108 0.0757127 0.0387929 
0.0553221 0.0666603 -0.0161688 
-0.0236571 0.160189 -0.012869 
-0.0686849 0.141502 -0.0168189 
0.0831328 0.140551 0.0283969 
0.0600228 0.067525 -0.00293873 
0.0372157 0.150255 0.00940147 
0.0591657 0.0693509 -1.23135e-05 
0.0599705 0.0700155 0.00525719 
0.00936025 0.186346 -0.0271599 
0.058986 0.0721698 0.00748156 
0.064244 0.0717326 0.0423298 
0.049665 0.0572738 0.0396043 
0.0610823 0.0692568 0.0093689 
-0.00575534 0.149794 -0.0132328 
0.0563332 0.0721731 0.0502045 
-0.00202247 0.170972 -0.0445246 
0.0552361 0.0824072 -0.00495472 
0.0351181 0.152437 0.00618539 
0.0623094 0.0683312 0.0126884 
-0.00904114 0.155876 -0.0267884 
0.0663471 0.0702312 0.0332008 
0.0539444 0.0700447 0.0499616 
0.0546372 0.082895 -0.00732185 
-0.0460909 0.0608307 0.00954281 
-0.0123645 0.0663691 0.0111045 
-0.0136261 0.0668144 0.0129988 
0.0550315 0.0647687 -0.0236444 
-0.0655632 0.0744627 0.0100602 
-0.013062 0.160631 -0.0117874 
0.0305818 0.0939445 0.0434505 
0.0260572 0.150954 0.00575327 
0.0223348 0.0700762 0.0352478 
-0.0608399 0.0699887 0.00951246 
-0.00127299 0.126997 -0.00155657 
-0.0486953 0.0641398 0.0120901 
0.0458158 0.0681055 0.0486707 
-0.0569192 0.0593915 0.00900916 
0.0634717 0.0891516 0.048156 
-0.0553422 0.0653097 0.0102051 
0.0442367 0.13279 0.0184685 
-0.0584768 0.0649569 0.0107102 
-0.0716815 0.169093 -0.0183228 
-0.0176744 0.137537 -0.0188083 
0.0470164 0.132156 0.0190422 
-0.0610614 0.0653219 0.0103076 
0.0598091 0.0575224 0.0277266 
-0.0511832 0.0963982 -0.00766893 
0.0269256 0.101193 0.0419631 
0.0287562 0.0797335 0.0386808 
0.0508071 0.136533 0.0174803 
0.00456973 0.107091 0.00107074 
0.0493853 0.0797969 0.0494502 
-0.0329256 0.0656178 0.0117634 
-0.0475645 0.0649945 0.0024745 
0.0640319 0.0622193 0.00470102 
-0.0582535 0.0622911 0.0104121 
-0.0642462 0.0658453 0.00929405 
0.0296748 0.0849139 0.041794 
-0.00299479 0.0897095 0.00077713 
0.0473944 0.0646899 0.0476005 
0.0679031 0.0591909 0.0150381 
0.0665489 0.0742749 0.0393361 
0.062264 0.0756886 0.0481667 
0.068537 0.0604395 0.0220126 
0.0183619 0.0664806 0.0332662 
-0.00875983 0.160798 -0.0277534 
0.0665777 0.0888347 0.0464057 
2.26435e-05 0.0615545 0.0281606 
0.033746 0.15417 0.00237678 
0.0324844 0.146246 0.0114196 
0.0633696 0.0650772 0.00807856 
-0.0309916 0.0748237 0.00632703 
0.0436958 0.0628487 0.0454907 
0.0651307 0.0616099 0.00945932 
-0.0227175 0.127624 -0.0189074 
0.0229946 0.0602351 0.0311948 
0.0298306 0.144195 0.0113776 
0.0067503 0.136171 0.000922852 
3.1243e-06 0.0642776 0.0279722 
0.0290903 0.0774876 0.0356073 
-0.0710704 0.174627 -0.027526 
0.0649458 0.0610698 0.0074043 
0.0620972 0.0660721 0.00425852 
0.072802 0.103255 0.0351117 
-0.0526761 0.0985123 -0.0111342 
-0.0361106 0.0669913 0.0105624 
0.0722204 0.0896222 0.0357432 
0.0338855 0.105388 0.0335742 
0.067734 0.0587614 0.0139618 
0.06269 0.101671 0.0428234 
0.0609674 0.0668595 4.40548e-05 
0.0525868 0.0632477 0.0463548 
0.0183349 0.06855 0.0340838 
0.0203011 0.0677225 0.0340204 
-0.0623722 0.0977538 -0.0154463 
-0.0226604 0.0651885 0.0148751 
-0.0169442 0.182281 -0.0269234 
0.0589139 0.0970068 0.0456248 
-0.0191858 0.174626 -0.0454479 
0.0681816 0.0605979 0.017722 
0.0618862 0.0702711 0.0449429 
0.0376166 0.121085 0.016448 
0.0206726 0.0590339 0.0395612 
0.0656023 0.0608889 0.0281005 
-0.034821 0.136365 -0.0168828 
-0.0513608 0.10438 -0.0135848 
0.0726265 0.114804 0.0275948 
-0.0198798 0.0580121 0.0149322 
-0.0608427 0.0744943 0.00932039 
0.0221463 0.06054 0.035919 
0.0505635 0.0590587 0.0415644 
-0.0225741 0.0570365 0.014862 
0.0687549 0.0805743 0.0406763 
0.0683814 0.0892832 0.0447213 
-0.0468259 0.0948906 -0.00689632 
0.0436764 0.0741016 0.0480356 
-0.0403335 0.11291 -0.0158713 
0.0290552 0.152508 0.00445831 
0.0270185 0.0762313 0.0375381 
0.00254985 0.100416 0.00059369 
0.055989 0.0569865 0.0295973 
0.0555563 0.0750694 0.0511533 
0.0537349 0.0624871 -0.0204478 
0.0464582 0.0781567 0.048839 
-0.0168069 0.0682142 0.0136984 
-0.0132403 0.16535 -0.02702 
0.0362884 0.133043 0.0156967 
0.0579929 0.0701956 -0.00443448 
0.0406607 0.0651747 0.0455827 
-0.0364458 0.17047 -0.0157517 
0.0583299 0.128128 0.0159213 
0.0650435 0.0568217 0.0253947 
0.0568187 0.0712677 -0.00876929 
0.0245458 0.0796428 0.0409512 
-0.0308659 0.0710752 0.00794983 
-0.0492738 0.0840638 -0.00116397 
0.0578384 0.0591978 0.0326973 
0.0337392 0.098502 0.0401938 
0.0211046 0.0634036 0.0346622 
0.0575506 0.0750773 0.0010152 
0.0841119 0.128725 0.0311019 
0.00766434 0.0616106 0.0283725 
0.053975 0.0930514 0.0457094 
0.00729806 0.131983 0.00210083 
0.0223952 0.0575612 0.0377029 
-0.0293012 0.0661139 0.0118526 
0.0118828 0.0639754 0.0285409 
0.0681669 0.0610854 0.0257215 
0.039404 0.154951 0.00221517 
0.0742526 0.122697 0.0176803 
0.0212215 0.0845497 0.042532 
-0.0211876 0.0717105 0.0125237 
0.0199408 0.0719407 0.0368661 
0.016536 0.13623 0.00532361 
-0.0484115 0.0608598 0.0125699 
0.0439416 0.153162 0.00353704 
-0.0211271 0.0580126 0.0154771 
0.00324534 0.0649426 0.0275341 
0.0264058 0.141149 0.00978008 
0.0637121 0.0843354 0.0487127 
-0.0159189 0.0733104 0.0110688 
-0.0354193 0.132153 -0.0163551 
0.0640331 0.0719578 0.0205705 
0.0220652 0.156698 -0.00928809 
0.066574 0.0845557 0.0465286 
-0.027964 0.0752326 0.00525946 
0.0332163 0.103517 0.0368816 
-0.0235707 0.155653 -0.0122995 
0.0634347 0.0741973 0.0462646 
-0.0497132 0.0702217 0.00996285 
-0.0260602 0.0692016 0.00883765 
0.0459915 0.151184 0.00636403 
0.00174738 0.0670057 0.0260536 
-0.0466199 0.0637044 0.0110337 
0.0580491 0.0738776 0.00550682 
-0.0238832 0.165548 -0.013498 
0.0634217 0.0635847 0.0311667 
-0.0320543 0.139504 -0.0166658 
0.0548625 0.0594519 0.0388762 
-0.0410725 0.103507 -0.0166139 
0.0617663 0.0650225 0.000147855 
0.0462097 0.155317 0.0032911 
0.00339601 0.0612295 0.0279419 
0.0638308 0.0730662 0.0206168 
0.0673576 0.0753289 0.0368621 
0.066681 0.0987956 0.0434177 
0.0346054 0.157161 -0.00324862 
0.0571916 0.0661336 0.045982 
0.0645347 0.057783 0.0266203 
-0.0237638 0.150923 -0.0124808 
0.066463 0.0720927 0.0359838 
0.0717984 0.107455 0.0344117 
-0.0261666 0.164827 -0.0136149 
0.0631548 0.0652012 0.0345329 
0.0706551 0.0891445 0.0412312 
0.00887525 0.117646 0.00168937 
0.0681239 0.057851 0.0178682 
-0.00718462 0.18306 -0.02579 
0.0350183 0.141755 0.013964 
0.0557883 0.0796345 -0.0037892 
0.024889 0.0711743 0.0348621 
0.0801062 0.126392 0.02446 
0.0532062 0.0656422 0.0478369 
0.0300712 0.148292 0.00908051 
0.0640822 0.0661638 0.0130612 
0.0624241 0.0686089 0.0418267 
-0.0531399 0.169163 -0.0199615 
0.0342776 0.103939 0.0314154 
-0.0432335 0.168307 -0.0158872 
-0.036743 0.107685 -0.0198788 
-0.0211495 0.189214 -0.0301906 
-0.0195688 0.0668257 0.0145575 
-0.0851497 0.141934 -0.0158373 
-0.0391082 0.0704177 0.00944483 
0.0214144 0.0588338 0.0391157 
0.0514377 0.0611532 0.0438894 
-0.00999703 0.166316 -0.0411827 
0.0585412 0.0624604 0.0395788 
0.052961 0.0743013 0.0511041 
0.0388882 0.069277 0.045708 
0.0674634 0.112914 0.0328649 
-0.0249502 0.188085 -0.0294046 
-0.0137328 0.146156 -0.0138054 
-0.0273831 0.0604976 0.0144671 
-0.017962 0.179261 -0.0264302 
0.0593016 0.0679321 -0.00603007 
-0.0585782 0.0992778 -0.0136269 
0.0673273 0.0652373 0.0226325 
-0.0124588 0.163828 -0.0393306 
-0.044762 0.10332 -0.013951 
0.0420269 0.0609 0.0436176 
0.0407683 0.158672 0.000328908 
-0.056433 0.150066 -0.0173953 
0.0211466 0.0797303 0.0409031 
0.0633279 0.0639224 0.00392183 
-0.0493129 0.174249 -0.0207627 
0.0322095 0.141502 0.0128252 
0.0562115 0.0782184 -0.000782438 
0.0119471 0.106523 -0.00352907 
0.0288959 0.141825 0.0109848 
-0.0256648 0.127135 -0.0174384 
-0.00429304 0.0586447 0.023918 
0.066369 0.0656852 0.0292586 
0.0695273 0.102048 0.0400784 
-0.0602265 0.061006 0.00981934 
-0.0252135 0.0576438 0.0157376 
0.033405 0.108033 0.0274806 
0.0467863 0.1227 0.0198442 
-0.0359079 0.0733851 0.00720197 
-0.0247226 0.174902 -0.0154016 
0.043547 0.0653396 0.0467861 
0.00333665 0.103096 0.000698914 
-0.0589113 0.162096 -0.0146215 
0.0456765 0.0574521 0.0410975 
0.0604892 0.0653416 0.040657 
0.0628674 0.0942155 0.0466574 
-0.048777 0.0595581 0.000198209 
0.031885 0.0859028 0.0339613 
0.0716994 0.0885134 0.038178 
-0.0264074 0.144699 -0.0147129 
0.00238169 0.0980299 5.15019e-05 
0.0554906 0.0615809 0.0420177 
-0.0237878 0.0607779 0.0160036 
-0.0253282 0.0672183 0.0104046 
0.0573394 0.0983044 0.0438001 
0.07897 0.126641 0.0260227 
0.0101275 0.0622449 0.0286661 
-0.0464679 0.0611196 0.0111745 
0.0846221 0.139052 0.0281896 
0.0462982 0.0748568 0.048992 
0.0622955 0.105826 0.0401091 
-0.0138877 0.0687057 0.0126729 
0.0319574 0.0865132 0.0397771 
-0.0465776 0.0682423 0.00439352 
-0.0327284 0.131768 -0.0159668 
0.0599615 0.0883622 0.0493452 
-0.0184807 0.0609506 0.0155079 
0.0659796 0.120987 0.0260799 
0.0571721 0.0697109 -0.010806 
0.054333 0.0566492 0.0347284 
-0.0468751 0.0700513 0.00752848 
0.0651045 0.0668259 0.0319155 
0.0584203 0.0699106 0.0480218 
0.0599765 0.0668835 0.0440068 
0.0637606 0.0917402 0.0472581 
-0.0185039 0.0586774 0.0141739 
-0.0510725 0.146683 -0.0148241 
-0.0398173 0.0731878 0.00859385 
0.0614576 0.0577386 0.0276697 
0.051578 0.126924 0.0194264 
0.0607966 0.0636292 0.037214 
-0.0566555 0.0577245 0.00789483 
0.0652853 0.062285 0.0115363 
-0.0567951 0.0708431 0.00909464 
0.0646863 0.0703792 0.0388982 
0.0661397 0.117593 0.0289307 
-0.00819053 0.169828 -0.0116879 
0.0663271 0.0653024 0.0179057 
-0.0864269 0.154544 -0.0284053 
-0.0304421 0.0620433 0.0128409 
0.000143982 0.0667697 0.0266184 
0.0212214 0.0653239 0.0331785 
-0.078198 0.146397 -0.0189606 
0.0555931 0.079367 0.0512764 
0.0303374 0.113714 0.0294247 
0.0539946 0.0920977 0.0463277 
-0.0469847 0.151329 -0.0159548 
0.0210063 0.0575231 0.0395587 
0.0627546 0.0669161 0.0381072 
-0.0204268 0.136491 -0.0175003 
0.0596816 0.0711596 0.00929774 
-0.0284781 0.178766 -0.0131967 
-0.00518957 0.157551 -0.0126243 
0.0662382 0.0697435 0.0278805 
0.0672276 0.093945 0.0448231 
0.073964 0.100119 0.0294477 
0.00815706 0.0652952 0.0278067 
-0.006326 0.156217 -0.0282487 
-0.0584263 0.0678337 0.0102745 
0.0697844 0.0845441 0.0411831 
0.000452045 0.122381 0.00011907 
-0.00960345 0.161295 -0.0401118 
-0.0561409 0.061515 0.00989012 
-0.0247077 0.179462 -0.0147198 
0.052518 0.0798227 0.0504078 
-0.0500474 0.0575303 0.000311174 
-0.00532456 0.0906642 0.00129065 
-0.0314489 0.0621337 0.0127522 
0.0266592 0.0743599 0.0358857 
-0.0108894 0.165009 -0.0154606 
0.0658861 0.0687478 0.0223545 
0.0714964 0.0864273 0.0358885 
-0.0159221 0.150676 -0.0124811 
-0.0263602 0.0640134 0.0144598 
0.0401251 0.0696756 0.0460654 
-0.0564892 0.0749562 0.00874812 
-0.0681351 0.0670214 0.00732064 
-0.0713267 0.178492 -0.0308196 
0.0307007 0.0833603 0.0394935 
-0.0250015 0.173682 -0.0235954 
0.0226537 0.0735385 0.037594 
0.0547692 0.065489 -0.019398 
-0.0182317 0.192553 -0.0311841 
0.0650923 0.0688575 0.0352816 
0.0660367 0.080915 0.0464937 
0.0566939 0.0763799 -0.00214245 
-0.0373345 0.0753521 0.00524546 
-0.016195 0.173738 -0.0288726 
-0.0657427 0.0703604 0.00972353 
0.0697653 0.0814363 0.0316218 
-0.0370218 0.0798432 0.00430195 
0.0562182 0.0784047 -8.83303e-05 
0.0593865 0.084199 0.0503631 
0.0492282 0.0831458 0.0488292 
0.0532307 0.0846938 0.0495531 
-0.0834272 0.150452 -0.0218926 
0.0683312 0.084338 0.0443474 
0.0705136 0.0840752 0.0371141 
-0.031561 0.0779907 0.00494344 
-0.0661312 0.165016 -0.0155706 
0.0259235 0.0891916 0.0442914 
0.0399187 0.153026 0.0050256 
-0.0401919 0.117554 -0.0153977 
-0.0504413 0.0786388 0.00812932 
-0.0286781 0.0776366 0.00365572 
-0.0353859 0.0855808 -0.000572879 
-0.0257596 0.174202 -0.0228603 
0.0268556 0.0818509 0.0418453 
0.0276406 0.0818542 0.041547 
0.0678995 0.0747948 0.0334953 
0.0716064 0.1128 0.0304935 
-0.0404017 0.0903086 -0.00385133 
0.0697813 0.0835519 0.0332924 
0.0288731 0.10803 0.0350105 
0.0701557 0.0848022 0.0320286 
0.0729652 0.122324 0.0210517 
0.0843087 0.145085 0.0329699 
-0.0595529 0.0776425 0.00904828 
0.0674111 0.0574435 0.0223921 
0.0671226 0.115485 0.0306395 
-0.0562925 0.0781298 0.00795621 
0.0125557 0.117809 0.000130791 
-0.0533068 0.0782588 0.00800941 
0.0337225 0.0940091 0.040731 
-0.0721313 0.165449 -0.0174625 
0.0374359 0.119713 0.0162946 
-0.0465648 0.0786922 0.0068313 
0.0610515 0.0621129 0.0337076 
0.0236416 0.0834074 0.0426815 
-0.0131126 0.165797 -0.0126348 
0.0868064 0.136679 0.031053 
0.0492011 0.0749096 0.0500884 
0.0305756 0.0892876 0.043067 
-0.0539647 0.074513 0.00866857 
0.0400663 0.110026 0.0172837 
0.0556021 0.0738334 -0.0117583 
0.0612724 0.0605053 0.0301636 
0.0259724 0.0847854 0.0431536 
-0.0211795 0.0606791 0.0160701 
0.0378101 0.109351 0.0164064 
-0.0821615 0.138757 -0.0160758 
0.03164 0.0845857 0.0370293 
-0.0437453 0.079748 0.00252446 
-0.0325641 0.0805861 0.00308899 
0.0330079 0.112924 0.027291 
0.0489204 0.0848569 0.0481111 
-0.00961731 0.183187 -0.0260911 
0.0552928 0.0816461 -0.00616125 
0.0258179 0.136378 0.00915679 
0.0690932 0.0796103 0.0332404 
-0.0467255 0.0800822 0.00422045 
-0.0395065 0.0881312 -0.00109832 
0.0687895 0.0794685 0.0373659 
-0.0494628 0.0812662 -0.000909679 
0.0706534 0.0873649 0.0319013 
-0.0431966 0.0846725 0.00153086 
-0.040369 0.0824897 0.00318022 
0.0570559 0.0760072 0.00224725 
-0.0376372 0.0835502 0.00264136 
-0.0685464 0.168233 -0.0202786 
0.0164061 0.122969 0.000676123 
-0.0342156 0.0833937 0.00135376 
-0.0190617 0.171656 -0.0287499 
-0.039153 0.103251 -0.0183277 
0.0439855 0.112843 0.0189662 
0.0767592 0.141714 0.0311614 
0.0215503 0.0882065 0.0435707 
-0.0264644 0.184893 -0.0286559 
-0.0819259 0.148935 -0.0208456 
0.0708093 0.093941 0.0412793 
0.032922 0.0889161 0.0372328 
0.0317605 0.0877673 0.0332208 
0.0410846 0.0569286 0.0391976 
-0.00236516 0.0938465 0.00113085 
-0.0283049 0.118403 -0.020043 
0.0642816 0.0730276 0.0228358 
-0.05232 0.08473 -0.00267397 
-0.0151702 0.145316 -0.0188422 
0.0206497 0.0607675 0.0386557 
-0.0387219 0.0857855 0.000940959 
-0.0704112 0.149921 -0.0216509 
0.0560375 0.0573253 0.0317994 
0.0223532 0.0903917 0.0440252 
-0.0205758 0.18755 -0.031546 
-0.0296257 0.136566 -0.0160944 
-0.0174477 0.0655984 0.0146816 
0.0584899 0.0936243 0.0471488 
-0.0244652 0.184095 -0.0284538 
0.0329096 0.0897287 0.0405831 
0.0721893 0.0930988 0.0383832 
0.0316377 0.108551 0.0329208 
0.0728842 0.0940216 0.0357636 
-0.047054 0.117959 -0.0157155 
0.0104851 0.137035 0.00298135 
-0.0522047 0.0888267 -0.00298566 
-0.0102191 0.176604 -0.0280187 
0.0237185 0.14818 0.00701708 
-0.0491882 0.0892031 -0.00178046 
-0.00398234 0.171038 -0.0117877 
-0.0229943 0.169837 -0.013157 
0.010412 0.139551 0.00236773 
-0.0499414 0.120823 -0.0173268 
-0.0443981 0.0985513 -0.0126675 
0.0200868 0.132053 0.00543755 
-0.0437636 0.0881556 5.2874e-05 
-0.0481599 0.163166 -0.0143016 
0.0738259 0.107997 0.028469 
0.0229173 0.0935056 0.0444049 
0.02291 0.0604005 0.0323761 
0.0258922 0.0940336 0.0443249 
0.0733456 0.113948 0.0210089 
0.0343173 0.0936785 0.0375125 
-0.0454898 0.0926466 -0.00383396 
-0.0445004 0.117178 -0.0152974 
0.0175528 0.130181 0.00444431 
-0.044636 0.0904606 -0.00163979 
-0.0504553 0.164481 -0.0152045 
0.0739813 0.108639 0.0261443 
-0.0367712 0.0876495 -0.00248663 
-0.044761 0.112815 -0.0147412 
0.0722946 0.0954123 0.0384712 
0.0801649 0.145116 0.0338133 
-0.00536337 0.0922418 0.0014252 
-0.0694219 0.177526 -0.031577 
0.0462148 0.114107 0.0194267 
0.00115243 0.0944417 -2.15195e-05 
0.0621057 0.0986767 0.0446556 
0.0705099 0.0986908 0.0405976 
-0.073006 0.150138 -0.0209674 
0.0657927 0.123123 0.0245805 
0.0722967 0.0977192 0.0384794 
-0.0523355 0.101459 -0.012521 
0.0731596 0.098579 0.035522 
-0.0481481 0.0964214 -0.00861849 
-0.0213382 0.0733765 0.0120721 
-0.0513083 0.0941859 -0.0052588 
0.0718058 0.145536 0.0278034 
-0.0490483 0.0922937 -0.00301467 
0.0686909 0.126811 0.0230328 
-0.0433995 0.0941331 -0.00894924 
0.0254638 0.0984269 0.0433161 
0.0256642 0.14639 0.00827687 
-0.0422752 0.0922054 -0.00569336 
-0.0507616 0.117452 -0.0165729 
3.03e-05 0.126457 -0.000761019 
0.0302382 0.0985596 0.0424212 
0.0350032 0.0984513 0.0373397 
0.0411673 0.12276 0.0183027 
0.0353463 0.099625 0.0352437 
0.072018 0.100181 0.03842 
-0.00133158 0.0979484 0.00119409 
0.0710644 0.129077 0.0236934 
-0.0292807 0.0789242 0.00271948 
0.0643073 0.112076 0.0341296 
-0.0431555 0.095661 -0.0117683 
-0.0471967 0.166365 -0.0159426 
0.0247798 0.100513 0.0427135 
0.00552533 0.0996347 -0.00123486 
0.0613278 0.103289 0.0414395 
-0.0484296 0.107216 -0.0138488 
0.0702733 0.117907 0.0270893 
0.0662498 0.102298 0.0418473 
0.0701887 0.103866 0.0384837 
-0.0123436 0.161617 -0.0388948 
-0.00364399 0.0586086 0.023198 
0.0737444 0.103795 0.0316149 
-0.00420604 0.121979 -0.00247043 
0.0282588 0.106551 0.0365613 
-0.0487178 0.09858 -0.0112553 
0.00254916 0.131514 -0.000238742 
0.00996677 0.127094 0.00320892 
0.0492207 0.0698783 0.0499812 
0.0299059 0.101529 0.0411336 
0.0599107 0.146205 0.00875487 
-0.0495012 0.0664095 0.0105028 
0.0326696 0.101408 0.0398576 
-0.0506848 0.171233 -0.0177656 
0.0349302 0.102285 0.0344997 
-0.0462555 0.17036 -0.0172086 
-0.0373945 0.109451 -0.0185888 
0.0304559 0.080902 0.036112 
0.0741173 0.10366 0.0291432 
0.0654269 0.104533 0.0405215 
-0.00941833 0.163821 -0.0405874 
-0.0559537 0.0994688 -0.0127734 
0.0740051 0.104952 0.026882 
0.00661331 0.10375 -0.000785085 
-0.0466953 0.0656935 0.00875504 
0.00742859 0.10203 -0.00170302 
0.0109528 0.108099 -0.00225147 
-0.00326555 0.18374 -0.0256952 
0.0102692 0.130608 0.00328558 
0.0215623 0.0575027 0.0390763 
0.0336621 0.104969 0.0281748 
0.0690548 0.107916 0.0365763 
0.0738512 0.0988922 0.0315447 
-0.0550457 0.103352 -0.0139114 
-0.0330846 0.129972 -0.0156294 
0.0728844 0.108644 0.0315588 
0.0158918 0.120847 -0.000239254 
-0.0556293 0.113333 -0.0169602 
5.53832e-05 0.181049 -0.0271399 
0.0438951 0.117588 0.0190654 
-0.0587746 0.102136 -0.0146249 
0.0730641 0.0943879 0.0321299 
0.0316141 0.106599 0.0352664 
0.0430855 0.149371 0.0101267 
0.0336409 0.1078 0.0303049 
-0.014094 0.0703428 0.0118538 
0.0738983 0.119802 0.0173251 
0.00999416 0.104637 -0.00233474 
-0.0309576 0.121498 -0.017077 
-0.0609904 0.104082 -0.0169708 
-0.0381545 0.104247 -0.0192833 
0.0112229 0.104781 -0.00318918 
0.0734062 0.111846 0.0281906 
-0.00732737 0.180453 -0.0258205 
0.0635791 0.109557 0.036255 
0.0583871 0.0609089 0.0363504 
0.00727883 0.107989 -0.00014111 
0.0367537 0.109491 0.016325 
0.068213 0.110346 0.0347371 
-0.0336429 0.142081 -0.0129986 
-0.00437514 0.0576585 0.0229121 
0.070249 0.115492 0.0293789 
-0.0508936 0.108577 -0.0145795 
-0.0548313 0.107984 -0.0151354 
0.0736151 0.113035 0.0252879 
0.0039445 0.186226 -0.025777 
0.0133371 0.122995 0.00189645 
-0.060015 0.107627 -0.0177744 
-0.0491321 0.102868 -0.0129152 
0.0329095 0.110919 0.0294564 
0.0371825 0.112582 0.0166867 
0.0404035 0.112999 0.017707 
-0.0343074 0.109802 -0.0208703 
0.0679314 0.064732 0.0262949 
0.00778424 0.112799 0.000770016 
0.0117156 0.112965 -0.00128851 
-0.0545788 0.11186 -0.0161547 
0.0470438 0.11794 0.0199116 
0.0151246 0.118949 -0.000745288 
0.0695893 0.121533 0.0249531 
-0.0504908 0.113049 -0.0154276 
-0.0813548 0.172652 -0.0206377 
-0.03621 0.112956 -0.0180335 
-0.0206636 0.0640056 0.0156229 
-0.0325804 0.113489 -0.020194 
0.0491569 0.114678 0.0196027 
0.07271 0.117351 0.024446 
0.0561876 0.0832734 0.0507283 
-0.0406542 0.108233 -0.0165158 
0.0303574 0.116983 0.0277809 
-0.0049765 0.164158 -0.042158 
-0.0405374 0.122439 -0.015686 
0.0532993 0.0573289 0.0371847 
0.0325362 0.117738 0.0258524 
0.0513395 0.117983 0.0197193 
-0.0719034 0.177539 -0.0294734 
0.073343 0.118182 0.0204763 
-0.0163322 0.141943 -0.0186977 
0.0409106 0.117574 0.0182863 
-0.0298713 0.114723 -0.0213126 
0.0539065 0.0888156 0.048346 
0.0256047 0.10291 0.0413165 
-0.0356306 0.117624 -0.0166051 
-0.0313488 0.117634 -0.0186517 
-0.0765406 0.167049 -0.0186998 
-0.0253676 0.141526 -0.0158115 
0.0329969 0.119709 0.0235097 
-0.0556825 0.163871 -0.0151536 
-0.0138411 0.143757 -0.0204104 
0.0542758 0.119476 0.0187993 
-0.00408879 0.118955 -0.00154703 
0.0144148 0.141605 0.00366513 
-0.0483401 0.0578613 0.0108403 
0.0518373 0.122252 0.0197539 
0.0550805 0.122496 0.0182843 
0.0716883 0.120827 0.0235578 
0.0309257 0.120677 0.0259903 
-0.0239999 0.174903 -0.0259566 
-0.088947 0.146419 -0.0210484 
0.0600405 0.0669461 -0.00386395 
0.0316465 0.121051 0.0248917 
-0.0173772 0.172923 -0.0126896 
-0.0723818 0.145571 -0.0186819 
0.0316482 0.122253 0.0231004 
0.0391869 0.155845 0.000471113 
0.0570653 0.063821 0.0436902 
0.0742363 0.122202 0.0167332 
-0.000170619 0.119703 0.000344478 
0.0649033 0.107283 0.038398 
0.0686426 0.123725 0.0239219 
-0.0859499 0.153045 -0.0279561 
0.00844457 0.122286 0.00239041 
