0.015439 0.193438 0.0392838 
0.0188075 0.186835 0.0395266 
0.0192522 0.188013 0.0423486 
0.0180432 0.180016 0.0257999 
0.0197991 0.183728 0.0397192 
0.0652102 0.178389 0.0491577 
0.023125 0.177008 0.0285738 
0.0641449 0.177327 0.0461334 
0.0649489 0.176887 0.0471856 
0.0654875 0.177487 0.0496497 
0.0715289 0.174296 0.0470908 
0.0714294 0.175711 0.0599181 
0.071761 0.170102 0.0400865 
0.0708321 0.17538 0.051927 
0.0612662 0.164596 0.0353828 
0.0626123 0.165304 0.0364833 
0.0698488 0.166842 0.0397929 
0.069941 0.16772 0.0437805 
0.0691733 0.169386 0.0481219 
0.0610324 0.16901 0.051426 
0.0684187 0.170561 0.0526749 
0.0674696 0.164586 0.0409348 
0.0682179 0.17011 0.0630939 
0.0589793 0.166864 0.0489231 
0.0681111 0.164503 0.0439169 
0.0550327 0.165244 0.0488144 
0.0582298 0.167065 0.0517264 
0.0660113 0.162389 0.043544 
0.0543341 0.165317 0.0511069 
0.0661817 0.168435 0.065207 
0.0517477 0.164804 0.0520897 
0.0516479 0.159661 0.0349817 
0.0559592 0.159023 0.0376572 
0.0328392 0.163268 0.0488607 
0.0633131 0.164405 0.0603563 
-0.0456928 0.160799 0.0146731 
0.0517972 0.158173 0.0371454 
0.0312873 0.162044 0.047539 
0.0307456 0.162739 0.0506785 
0.0604809 0.159256 0.0401275 
0.0628108 0.159606 0.0436305 
0.060169 0.16469 0.0631843 
0.0170443 0.157434 0.0308036 
0.0587169 0.160838 0.0601052 
0.0590149 0.16147 0.0615276 
-0.0401176 0.157636 0.0174182 
0.0147961 0.156498 0.0303858 
0.0247379 0.156172 0.0330722 
0.0308462 0.15892 0.0432507 
0.0519921 0.164656 0.0548059 
0.0220079 0.162681 0.0630347 
-0.0331318 0.154535 0.0166439 
0.0266788 0.156018 0.0347874 
0.0357765 0.153883 0.0376321 
0.0303986 0.157103 0.0399604 
0.0357972 0.154399 0.0405482 
0.0321173 0.157527 0.0504759 
0.031432 0.158182 0.0525892 
0.0300102 0.160646 0.0528103 
0.0287212 0.161197 0.057045 
0.0226652 0.162112 0.0624501 
0.0227128 0.175209 0.026159 
0.07768 0.153693 0.0523202 
0.0805348 0.154532 0.0542262 
0.0343708 0.154284 0.0420862 
0.0339315 0.156718 0.0515614 
-0.0300524 0.153496 0.0172498 
0.0409813 0.152431 0.0403582 
0.0380291 0.155533 0.0529587 
-0.0331738 0.151821 0.0128709 
-0.0303425 0.150755 0.0143055 
-0.0272597 0.150147 0.0163458 
-0.0265886 0.152475 0.0192594 
-0.0230494 0.152035 0.0233017 
0.0322857 0.151552 0.0359306 
0.0690381 0.153739 0.0616657 
0.0366682 0.151437 0.0373683 
0.0437635 0.149646 0.0399895 
0.0727694 0.150269 0.049036 
-0.0412038 0.147127 0.00637468 
-0.0213931 0.150333 0.0241303 
0.0398437 0.147891 0.038404 
0.0749638 0.148901 0.0509169 
0.0755838 0.151104 0.0544504 
0.0370261 0.147495 0.0371915 
-0.0774642 0.14386 -0.0108732 
0.0490705 0.163977 0.05423 
-0.0731486 0.14485 -0.00673867 
-0.0293032 0.147584 0.013531 
-0.0382603 0.145576 0.00743321 
-0.0344823 0.146056 0.00967496 
-0.0276052 0.144149 0.0139552 
-0.026202 0.146859 0.0159075 
-0.0228698 0.145961 0.0183177 
0.0733972 0.141732 0.0438547 
0.0767019 0.145294 0.0516434 
-0.0414943 0.148744 0.00687414 
0.0738871 0.148699 0.0644298 
-0.073796 0.140916 -0.00638048 
0.0735938 0.145335 0.0619561 
-0.0390297 0.140706 0.00711565 
-0.018726 0.141676 0.0205378 
-0.0174395 0.143708 0.022817 
-0.0155038 0.141584 0.0238074 
0.0664423 0.144804 0.0635663 
-0.0772431 0.137184 -0.00877172 
0.06503 0.141404 0.0520415 
0.0647716 0.142144 0.0551573 
0.0741232 0.145283 0.0661944 
-0.0114767 0.141614 0.0329901 
0.0702755 0.137239 0.0424616 
-0.0251709 0.142347 0.0157017 
0.0600818 0.140994 0.054836 
0.0600564 0.142127 0.058891 
0.0602725 0.143601 0.0642542 
0.0648493 0.14384 0.0633758 
0.0739175 0.139035 0.0458979 
0.0695495 0.143749 0.0681935 
0.0615596 0.157215 0.043377 
-0.0748913 0.136552 -0.00511141 
0.0652492 0.136596 0.0431692 
0.065681 0.136718 0.043751 
-0.0491671 0.13401 0.00282521 
-0.0477525 0.135624 0.00327243 
-0.0435965 0.136053 0.0053402 
-0.0772626 0.133459 -0.00621268 
-0.0396528 0.136487 0.00803714 
-0.0380344 0.134996 0.0100287 
0.0212396 0.182732 0.0412039 
-0.0265629 0.137267 0.0153561 
-0.0240515 0.136106 0.0170147 
-0.0371221 0.142067 0.00819102 
-0.015083 0.136936 0.0229491 
-0.0134809 0.138296 0.0247667 
0.0673047 0.142811 0.0696448 
0.0236067 0.16098 0.0624215 
0.0218987 0.139166 0.0406726 
0.0257808 0.160449 0.0612145 
0.0250537 0.138906 0.0431394 
0.0275957 0.13839 0.0457233 
0.0284787 0.140105 0.0485719 
0.0286462 0.141068 0.0532063 
0.0272419 0.142346 0.0576721 
0.0253315 0.142717 0.0610407 
-0.0760123 0.132614 -0.0040999 
-0.0767706 0.129944 -0.00323955 
-0.0511109 0.131829 0.00246127 
0.0682637 0.170646 0.0567323 
-0.0472621 0.131204 0.00459699 
-0.0332357 0.156182 0.0185876 
0.0282447 0.140161 0.059838 
-0.0213151 0.132904 0.0191311 
-0.0182567 0.132901 0.0208037 
-0.0225573 0.129986 0.0192655 
-0.0141355 0.132803 0.0235535 
-0.0118664 0.131666 0.0254984 
0.0598363 0.167606 0.0557271 
-0.0112506 0.139551 0.0313246 
-0.00815292 0.132295 0.0307326 
0.0256639 0.134849 0.0430488 
0.0240955 0.133029 0.0420788 
0.0317076 0.136833 0.0551711 
-0.0517426 0.157555 0.0109581 
0.0303924 0.137879 0.0593191 
0.0259204 0.140254 0.0631555 
-0.051987 0.126694 0.00323958 
-0.0492954 0.126665 0.0046296 
-0.0448025 0.127506 0.00854973 
-0.0420893 0.12779 0.0162565 
0.028994 0.158426 0.0578703 
0.0321542 0.135268 0.0614291 
-0.018512 0.12843 0.0215186 
-0.0496081 0.12375 0.00542625 
-0.0109271 0.127929 0.0264341 
0.029642 0.130651 0.0452752 
0.0760125 0.153478 0.0513926 
-0.0528607 0.122959 0.00397765 
0.0255718 0.129543 0.0427602 
0.0363032 0.132258 0.0574617 
0.0196993 0.186117 0.04485 
-0.0435687 0.125185 0.0170369 
0.0361226 0.128341 0.0500886 
-0.0360905 0.132881 0.0132795 
0.0368623 0.130209 0.053284 
0.0385703 0.128889 0.0557918 
0.0386219 0.129682 0.0586306 
0.0374481 0.130614 0.0616101 
0.0335365 0.133 0.0653236 
-0.0395271 0.119365 0.00233082 
-0.0392429 0.120055 0.00445354 
0.0728047 0.147625 0.0465492 
-0.04764 0.12246 0.00716118 
-0.0457522 0.123131 0.00968443 
0.0384835 0.127326 0.0526391 
-0.00552753 0.126467 0.0349481 
-0.0769199 0.142195 -0.00983365 
-0.0446137 0.121949 0.0176445 
0.0668013 0.168147 0.0544966 
-0.0146222 0.123731 0.0243884 
0.0608463 0.16857 0.0529361 
-0.0106081 0.123819 0.0268991 
-0.00792828 0.122661 0.0289221 
0.0328331 0.157343 0.0536436 
-0.00633177 0.124432 0.0314022 
0.0355974 0.156186 0.054409 
-0.00479747 0.123252 0.0344221 
0.0289359 0.138001 0.0629196 
-0.00451473 0.124824 0.0363867 
0.029944 0.124797 0.0445575 
-0.0709826 0.1182 6.7308e-05 
0.0330393 0.12395 0.0459537 
0.0361855 0.122657 0.0475161 
0.0404578 0.123949 0.0521059 
0.0427542 0.125391 0.0604424 
-0.0410448 0.13283 0.00913446 
0.037678 0.128701 0.0676178 
0.0781027 0.154505 0.0576797 
0.0339894 0.13089 0.0679601 
-0.0391381 0.115625 0.0027326 
-0.0459489 0.11834 0.0109762 
-0.044546 0.119813 0.0149737 
-0.0442148 0.118626 0.0169713 
0.0722944 0.172034 0.0429895 
-0.0442631 0.119536 0.0187113 
0.0428134 0.122836 0.054733 
-0.0444209 0.116153 0.0146243 
-0.0138135 0.119262 0.0254173 
-0.0109163 0.11928 0.0271389 
-0.00325816 0.120958 0.0370434 
-0.00522147 0.116628 0.0317099 
0.0703165 0.143725 0.0562406 
-0.0484483 0.113654 0.00944186 
-0.045962 0.11393 0.0121941 
0.0333528 0.119482 0.045874 
0.0657761 0.168295 0.0624741 
0.0374406 0.119276 0.0477712 
0.0401553 0.118209 0.049568 
0.0450259 0.123008 0.061959 
0.0413931 0.0827823 0.0511584 
0.0306848 0.159628 0.0484778 
0.0505718 0.109893 0.0718651 
0.0463914 0.0940489 0.0843357 
0.0510862 0.112719 0.0662011 
-0.0508099 0.0699143 -0.0045094 
0.0532207 0.0874694 0.0627954 
0.0746182 0.140255 0.0454222 
0.0513024 0.0996123 0.0572231 
-0.0449238 0.0962716 0.0192389 
0.0542026 0.0883672 0.0649997 
0.0524073 0.0919436 0.0775856 
-0.0548298 0.0657502 -0.00811811 
-0.0344166 0.0696441 0.00075996 
0.0370947 0.0644768 0.0727897 
0.0135848 0.186772 0.0575073 
-0.0412062 0.161212 0.0171196 
0.0764398 0.143588 0.0476188 
-0.0309767 0.137119 0.0131519 
0.0517538 0.105763 0.0593292 
-0.0426286 0.101297 0.0202885 
0.0721843 0.144079 0.0535115 
0.0394537 0.0817442 0.101438 
0.028465 0.157443 0.037193 
0.0314576 0.0809059 0.0411082 
0.0410467 0.0793063 0.102585 
-0.0469852 0.160611 0.0135287 
-0.0123364 0.14268 0.0314402 
0.0442435 0.112465 0.0785337 
-0.0345913 0.14132 0.00986406 
-0.0179819 0.137433 0.0206418 
-0.0380921 0.106469 0.00507573 
0.0368091 0.0780138 0.039283 
-0.0435678 0.127138 0.0120805 
-0.0611383 0.0661184 -0.0118801 
-0.0483774 0.0678703 -0.00173707 
-0.0390437 0.0984992 0.0255468 
-0.0296793 0.0725952 0.0207322 
0.0348506 0.0784748 0.0370192 
-0.0725482 0.122371 -0.00108746 
0.0369024 0.0803001 0.0432297 
0.0478897 0.089097 0.0829517 
0.0424646 0.0739643 0.0339196 
0.0443106 0.0590066 0.0383024 
0.0458788 0.066532 0.0531036 
0.0472839 0.0938645 0.0535159 
0.039578 0.0783024 0.0448755 
-0.0419721 0.128872 0.013894 
-0.0574162 0.0654692 -0.00972376 
-0.0398937 0.131955 0.0115829 
0.0339041 0.132435 0.0515203 
0.0444171 0.0733035 0.0364444 
-0.0347576 0.0673547 0.00293204 
0.0421009 0.0773891 0.0479565 
0.0363288 0.0764483 0.0357156 
-0.0387186 0.109513 -1.8909e-05 
0.0444161 0.0792939 0.0505494 
0.046636 0.0811796 0.0559656 
0.0311185 0.160712 0.043973 
-0.0501966 0.0661805 -0.00367307 
0.0609725 0.163469 0.0593878 
-0.0365326 0.0537714 0.00404964 
0.0578751 0.166573 0.0552465 
0.0419539 0.0556353 0.0418504 
-0.0395961 0.144184 0.00654659 
0.0461592 0.078841 0.0526355 
0.0427221 0.0671947 0.0653775 
-0.0193359 0.124621 0.0223004 
0.0528092 0.0830865 0.0639372 
-0.0384173 0.110825 0.00409691 
0.0485852 0.113259 0.0734315 
-0.0480995 0.0650339 -0.00121982 
0.0713577 0.142918 0.0530007 
-0.0645707 0.0715195 -0.0146736 
0.0436183 0.0736927 0.0366289 
0.0509809 0.0827281 0.061136 
0.042866 0.116765 0.0514976 
0.0717576 0.171566 0.0432883 
0.0419169 0.0748196 0.0409068 
0.0487105 0.163999 0.0512471 
0.0500219 0.0783336 0.0624251 
0.0287659 0.134297 0.0457234 
0.0444394 0.0866365 0.0856939 
-0.0536325 0.0614308 -0.00517705 
0.0527406 0.103788 0.0723459 
0.0488737 0.0822703 0.0582535 
0.0497584 0.0748716 0.0672549 
-0.0771973 0.135613 -0.00756475 
0.0410365 0.0763714 0.0457744 
0.0480113 0.114567 0.0564644 
0.0456758 0.072734 0.0426557 
0.0399191 0.0809515 0.0485726 
-0.0237325 0.15113 0.0209926 
-0.032149 0.0677847 0.00851415 
0.0448798 0.0760496 0.056192 
0.0403762 0.150955 0.0389297 
0.0460269 0.0772161 0.0564103 
0.038434 0.0836931 0.0973767 
-0.032631 0.071231 0.00265847 
0.0477632 0.0701383 0.0418685 
0.0251322 0.158153 0.0327244 
-0.0390643 0.107512 -0.00272288 
-0.0326985 0.0755992 0.0011817 
0.046248 0.0844624 0.0836118 
0.0437482 0.0829476 0.0854103 
-0.0534137 0.0705369 -0.00726965 
0.0314212 0.133306 0.0481431 
0.0432963 0.085355 0.0865369 
0.0452889 0.0629468 0.0533091 
0.0512413 0.0784631 0.0729589 
-0.0106418 0.114728 0.0277443 
-0.0535694 0.0586993 -0.00294014 
0.043042 0.0673794 0.0685541 
-0.0346068 0.0618306 0.00698457 
-0.0583233 0.0742723 -0.0115793 
0.0703765 0.172724 0.0577461 
-0.0439025 0.131727 0.00691826 
-0.0328948 0.0630706 0.00877652 
0.0448413 0.0739054 0.046724 
-0.0552558 0.0625364 -0.00711455 
-0.0472186 0.127237 0.00582824 
-0.015159 0.0633502 0.0175552 
0.031658 0.0622463 0.0627609 
0.0404881 0.076908 0.101674 
0.036688 0.0632345 0.0674326 
0.0737042 0.151926 0.058845 
0.0228874 0.143489 0.0627709 
-0.0512931 0.0585831 -0.000931524 
0.0302628 0.0997555 0.0900264 
0.0360657 0.0827201 0.0903091 
0.0608794 0.140385 0.0514041 
-0.0370358 0.101458 0.0032891 
0.0596175 0.140579 0.0556036 
-0.0138606 0.0617393 0.0189915 
0.0319611 0.153944 0.0357517 
0.033131 0.0739667 0.087911 
0.0310394 0.0852006 0.0940322 
0.0378414 0.0750533 0.0918606 
0.0575822 0.160637 0.0362037 
-0.00206184 0.117511 0.0379149 
-0.0327454 0.0665576 0.0150015 
0.0424676 0.0770941 0.0955479 
0.0598577 0.141598 0.0593392 
0.0353587 0.0743991 0.0899014 
-0.0365491 0.148982 0.00871241 
0.0320789 0.0838869 0.0407193 
-0.0011003 0.115589 0.0387523 
-0.0176754 0.0636489 0.021979 
-0.021549 0.129514 0.0199073 
-0.0315221 0.08525 0.023091 
-0.0349003 0.0865738 -0.0101045 
0.0375481 0.065115 0.059111 
-0.0175562 0.0617371 0.0227009 
0.0455153 0.0901674 0.0852148 
0.0705239 0.1722 0.047629 
0.0788643 0.0812388 0.145434 
0.0420117 0.0581992 0.0375325 
-0.0330667 0.0871824 0.0159997 
0.0545576 0.159937 0.0355147 
0.0343852 0.06736 0.0806972 
-0.0102914 0.133676 0.0280076 
0.0398093 0.128398 0.06408 
0.0514288 0.110964 0.062095 
-0.0069084 0.105187 0.0312407 
-0.0325383 0.0727755 0.0148005 
0.0671716 0.165023 0.0380936 
-0.0574616 0.0619386 -0.00808163 
-0.0333526 0.0788231 -0.00497257 
0.0720659 0.144754 0.0559202 
0.0459066 0.076163 0.0532708 
0.0165398 0.190484 0.0386806 
0.0396416 0.074934 0.0934433 
0.0250592 0.141593 0.0431177 
-0.0341639 0.0694432 0.0129373 
0.0443607 0.0821433 0.0532879 
0.0533464 0.0836119 0.0664747 
0.0413486 0.114587 0.0498168 
0.0720572 0.151521 0.0625563 
0.0427175 0.068094 0.0728887 
0.0334852 0.0829556 0.106081 
0.0466981 0.0732215 0.06172 
0.0367489 0.0770324 0.0887456 
0.0565027 0.164903 0.0565454 
0.0424757 0.0567141 0.0395104 
0.0388221 0.0691734 0.0811088 
0.0455362 0.100738 0.0522073 
0.0417023 0.0686593 0.058441 
0.0347118 0.065886 0.0786114 
-0.0335802 0.0557713 0.0109261 
0.031173 0.0554942 0.0364016 
0.0171118 0.18977 0.0389247 
0.0428817 0.0747282 0.096293 
0.0829457 0.155552 0.0560744 
-0.0704107 0.113821 0.00134225 
-0.031625 0.0590207 0.011641 
-0.00757682 0.101143 0.0316797 
0.0452043 0.0719369 0.0526804 
0.0361843 0.130919 0.0647688 
-0.044493 0.10505 0.0167393 
0.0479414 0.116075 0.069935 
-0.0193514 0.14825 0.0247683 
0.0321005 0.0606313 0.0332962 
0.0401307 0.0657865 0.0634751 
0.0388975 0.0658044 0.072801 
-0.0382127 0.101975 -0.000819725 
0.0349661 0.0673155 0.079709 
-0.0430233 0.140551 0.00493056 
-0.034109 0.0876633 -0.00755549 
-0.0320566 0.133442 0.0147762 
0.0493126 0.0866711 0.0569653 
0.0361676 0.06313 0.0647992 
-0.0294975 0.155745 0.0209427 
0.0462827 0.0652593 0.0358921 
0.0461157 0.0571787 0.0449946 
0.0516398 0.0790215 0.0699919 
0.0319045 0.135089 0.0511465 
0.039158 0.0768848 0.100268 
0.0568019 0.163591 0.0638234 
0.0312626 0.062119 0.0657203 
0.0332202 0.0636414 0.0596078 
0.0530955 0.0860861 0.0745721 
0.046852 0.061044 0.0508524 
0.0289458 0.0840641 0.0386396 
0.0411613 0.12595 0.055235 
0.0449162 0.0559497 0.0466105 
0.0490986 0.0639429 0.0456622 
0.0515678 0.0788618 0.0661434 
0.0117583 0.189649 0.0582944 
0.0506336 0.0701366 0.0349127 
-0.0353382 0.0803186 -0.00813481 
0.0331954 0.0633062 0.0612464 
0.0595961 0.142922 0.0640021 
0.0508151 0.0937498 0.0803829 
0.0764762 0.142139 0.0505889 
0.041345 0.0765946 0.10351 
0.0247597 0.175841 0.0309881 
0.0549843 0.165663 0.0540634 
-0.01243 0.134941 0.0252775 
0.0457809 0.108211 0.0802519 
0.0422785 0.117355 0.0755009 
-0.0528399 0.065858 -0.00655936 
0.0296092 0.139741 0.0550628 
-0.0349935 0.0937203 -0.00424917 
0.0453271 0.0751969 0.0806552 
0.0666607 0.167688 0.0581305 
0.0465874 0.106553 0.0801952 
0.0451995 0.121165 0.0575457 
0.0454516 0.0622889 0.037239 
0.0432229 0.0958206 0.0856573 
0.0428213 0.124507 0.0575976 
0.0464265 0.057001 0.0481968 
0.0205864 0.135019 0.0407633 
-0.037795 0.101552 0.00226873 
-0.0410037 0.106294 0.0230933 
0.0491135 0.0823735 0.0801233 
0.0453082 0.0735799 0.0578277 
0.000103783 0.0962712 0.0359999 
0.0476583 0.0596912 0.0431853 
0.0348686 0.081059 0.107778 
-0.0332716 0.0799714 0.000894171 
-0.0741485 0.141904 -0.0036261 
0.0388423 0.0672535 0.0771718 
0.0698683 0.173148 0.0512606 
0.0351542 0.0786153 0.108404 
0.0458783 0.0578148 0.0505109 
-0.0450449 0.158558 0.0150334 
-0.0289714 0.0779432 0.0246763 
0.0433558 0.115614 0.0770606 
0.0490283 0.0628294 0.0413896 
0.040024 0.0653044 0.0678875 
-0.0355245 0.0978811 -0.00516133 
-0.0343012 0.0715587 -0.00100606 
-0.0269729 0.14132 0.0144502 
-0.0657082 0.0738588 -0.0153937 
-0.0465463 0.0626384 0.00228141 
0.0318668 0.0552659 0.0379409 
0.027701 0.0858299 0.0924744 
0.0432412 0.0646015 0.0352078 
-0.0773869 0.144051 -0.0101654 
0.0456981 0.0696022 0.0675195 
0.0251566 0.126041 0.0432498 
0.0438254 0.121475 0.069167 
0.0432322 0.0587931 0.0537333 
-0.0354603 0.0905978 0.00493981 
0.0465929 0.12045 0.0627599 
-0.0155529 0.0618788 0.0152913 
0.0445914 0.0950812 0.0514593 
-0.0427835 0.0966963 0.0208372 
0.0515862 0.0819596 0.0754292 
-0.00330363 0.105354 0.0336807 
-0.0264962 0.154177 0.0218344 
0.0432855 0.0619615 0.0546736 
-0.00818674 0.134065 0.0335308 
-0.0483887 0.0626881 -0.000568636 
-0.0325962 0.0656379 0.0167235 
-0.0380398 0.0882364 0.0251669 
0.04589 0.0708915 0.0529455 
-0.0349407 0.0902215 0.0013203 
0.0488342 0.0746981 0.0640236 
-0.0705612 0.11115 0.00268152 
0.0273863 0.0613349 0.0606474 
0.0317812 0.0579655 0.0343768 
0.0209345 0.137457 0.0403725 
0.0539336 0.0905698 0.0733433 
0.0454509 0.0580399 0.0414411 
-0.0308067 0.145601 0.0120871 
-0.029465 0.0803983 0.0202637 
0.0325647 0.0855652 0.105063 
-0.0463845 0.10953 0.0131014 
0.0551647 0.162987 0.0642811 
-0.0334691 0.156088 0.0181646 
-0.0397857 0.113984 -0.000284187 
0.040356 0.0710355 0.0813219 
0.0502332 0.0807405 0.0776768 
0.0465547 0.103398 0.0817354 
0.0451066 0.119104 0.0718924 
0.0466995 0.117856 0.0570963 
0.0390947 0.0798818 0.0988838 
0.0393061 0.0663091 0.0599162 
0.0633758 0.166049 0.0632169 
0.0406369 0.0786593 0.101293 
0.0386972 0.0774967 0.0908098 
0.0541182 0.0951853 0.0720964 
0.0360079 0.0885384 0.0423303 
0.0452382 0.0701756 0.0724314 
-0.0444848 0.123845 0.0141438 
0.000438003 0.106295 0.0382381 
-0.0103707 0.109905 0.0286838 
0.0401315 0.103982 0.0489562 
0.0536003 0.0847996 0.0700936 
-0.0474707 0.0594414 0.00291502 
-0.0705194 0.112581 0.00348319 
-0.0330292 0.0584122 0.0100817 
-0.0737107 0.144813 -0.00444671 
0.0442873 0.0714921 0.0774331 
-0.00352863 0.100614 0.0337502 
-0.0362975 0.0553306 0.00368762 
-0.0359719 0.0989078 -0.00700678 
0.037192 0.0641115 0.0622938 
-0.0334845 0.0720359 -0.000503991 
0.0450131 0.0697622 0.0636387 
0.0388974 0.121215 0.0493732 
0.0445158 0.0757466 0.0506546 
0.0300647 0.157232 0.05862 
0.0355465 0.132669 0.061784 
0.0420986 0.0748912 0.0359937 
-0.0414449 0.0904226 0.0219113 
0.0344673 0.0943701 0.041777 
0.0424701 0.0681525 0.0617019 
0.0476718 0.0716941 0.0685265 
0.0470691 0.118826 0.0683198 
0.0631037 0.160111 0.0417165 
0.0442555 0.0670699 0.0548294 
-0.0628767 0.0693643 -0.0134664 
0.044514 0.059723 0.0528164 
0.0417298 0.126191 0.0639596 
0.0432444 0.0559494 0.0431242 
0.0341148 0.126133 0.0471534 
0.0408491 0.127712 0.0597903 
0.0480702 0.065284 0.0499158 
-0.0332399 0.0847133 0.0038392 
0.0184797 0.18082 0.0276123 
-0.0346802 0.0575348 0.00702038 
-0.0574067 0.0702287 -0.0108175 
-0.0192938 0.146666 0.0229945 
0.048558 0.0930571 0.0822249 
0.0343886 0.0842857 0.0952236 
0.0387559 0.126718 0.0692673 
0.0460956 0.0724152 0.0495221 
0.03731 0.0810895 0.0890673 
0.0437656 0.0577256 0.0520251 
-0.048886 0.158318 0.0127303 
0.0472237 0.0616795 0.0392981 
0.0474621 0.0724316 0.0726197 
0.00224783 0.104812 0.0408234 
-0.00729276 0.110016 0.0304443 
0.0764013 0.146647 0.0561606 
-0.0745148 0.138638 -0.00322758 
0.0359256 0.0660073 0.0771135 
-0.0142894 0.128304 0.0238405 
-0.0402712 0.0885805 0.0224493 
0.0426308 0.0618378 0.0356345 
-0.00394367 0.119652 0.0341965 
-0.0326165 0.0723004 0.00705189 
-0.0287651 0.0769989 0.0230013 
0.0391378 0.0663223 0.0576868 
0.0465888 0.0735748 0.0769163 
0.0368555 0.0739232 0.0924691 
0.0407049 0.0758987 0.0846698 
-0.0146537 0.0592368 0.017406 
0.0382169 0.0752663 0.0858424 
-0.0422466 0.144489 0.00528175 
0.0440963 0.0708799 0.059969 
0.0247783 0.174228 0.028563 
-0.0491991 0.113544 0.00889522 
0.0375258 0.0818308 0.0459579 
-0.0154417 0.0585941 0.0160235 
-0.0503347 0.0617641 -0.00242958 
0.0533957 0.10268 0.0699602 
-0.0379942 0.130595 0.0154053 
-0.0064916 0.130252 0.0343188 
0.00273294 0.0991437 0.0381905 
-0.0312905 0.0635289 0.0113237 
0.0210046 0.178031 0.0267227 
-0.0322078 0.0562857 0.0127138 
-0.00740619 0.11897 0.0295572 
0.038313 0.0845417 0.100662 
0.0396318 0.0814492 0.0924717 
-0.0318671 0.0652387 0.0139183 
0.0415784 0.120365 0.0516226 
0.0508998 0.0790581 0.0749671 
0.0425514 0.080164 0.0853021 
0.0454693 0.0797979 0.0832314 
0.0528757 0.0809977 0.0675616 
-0.0487966 0.117248 0.00788021 
0.0486479 0.105069 0.0546483 
0.0375082 0.0638429 0.0687773 
0.0486886 0.0684462 0.0442942 
0.000995048 0.1089 0.040248 
-0.00568898 0.120092 0.0317289 
-0.0290257 0.0759559 0.020705 
0.0479469 0.0596529 0.0466416 
-0.0586976 0.0776037 -0.0116223 
0.0279647 0.152401 0.034581 
0.0503769 0.0668027 0.0362161 
0.0267354 0.0805148 0.0382373 
0.0399228 0.126527 0.0670461 
-0.0402249 0.102592 0.0242351 
0.0212018 0.183518 0.0441064 
-0.044472 0.123447 0.01711 
0.0234103 0.0800612 0.0365227 
0.0473244 0.0861509 0.0551236 
-0.031435 0.0751878 0.0137544 
-0.000177489 0.111937 0.0395583 
0.0219576 0.141071 0.0404025 
-0.0551702 0.0692562 -0.00901484 
-0.0337381 0.0736927 0.0116202 
0.0439747 0.0859269 0.0523957 
-0.052208 0.156519 0.0105113 
0.0417803 0.0852096 0.0505776 
0.0500004 0.113483 0.0703681 
0.0545111 0.0893276 0.068875 
0.0399755 0.0850429 0.0479141 
0.0757713 0.140553 0.0475137 
0.0707867 0.145017 0.0693063 
-0.0358429 0.0566115 0.00449492 
0.0208209 0.0797691 0.0352681 
-0.0315432 0.0712375 0.0185502 
-0.0424417 0.0934928 0.0214167 
0.0377064 0.084763 0.0452031 
-0.0222236 0.141963 0.0179348 
0.0501685 0.0761071 0.0718743 
-0.0357455 0.0962928 -0.00915258 
-0.032344 0.077684 0.00997382 
-0.0133541 0.11589 0.0261603 
0.0529383 0.10049 0.0749846 
0.0271539 0.0831013 0.0377144 
0.0514024 0.103125 0.0757686 
0.0245196 0.082477 0.0365664 
-0.0291135 0.0799178 0.0250822 
-0.00744345 0.128912 0.0307623 
-0.0498262 0.0581636 0.000981048 
-0.0298211 0.0819408 0.0240147 
0.0395419 0.0762819 0.0403416 
-0.030009 0.0790426 0.0156515 
-0.0347688 0.149357 0.0101563 
0.035778 0.08433 0.0434374 
0.0514224 0.100118 0.0780501 
0.049958 0.0878276 0.0813403 
-0.0309247 0.0782281 0.0125321 
-0.0331946 0.0746081 -0.00128656 
-0.0338543 0.0749313 -0.0029582 
-0.0387043 0.0884974 0.0242709 
0.0288887 0.098593 0.0906754 
0.0438884 0.088488 0.0863355 
0.00114898 0.0839621 0.0318969 
0.0455241 0.115524 0.0538614 
-0.0549854 0.0736834 -0.00838274 
-0.0566293 0.0749124 -0.0101135 
0.071399 0.175712 0.0561104 
0.0441577 0.0981499 0.0848034 
0.0612868 0.161936 0.0373445 
-0.000633123 0.110689 0.0376733 
1.66662e-05 0.100516 0.036368 
0.0464995 0.0994857 0.0831069 
0.046062 0.115987 0.0737307 
0.0494345 0.097983 0.0807141 
0.0511227 0.0967108 0.0791301 
-0.0421921 0.111447 0.0214267 
0.0527383 0.0964287 0.0763094 
0.0286613 0.080717 0.0395514 
0.0306964 0.101383 0.0893906 
0.0545878 0.0938215 0.0676161 
0.0543106 0.0926591 0.064193 
0.0535322 0.0924537 0.0616967 
0.0518175 0.0914004 0.0586275 
-0.0118709 0.0561425 0.0216869 
0.0404209 0.089503 0.0469006 
-0.0304019 0.141412 0.0123988 
-0.0600597 0.0752281 -0.0131493 
-0.0703491 0.106117 0.00166069 
0.0326716 0.0884619 0.040063 
0.0419786 0.0911536 0.0491755 
0.0294912 0.0877748 0.0383603 
-0.0318443 0.082301 0.00923127 
0.0012598 0.0859951 0.0323484 
0.0139651 0.195533 0.0391 
-0.0307229 0.082883 0.0144766 
-0.0353116 0.054637 0.00702539 
0.0537728 0.102957 0.0646201 
0.0582297 0.160898 0.0591437 
-0.0333272 0.0813119 0.00482403 
-0.0481246 0.118052 0.00827718 
0.0379293 0.089409 0.0440299 
-0.0333988 0.0800656 -0.00140962 
-0.0318223 0.0850202 0.0132422 
-0.0390896 0.11797 0.00491512 
0.0404788 0.07826 0.0932896 
0.0442578 0.0902605 0.0515529 
0.0417552 0.105455 0.0498015 
0.017439 0.191579 0.0410029 
-0.0592975 0.0775985 -0.0121483 
0.0493704 0.106786 0.0772757 
-0.0614543 0.0785749 -0.0136751 
0.0497812 0.10244 0.078808 
0.0479079 0.16158 0.061295 
0.0543802 0.0993697 0.0708018 
0.0600576 0.162911 0.0355092 
0.0262084 0.161051 0.0602088 
0.0689293 0.14426 0.0600645 
-0.0331151 0.0862821 0.0078696 
0.054705 0.0980443 0.066424 
0.0545433 0.0962448 0.0635731 
0.0533766 0.0971644 0.0609134 
0.0301535 0.158368 0.0552737 
-0.0085805 0.125855 0.0285202 
0.000691924 0.0908457 0.0335024 
-0.0127906 0.0587044 0.0197285 
0.0397798 0.0936167 0.046229 
-0.0347247 0.0890561 -0.00294746 
-0.0326446 0.0865111 0.0176534 
0.04103 0.0953587 0.0486524 
0.0479489 0.157273 0.0369178 
0.0418192 0.0694149 0.0772701 
0.0372357 0.093964 0.043694 
0.0466178 0.0966438 0.053006 
0.0430342 0.0729576 0.0339603 
0.0357258 0.0917041 0.0418421 
0.0129832 0.187897 0.0592719 
0.0495407 0.0693972 0.0330522 
0.0338906 0.0921142 0.0408114 
-0.0421813 0.08903 0.0210507 
-0.0330211 0.0869422 0.0122736 
0.0209976 0.179003 0.0294324 
-0.00919963 0.129286 0.028039 
0.0499989 0.0669268 0.0398524 
0.000586614 0.0805702 0.0313418 
0.0523252 0.107179 0.063153 
0.0513965 0.0874027 0.0789119 
-0.0326415 0.0834737 -0.000628698 
-0.0335583 0.0770938 0.00574677 
-0.0332026 0.084789 -0.00225573 
0.0511695 0.109286 0.0592619 
0.0502274 0.0709547 0.0382474 
-0.0333587 0.0830404 -0.00615681 
0.0484917 0.110459 0.0754371 
-0.0638098 0.0802683 -0.0150394 
-0.036051 0.054011 0.00487852 
0.0538885 0.101076 0.0667605 
-0.0439344 0.092159 0.0204651 
0.0375334 0.124838 0.0496296 
-0.0347471 0.0827491 -0.00889683 
0.05392 0.0995954 0.0639096 
0.022898 0.177643 0.0307927 
-0.000708806 0.0938303 0.0334036 
-0.0309779 0.0812591 0.0119401 
-0.0342523 0.086763 0.00239954 
0.0518763 0.105538 0.0736613 
-0.0233642 0.132924 0.0180413 
0.0526853 0.10163 0.0599413 
-0.0769823 0.140642 -0.00995197 
0.0725338 0.138727 0.0437446 
0.0489647 0.100499 0.0548995 
-0.0220218 0.137359 0.0180057 
-0.0354057 0.0938711 -0.010111 
0.0438137 0.0994719 0.0509941 
-0.00246398 0.0959777 0.0325568 
0.0567632 0.161149 0.0351899 
0.0640119 0.142895 0.0601037 
0.029538 0.135607 0.0654409 
-0.0348757 0.088563 0.00684848 
-0.0113285 0.106776 0.0292045 
-0.0304231 0.0745628 0.0169562 
0.0531959 0.104502 0.0689769 
0.0408068 0.099695 0.0489694 
0.0375578 0.0994805 0.0471088 
-0.0491509 0.131028 0.00345085 
0.0367574 0.097091 0.0449906 
0.0295326 0.0841945 0.0925301 
0.0496081 0.0911028 0.055887 
0.0041456 0.0984085 0.0398733 
-0.0457292 0.139401 0.00347123 
-0.00266209 0.0971204 0.0339736 
-0.00938321 0.135997 0.0320442 
-0.00100027 0.104484 0.0357583 
-0.040589 0.0969108 0.0234569 
-0.0263984 0.133533 0.0165785 
0.0514632 0.0870285 0.0597229 
0.0507865 0.102881 0.0569341 
-0.0471557 0.0965809 0.0176637 
-0.0471345 0.066187 0.000106584 
0.00310514 0.101241 0.0398692 
-0.0512824 0.102207 0.0135247 
0.0520009 0.10852 0.0676134 
0.0115328 0.188723 0.0568183 
0.0731009 0.144474 0.0453889 
0.0502079 0.106577 0.0568642 
-0.0333224 0.0671179 0.00485932 
0.0016292 0.102614 0.0383526 
0.0476025 0.0908438 0.0540653 
0.0450898 0.105146 0.0520006 
-0.0245251 0.149419 0.0181993 
-0.0445254 0.100634 0.0179302 
0.0379203 0.104275 0.0478432 
-0.0309021 0.0843061 0.0188404 
-0.0341371 0.0805306 0.00362182 
0.0466138 0.112497 0.0761214 
-0.043116 0.110516 0.0184421 
0.0433508 0.0736042 0.0816145 
0.0406388 0.120214 0.0749712 
0.0314025 0.127255 0.0454745 
0.0436841 0.12374 0.066387 
-0.0348858 0.0953565 0.00273789 
-0.0492448 0.0694183 -0.00250319 
-0.0341716 0.0950513 0.000105756 
-0.0348459 0.0920693 -0.00862777 
0.048099 0.0775642 0.0599261 
-0.0470682 0.100539 0.0160989 
0.051631 0.0960373 0.0578678 
0.0490506 0.110744 0.0566118 
0.0476852 0.108593 0.0541229 
0.0450232 0.109687 0.0522423 
0.041111 0.109646 0.0495339 
-0.0702325 0.109593 0.000864599 
0.0361811 0.110176 0.0474586 
-0.0702563 0.108 0.00134662 
0.0754064 0.147305 0.0605772 
-0.0412737 0.105138 0.0225379 
-0.0467401 0.105008 0.0144617 
-0.0345836 0.0990643 -0.00157826 
-0.0355176 0.0955901 -0.00792488 
0.0328306 0.129624 0.0477183 
0.0401967 0.0809627 0.0889256 
0.0477584 0.0697423 0.0485193 
0.0414764 0.124209 0.0698851 
0.0469459 0.11932 0.0599639 
0.0417943 0.117739 0.076316 
0.0168441 0.181273 0.0259839 
-0.0447773 0.0634821 0.00487538 
0.0499051 0.11302 0.0604551 
0.0344767 0.108354 0.0468434 
-0.0437339 0.125687 0.0160919 
-0.0015102 0.107257 0.035311 
0.0684325 0.171067 0.0647536 
-0.0498333 0.105131 0.0123023 
0.0147316 0.185157 0.0574005 
-0.0401636 0.159027 0.0177769 
0.0491338 0.0958502 0.0549603 
0.04662 0.111522 0.0539456 
0.0476864 0.0788006 0.0804671 
0.0373106 0.12485 0.0728165 
0.0650849 0.162708 0.0398491 
0.0395435 0.0724051 0.0836908 
-0.00223903 0.110846 0.0350649 
0.0522076 0.0809141 0.0714466 
-0.0040963 0.109709 0.0330491 
0.0346217 0.0767944 0.0343869 
-0.047345 0.092756 0.0187996 
0.0495471 0.115038 0.064894 
-0.035268 0.136674 0.0109988 
0.0300491 0.136793 0.0491191 
-0.0381956 0.103262 0.00535335 
-0.0414906 0.108546 0.0222904 
0.00308574 0.0972544 0.0383068 
-0.0378683 0.103265 0.00452271 
-0.0344408 0.0699057 0.0162012 
-0.0398831 0.0920704 0.0236969 
0.048494 0.117748 0.0641775 
0.0485747 0.116403 0.0596908 
0.042816 0.121356 0.0718041 
0.0440932 0.113246 0.0518315 
0.0333862 0.129896 0.0700459 
0.0508613 0.0840968 0.0790057 
-0.0443694 0.109485 0.0157475 
0.0106332 0.150791 0.0312161 
-0.0355446 0.101239 -0.00337529 
0.0374104 0.114511 0.0475749 
-0.0495222 0.108858 0.0107691 
-0.0408876 0.101517 0.0229196 
-0.0380946 0.105251 0.00128206 
0.0127532 0.151596 0.0316217 
-0.038837 0.103811 -0.00285933 
0.049289 0.0773848 0.0764385 
0.0444389 0.119484 0.0542749 
-0.0704366 0.109481 0.0025794 
0.0702524 0.172597 0.0616292 
-0.00128214 0.11407 0.0376997 
-0.00302527 0.115346 0.0348187 
-0.0425777 0.106186 0.0197078 
-0.00452444 0.113627 0.0322442 
-0.00702385 0.114698 0.0301998 
-0.0220507 0.148504 0.0208772 
0.0438339 0.0723102 0.057311 
0.0382477 0.12325 0.0735791 
-0.0114453 0.137541 0.0276341 
0.0323339 0.115841 0.0458765 
-0.0496576 0.110531 0.0097565 
0.0286672 0.128551 0.0440976 
0.0457765 0.12112 0.0660356 
-0.0432281 0.115618 0.0200216 
-0.0436492 0.114789 0.017322 
