0.0370318 0.199243 0.00246427 
0.0144094 0.199667 0.0272138 
0.0396497 0.197574 -0.000397537 
0.0165673 0.197801 0.0252193 
0.0183296 0.194476 0.0243987 
0.0426437 0.190242 -0.00790687 
0.0429711 0.191598 -0.00437326 
0.0406632 0.191571 -0.000449349 
0.0370299 0.18955 0.00265546 
0.0313566 0.190668 0.00864529 
0.0249367 0.191714 0.0172306 
0.0343573 0.188899 0.00513431 
0.0323023 0.188543 0.00940666 
0.0253658 0.188654 0.0171773 
0.0726157 0.18369 -0.0463444 
0.0277495 0.187876 0.0142651 
0.0285133 0.185602 -0.0176832 
0.0441674 0.186548 -0.00888401 
0.0339705 0.186995 0.00781002 
0.0736507 0.181935 -0.0583081 
0.0734331 0.182943 -0.0501724 
0.0733115 0.182532 -0.0450656 
0.0589788 0.182986 -0.025712 
0.0578781 0.183016 -0.0255943 
-0.0354526 0.11511 0.0611147 
-0.0231083 0.114228 0.0518609 
0.0706763 0.073663 -0.0120684 
-0.0207484 0.110628 0.0385232 
0.0604623 0.116638 -0.0118411 
0.0591365 0.158971 -0.00745645 
0.0229081 0.112188 0.00759795 
0.0790679 0.155628 -0.0582146 
-0.0208203 0.140197 0.0541323 
0.0700905 0.1079 -0.0281523 
-0.0174816 0.103414 0.0487451 
0.0510754 0.0674055 0.0121981 
0.0641393 0.111392 -0.0154138 
-0.0208988 0.111174 0.0392597 
0.0340561 0.0901144 0.00714143 
0.0215062 0.121833 0.00737973 
0.0787076 0.163652 -0.0451444 
0.038826 0.166667 0.0279578 
-0.0285342 0.109698 0.0584431 
-0.0303548 0.110122 0.0592881 
0.0622832 0.0780211 0.00493335 
-0.00860779 0.0671394 0.0546488 
-0.0193393 0.107772 0.0385763 
-0.0187389 0.10643 0.0486016 
0.0413337 0.0601479 0.0232179 
0.0186751 0.092204 0.0271687 
0.0741575 0.181258 -0.0510827 
0.0252274 0.106651 0.0027102 
0.0248041 0.107028 0.00801353 
0.0244648 0.107305 0.0196576 
-0.0276323 0.137822 0.0572864 
-0.0286177 0.105781 0.0579696 
0.0570456 0.111428 -0.00816983 
0.0802075 0.180657 -0.0535973 
-0.00453719 0.0643794 0.0570184 
0.0719889 0.103137 -0.0331132 
0.0503191 0.0523033 0.0177329 
0.0658281 0.105132 -0.0160383 
0.063682 0.105908 -0.0141578 
0.0217881 0.117813 0.00724956 
0.0172515 0.128543 0.0217907 
-0.00488912 0.142213 0.0445604 
0.080077 0.166723 -0.0470718 
0.0481351 0.113326 -0.00162574 
0.0864567 0.141398 -0.0549611 
0.0607338 0.105674 -0.0115188 
-0.0164956 0.10336 0.0383031 
0.0397146 0.178044 0.0270836 
0.02788 0.0998622 0.0058226 
0.0670706 0.0946236 -0.0144861 
-0.0153325 0.0820528 0.0510909 
0.0269722 0.101832 0.0151774 
0.0620309 0.0581146 -0.044173 
0.0256588 0.102032 0.0202927 
0.0571317 0.183123 -0.0214316 
0.0190866 0.102074 0.0281732 
0.0722062 0.0826799 -0.006527 
0.0410663 0.179437 0.0246844 
-0.0240327 0.0698676 0.060734 
0.0611669 0.16468 -0.00693814 
0.0640977 0.0999775 -0.0459012 
0.0318595 0.0877434 0.0209464 
-0.0142447 0.0988174 0.0355819 
0.0720217 0.0999416 -0.0239544 
0.0660856 0.100036 -0.0153728 
0.0829506 0.157346 -0.0671619 
0.0607431 0.100319 -0.01144 
0.0530355 0.130191 -0.0246379 
0.0801595 0.153517 -0.0528693 
0.0282842 0.0980468 0.00207058 
0.0229486 0.0969164 0.0248497 
-0.0125574 0.0961945 0.0355418 
-0.0128523 0.0975448 0.0394814 
0.0746677 0.0729532 -0.0283025 
0.0666695 0.104699 -0.0422075 
0.0569166 0.101309 -0.00931968 
0.0598894 0.0959175 -0.0109782 
0.0263087 0.103242 0.00715901 
0.0556524 0.127722 -0.0263298 
0.029828 0.0960988 0.00516683 
0.053047 0.0498921 0.0112179 
-0.025472 0.162434 0.0423114 
0.0480058 0.154755 0.0135028 
0.0517258 0.111691 -0.004056 
0.0535339 0.148544 0.00153564 
0.0775828 0.141909 -0.0401184 
0.0799407 0.15228 -0.0570587 
-0.0158845 0.0981113 0.0495206 
0.0345086 0.0803317 0.0191574 
0.0744979 0.0944282 -0.0284472 
0.0743882 0.159177 -0.0302397 
0.0729255 0.0946945 -0.0233873 
0.0327638 0.0919128 -0.00391404 
0.0636982 0.152304 -0.0172408 
-0.0196868 0.109065 0.0475546 
0.0758797 0.0830698 -0.0301975 
0.0381853 0.0679213 0.0247148 
0.032755 0.0913302 0.000325949 
0.0726645 0.139129 -0.0344543 
0.0228615 0.0916838 0.0247547 
0.0743902 0.14547 -0.0369812 
0.00872935 0.114205 0.0352518 
0.0167727 0.123389 0.0275829 
0.0463107 0.149254 0.0147627 
-0.0163856 0.156051 0.0471359 
0.0353649 0.0889908 0.00286639 
0.0747971 0.138714 -0.0367342 
0.0526463 0.156099 -0.0277704 
0.0435144 0.127535 0.00493439 
0.0301615 0.0964764 -0.00463896 
0.0297053 0.0967176 0.0104524 
0.0701007 0.178547 -0.0610744 
0.0752822 0.0890326 -0.0336565 
0.0575549 0.0957302 -0.00930491 
0.0346119 0.0752934 0.0192094 
0.0752267 0.0879089 -0.0271256 
0.0721094 0.0886259 -0.0175668 
-0.010693 0.0766621 0.0465002 
0.0698271 0.089334 -0.00751603 
0.0231215 0.112519 0.0129807 
-0.0230408 0.0870015 0.0549844 
0.0260799 0.097595 0.0211637 
0.0675368 0.110555 -0.0204081 
0.0190054 0.112655 0.0275541 
0.0693014 0.109367 -0.0249396 
0.0512708 0.169698 0.0115413 
0.0366758 0.0865708 0.00818854 
0.0832851 0.164817 -0.0428708 
0.0715688 0.0892958 -0.0124155 
0.0566782 0.183602 0.00750025 
-0.0220426 0.114561 0.0408165 
0.0657293 0.0887017 -0.0491371 
0.0478113 0.147485 0.0106832 
0.0594307 0.153679 -0.00784183 
-0.0155381 0.0875556 0.051385 
-0.0348985 0.12061 0.0615208 
0.0364354 0.0841885 0.0119897 
0.032005 0.0941031 -0.00467507 
0.0344251 0.0858154 0.0134841 
0.0588858 0.169699 -0.00261964 
0.0796522 0.151857 -0.0615223 
-0.00844775 0.0862142 0.0376148 
0.0760234 0.151055 -0.0410881 
0.0731988 0.0837769 -0.0416043 
0.0525202 0.179965 0.00682605 
0.0755565 0.0836955 -0.0275255 
0.0483624 0.116999 -0.000585413 
0.0345956 0.0824974 0.0147585 
0.0733252 0.084221 -0.0115228 
-0.00907756 0.0872018 0.0347137 
0.0848845 0.17524 -0.0528242 
0.032122 0.0927365 0.00535465 
-0.0190211 0.108457 0.0422363 
0.021395 0.195758 0.0180995 
-0.0201022 0.082443 0.0542315 
0.0330205 0.0752385 0.0236616 
0.0708507 0.0912786 -0.0179867 
0.0341608 0.0481196 -0.0569001 
0.0550124 0.11521 -0.00608216 
0.0120302 0.139373 0.0252129 
0.0370187 0.201228 0.00215579 
0.0655741 0.174843 -0.0173606 
-0.0238902 0.0825294 0.0575364 
0.0719038 0.0629069 -0.0287006 
0.0641462 0.104284 -0.0445488 
-0.0226493 0.123367 0.0437456 
0.0614478 0.169191 -0.00707974 
0.0294808 0.0970834 -0.00140719 
0.074419 0.0745914 -0.0259949 
-0.0080586 0.0818089 0.0416334 
-0.0192452 0.098297 0.0533301 
-0.0133112 0.0819577 0.049544 
0.0691624 0.0921986 -0.0126611 
0.0417647 0.0812472 0.00657432 
0.0686726 0.0780111 -0.0471131 
-0.0117702 0.0571973 0.0688217 
0.0566811 0.106578 -0.00866393 
0.0773128 0.168089 -0.034534 
0.0715631 0.0785704 -0.044262 
-0.0246196 0.0780304 0.0576036 
-0.00877177 0.0711939 0.0418428 
0.0491333 0.181927 -0.00686276 
0.0745221 0.0783015 -0.0381682 
0.0842047 0.06087 -0.0209759 
0.0099961 0.104732 0.0333155 
0.0755796 0.0781411 -0.0298635 
0.0753347 0.0785566 -0.0271749 
0.0723115 0.0788417 -0.0171888 
0.0752773 0.0897193 -0.0290513 
0.0165329 0.107879 0.0299418 
0.0727509 0.0788832 -0.0114205 
0.00433356 0.130078 0.038414 
0.068754 0.0576295 -0.0315304 
-0.0257333 0.130646 0.0559843 
0.0594674 0.176743 0.00109019 
0.0640429 0.0974454 -0.0474827 
0.0692097 0.078998 -0.0015289 
0.0651919 0.0792056 0.00250495 
0.0739353 0.182562 -0.0477762 
-0.0197398 0.103267 0.0525137 
-0.00775422 0.0765747 0.0336957 
-0.0226032 0.119373 0.0468746 
-0.00737499 0.0762226 0.0366051 
-0.0229566 0.119782 0.0439464 
0.0334552 0.190037 0.00536349 
0.0545401 0.111465 -0.00622249 
0.0839424 0.177855 -0.0513615 
-0.00789443 0.0765271 0.0417212 
0.0554089 0.0688671 0.00942587 
0.06152 0.06161 0.00592699 
0.0716225 0.0782454 -0.0064061 
0.0797205 0.0606109 -0.0230137 
0.075882 0.159634 -0.0402492 
-0.0259937 0.114425 0.0561351 
-0.0128557 0.0606677 0.0404312 
-0.0201589 0.0609379 0.0472842 
0.0586852 0.0501305 -0.0205772 
0.0537449 0.101405 -0.00795239 
-0.0163046 0.0577674 0.0428583 
0.0521279 0.0504161 -0.00953439 
0.0125621 0.133258 0.0306031 
-0.0123892 0.0942774 0.0456302 
0.0780106 0.0613507 -0.0247956 
0.0698564 0.0629663 -0.0394441 
0.0130825 0.0974907 0.0310278 
0.0569307 0.122076 -0.00776733 
0.0343376 0.0575297 -0.0619238 
0.0106881 0.127482 0.0340288 
0.0703029 0.0593089 -0.0295206 
0.0373307 0.0573637 -0.058364 
0.0555996 0.154692 -0.0208277 
0.0847139 0.0620814 -0.0176892 
0.025813 0.105485 0.0106836 
0.0855192 0.0537169 -0.00606481 
0.0527095 0.0679547 0.0112196 
-0.0252141 0.0991911 0.0567588 
0.0325189 0.0909948 0.0119805 
-0.0131783 0.0874676 0.0494663 
0.0855617 0.0535863 -0.0173261 
-0.0225154 0.0507286 0.0366735 
0.0371698 0.0609338 -0.0584844 
-0.013848 0.0573356 0.0358417 
-0.0117812 0.0672019 0.045006 
0.0723184 0.0911973 -0.0208731 
-0.00854099 0.0678204 0.0587663 
0.0727925 0.0890524 -0.0415627 
-0.0234821 0.125113 0.0514169 
-0.0300646 0.105175 0.0588949 
-0.013246 0.0568683 0.0612024 
-0.0241007 0.0549177 0.0451051 
0.0731997 0.0780392 -0.0413699 
0.0822191 0.148927 -0.0579941 
0.069653 0.103056 -0.0398922 
0.0650871 0.17431 -0.0345017 
0.0546145 0.106014 -0.00718721 
-0.00588544 0.0740797 0.0508176 
0.0343644 0.0621572 -0.0612152 
0.0634662 0.0979679 -0.0128202 
0.0698696 0.169618 -0.0336659 
-0.00875801 0.0816571 0.031324 
0.0506705 0.0488665 -0.00938927 
0.0656205 0.0559541 -0.0377401 
0.0648982 0.0839601 -0.0497791 
0.0672638 0.0679583 -0.0459019 
0.0291416 0.0593282 -0.0661527 
0.0256464 0.0921782 0.0223722 
0.0681199 0.0576967 -0.0351157 
0.0343496 0.0712245 0.0193172 
0.0503107 0.0593793 0.015935 
-0.0191798 0.0519816 0.0348539 
0.0439258 0.0581932 0.0222972 
0.0305745 0.0910065 0.0169537 
-0.0215936 0.104259 0.0542316 
0.0465455 0.175453 0.0153874 
-0.00829739 0.0765031 0.0313005 
0.0684295 0.0728161 -0.0467235 
0.0550861 0.063503 0.00983551 
0.0608357 0.0538792 0.00216018 
-0.0237818 0.0537467 0.0442773 
-0.029499 0.162778 0.0434043 
-0.0135729 0.0609002 0.0682494 
0.00961873 0.109346 0.0343626 
0.0830542 0.063338 -0.0208948 
0.0714716 0.0831324 -0.0443702 
-0.00800527 0.0717391 0.0537584 
-0.0209282 0.112931 0.0425901 
-0.0121323 0.0606799 0.0639031 
0.0172524 0.128925 0.0154446 
-0.0157455 0.102711 0.044003 
0.0428196 0.162156 0.0232074 
0.0713425 0.0878203 -0.0446044 
0.0853753 0.057933 -0.0135417 
-0.0103378 0.0664608 0.0526801 
0.0243432 0.111837 0.00294908 
0.052569 0.0643369 0.0113535 
0.0590462 0.124249 -0.0275614 
0.0866438 0.0611701 -0.0101984 
0.0450298 0.0629883 0.0180566 
-0.0310197 0.136479 0.059066 
0.0621167 0.0551634 0.0031994 
0.0700575 0.0725922 -0.017534 
-0.020514 0.052058 0.0377141 
0.0419156 0.138079 0.00814548 
-0.0246986 0.0691217 0.0616371 
0.0535768 0.153806 0.00153949 
-0.0197929 0.158128 0.0467628 
0.0668093 0.0679402 -0.00992988 
0.0372792 0.0518418 -0.0540425 
0.0692712 0.0681583 -0.0107081 
0.0346072 0.0522241 -0.0605783 
0.0849575 0.172031 -0.045334 
0.0674623 0.177337 -0.0636213 
0.0663553 0.0586742 -0.000395557 
0.00457815 0.125068 0.0379779 
0.0382708 0.200935 -0.000165777 
-0.0357884 0.125782 0.0616601 
0.0857011 0.169277 -0.047668 
0.0669271 0.0652718 -0.0142288 
0.0195473 0.196578 0.0212773 
0.0487714 0.122189 0.000236647 
0.0460342 0.154371 0.0158075 
0.0792079 0.167647 -0.0504609 
0.0525013 0.0477546 -0.0166707 
0.0601304 0.124878 -0.0166339 
0.050224 0.142789 0.00105451 
0.0570768 0.0486746 -0.0219059 
-0.0235292 0.0569214 0.0461178 
0.0666425 0.178304 -0.0222472 
0.0740065 0.0787259 -0.0226379 
-0.00777364 0.0711445 0.0368591 
0.0813643 0.156325 -0.0626156 
-0.0114795 0.0607684 0.0354331 
-0.0105623 0.0721977 0.0458342 
0.0434919 0.165138 0.0200717 
0.052424 0.0491846 0.0103231 
0.0655162 0.110439 -0.038443 
0.054158 0.0484272 -0.0180277 
0.0585199 0.127091 -0.0189786 
-0.0159013 0.0549178 0.0350758 
0.0716424 0.104408 -0.0295471 
0.0500023 0.0636268 0.0137048 
0.0167633 0.0912902 0.0283583 
0.063005 0.165092 -0.0570672 
0.0668794 0.113321 -0.0209805 
0.0626166 0.110053 -0.0416467 
0.0617549 0.0706513 0.00486264 
0.0729259 0.0713257 -0.0232305 
0.0785717 0.0594265 -0.0257176 
-0.0261541 0.0705824 0.0620142 
-0.0120954 0.0762787 0.0501409 
0.0739634 0.1799 -0.0580603 
0.0377971 0.0642844 0.0256185 
0.0137628 0.112858 0.0321343 
0.0565404 0.0581898 0.0113323 
-0.00988251 0.0912338 0.0415633 
0.0566766 0.0723179 0.00864588 
0.0487886 0.170016 0.0160604 
0.0386157 0.0566129 -0.0550873 
0.0379261 0.0524873 -0.0502204 
-0.0195529 0.165769 0.0365294 
-0.0105486 0.0819376 0.0465263 
0.0418238 0.0492213 -0.00093648 
0.0528026 0.0580949 0.0145322 
0.0493572 0.133909 -0.0230698 
0.0374157 0.138256 0.0101557 
0.0649275 0.0782679 -0.0500228 
-0.0100438 0.0548018 0.0681598 
0.0544151 0.169937 0.00698054 
0.0742213 0.0837997 -0.022609 
0.081126 0.166888 -0.0350126 
0.0719383 0.166989 -0.0272486 
0.0703987 0.0698193 -0.0441388 
-0.00913476 0.0525924 0.0658357 
0.0748403 0.0833672 -0.0381454 
0.0895994 0.0531026 -0.0103755 
0.0686531 0.105349 -0.0197744 
0.0289446 0.0911347 0.0207584 
-0.0213508 0.146423 0.0536034 
-0.0136994 0.0655402 0.0461085 
0.058459 0.0530836 0.00672118 
0.0775428 0.147873 -0.0664668 
0.0398617 0.0802532 0.00960818 
-0.0116224 0.0916928 0.0456773 
-0.0186358 0.0632696 0.0481443 
-0.0220168 0.0848839 0.0553131 
0.066126 0.112611 -0.0345239 
0.0596388 0.0736279 0.00672124 
0.0643245 0.0627869 0.00237207 
0.0339783 0.0487062 -0.0589132 
0.0443997 0.0536461 0.0231977 
-0.0192221 0.0594573 0.0456725 
0.0820103 0.0529156 -0.0278909 
0.0257039 0.105639 -0.000665297 
0.0730839 0.0989125 -0.033887 
-0.0106168 0.0933026 0.0397223 
-0.0175503 0.063708 0.0664296 
0.0233 0.194233 0.0172243 
-0.0198855 0.0780322 0.0540825 
0.0411536 0.0545425 0.0249602 
0.0795813 0.146967 -0.0454621 
-0.0160956 0.0773526 0.0510209 
0.00862394 0.149533 0.0199423 
0.040029 0.0483908 -0.000455582 
0.0398939 0.0549934 0.0259411 
-0.0171943 0.146096 0.0519295 
0.0440141 0.0652677 0.017284 
-0.0255107 0.0691113 0.0622671 
0.0637122 0.0675394 -0.0484236 
0.0304161 0.0946419 0.0126931 
0.0551089 0.0505108 -0.0125141 
-0.00467018 0.0710253 0.0491657 
0.150229 0.047773 -0.0364377 
0.0591252 0.148285 -0.00774474 
0.0534696 0.0488525 -0.012884 
-0.0222695 0.0788325 0.0562781 
0.0533471 0.18034 -0.00684395 
0.0503474 0.0539949 0.0171609 
0.00821054 0.144404 0.0293802 
0.0593241 0.160666 -0.0544455 
-0.0223257 0.0765281 0.0557861 
-0.0100856 0.0627893 0.0322422 
0.0456401 0.0493266 -0.00325475 
0.0243853 0.108974 0.0120186 
0.0694512 0.175041 -0.021493 
-0.00945374 0.0863529 0.0317075 
0.0756583 0.0834897 -0.0336907 
0.0693901 0.10007 -0.0192981 
0.0328736 0.0857184 0.022417 
0.0172079 0.0869522 0.0272357 
0.0448547 0.0502125 0.0224129 
-0.0122482 0.156715 0.0433451 
0.0657352 0.160653 -0.0130616 
0.0535356 0.156373 -0.0219187 
0.0190068 0.0970021 0.0277924 
0.070567 0.098796 -0.0401766 
0.0521628 0.0479004 -0.0159108 
0.0882214 0.0527311 -0.0210901 
0.0615234 0.0583565 0.00633426 
-0.0234543 0.0512568 0.0405577 
-0.0100733 0.0756217 0.05688 
0.0857175 0.138536 -0.0520631 
0.0863742 0.0611383 -0.00684427 
0.0817015 0.0551098 -0.027848 
0.0745463 0.0886548 -0.0380068 
0.0738552 0.0888988 -0.0229533 
-0.00594467 0.0653435 0.0602888 
0.0270237 0.0692876 -0.0664565 
0.0585338 0.0640139 0.00648653 
0.0884211 0.0572707 -0.0101311 
-0.0135225 0.097943 0.0447206 
-0.0219518 0.125025 0.0465215 
0.0503796 0.106715 -0.00503407 
0.0099067 0.143526 0.0245515 
0.0743188 0.0943018 -0.0343531 
0.0757954 0.15129 -0.0426412 
0.0410913 0.165504 0.0243835 
-0.0149794 0.101289 0.0401731 
0.0613805 0.0552146 0.00491182 
0.0657042 0.109997 -0.0170387 
0.020203 0.124197 0.00815235 
0.0459057 0.184639 -0.00700017 
0.0149265 0.134299 0.0203933 
-0.00729046 0.146338 0.0458768 
0.0675096 0.0635374 -0.00117483 
0.085674 0.057098 -0.0168742 
0.0214062 0.193214 0.02106 
0.0560926 0.183288 -0.0208692 
-0.0132593 0.0908958 0.0489233 
0.0581191 0.0489249 -0.0307273 
0.0443266 0.122903 0.00329685 
-0.0101217 0.0714202 0.0579575 
-0.0225302 0.093412 0.055488 
0.0338917 0.0822464 0.0163625 
-0.0189925 0.129401 0.0439464 
0.0594784 0.181093 -0.0200151 
0.0523228 0.0528816 0.0152917 
0.0575068 0.0500456 -0.0168629 
0.0701642 0.104822 -0.0362153 
0.0559701 0.130634 -0.0185268 
0.0610501 0.15186 -0.030023 
0.0605927 0.0502342 -0.0275277 
-0.0176819 0.0542352 0.038677 
-0.0203582 0.0554664 0.043229 
0.0575864 0.182023 0.00623498 
0.0112991 0.1354 0.0312622 
0.0276499 0.101075 -0.00139569 
0.0298982 0.0584847 -0.0648417 
-0.0130348 0.058359 0.0606051 
0.0811162 0.150852 -0.0511297 
0.0694072 0.0683596 -0.0183184 
0.055595 0.0529417 0.0111216 
-0.00915053 0.0662893 0.0636732 
0.0352201 0.0484557 -0.0539866 
0.0445362 0.160872 0.0203654 
0.0364032 0.0527719 -0.0581296 
0.0325381 0.0859671 0.0175951 
0.037391 0.0704591 0.0145093 
-0.0127596 0.134037 0.0459678 
0.0303046 0.0946915 -3.67442e-05 
0.0787374 0.0637533 -0.0129896 
-0.00487961 0.0626209 0.0597971 
0.0703496 0.0946583 -0.0188917 
0.033349 0.0807026 0.0232052 
0.0381796 0.0840857 0.00886011 
-0.00918544 0.0525148 0.0644815 
-0.0107116 0.0565678 0.0642149 
-0.0153715 0.0612111 0.0445161 
0.0168478 0.113073 0.0296043 
-0.00878294 0.0870755 0.0411879 
-0.0105673 0.0920105 0.035238 
0.0818131 0.147545 -0.0622825 
0.0350778 0.0483277 -0.0496518 
-0.0151325 0.165104 0.035219 
0.0864017 0.0571737 -0.00559969 
0.0725828 0.0726962 -0.0412055 
0.0620935 0.179201 -0.0133956 
0.0169043 0.0966901 0.0292742 
0.0798755 0.138532 -0.0437482 
0.0594575 0.0580264 0.00840939 
0.0736941 0.0918418 -0.0240307 
-0.0222794 0.0524744 0.041649 
0.0818476 0.0530986 -0.0261797 
0.0667657 0.0683037 -0.0134697 
0.0599749 0.121797 -0.0122916 
0.0717121 0.100029 -0.0367577 
0.072576 0.065359 -0.00886395 
0.0673653 0.163841 -0.0164148 
0.034938 0.0493836 -0.0576442 
0.0795473 0.0625319 -0.00670417 
0.0484693 0.0535158 0.0195512 
0.0763357 0.0639136 -0.00972082 
-0.0363463 0.134873 0.060994 
0.0669707 0.166012 -0.0193906 
-0.00935558 0.0651455 0.0355449 
-0.0192456 0.0932756 0.0536577 
-0.0257919 0.1649 0.0406365 
0.0608974 0.174884 -0.00754378 
0.0634939 0.101354 -0.0136383 
0.0474371 0.0494115 0.0195085 
0.0669294 0.0622384 -0.0428114 
0.0712997 0.0634242 -0.00273298 
0.064844 0.0730965 -0.049437 
0.0662411 0.170617 -0.0324087 
0.0626111 0.0607888 -0.045519 
-0.0234668 0.0941848 0.0561017 
0.0746199 0.142159 -0.0355384 
0.0568069 0.153772 -0.00318362 
0.0712766 0.0637422 -0.0237792 
0.0619819 0.0670293 0.00221403 
0.0897911 0.0552363 -0.0129043 
0.0611522 0.0649872 0.00310482 
0.0687265 0.11029 -0.0313514 
0.0730641 0.146625 -0.0688057 
0.0706659 0.0653998 -0.00618803 
-0.0249683 0.103825 0.0566037 
0.0174743 0.118179 0.0281461 
-0.0167957 0.0655115 0.0487016 
0.0384485 0.0538566 -0.0514642 
0.0682538 0.0682401 -0.00712898 
-0.0077396 0.0814649 0.0370347 
-0.021978 0.0988602 0.0553399 
0.028991 0.0955709 0.0163928 
0.0569494 0.181824 -0.015961 
0.0635016 0.0633899 -0.0472389 
0.0778124 0.16157 -0.0356088 
0.0815808 0.164594 -0.0392358 
0.0719031 0.0637577 -0.032754 
0.0288094 0.0989029 -0.00453831 
0.0272745 0.0675262 -0.067745 
0.0769992 0.138532 -0.0402786 
0.0681932 0.111989 -0.0263844 
0.0807126 0.141875 -0.0445892 
0.0660548 0.0684131 -0.00237097 
-0.00880674 0.0669888 0.0376505 
-0.0214798 0.114106 0.0467675 
0.0657737 0.0833104 0.00104948 
0.0603177 0.0533255 -0.0393457 
0.0799877 0.16404 -0.0341655 
-0.0110276 0.0606606 0.0607079 
-0.0255673 0.0709177 0.0605829 
0.0474999 0.113022 -0.00133519 
0.0719358 0.0678815 -0.0229722 
0.0283586 0.063082 -0.0669597 
0.0368269 0.0505379 -0.0495843 
0.0530497 0.122102 -0.00343563 
-0.0100401 0.0666195 0.0414467 
0.0736398 0.0680915 -0.0281085 
0.0786736 0.061828 -0.00421063 
0.0810175 0.171957 -0.0416527 
0.041858 0.0681956 0.0168049 
0.0681422 0.109348 -0.0354099 
0.0630353 0.0535359 -0.0366286 
0.0591491 0.0688718 0.00634113 
-0.00701707 0.0683586 0.0507781 
0.0510956 0.156952 -0.0248982 
0.0770418 0.0653361 -0.0137615 
-0.0217575 0.108884 0.0524665 
0.032441 0.0707716 0.0237117 
-0.0232903 0.119031 0.0418826 
0.0606601 0.111123 -0.011667 
0.0643619 0.094213 -0.0481738 
0.04802 0.151974 0.013014 
0.0417473 0.176927 0.0241429 
0.0713719 0.0747888 -0.0178618 
0.0166288 0.102262 0.029732 
0.0617849 0.166322 -0.0542759 
0.0687797 0.17267 -0.0580978 
0.0276395 0.0646817 -0.0680619 
-0.00422854 0.0701607 0.0463597 
0.070115 0.162853 -0.021025 
0.0386777 0.0715393 0.0116615 
0.0645707 0.169197 -0.01199 
0.0685031 0.0666744 -0.043769 
-0.00803214 0.0702829 0.0340376 
-0.00834018 0.0710005 0.0315271 
0.0699869 0.073364 -0.0067441 
0.072948 0.0697916 -0.037287 
0.061403 0.122937 -0.0240184 
0.072267 0.0665371 -0.0367645 
0.0816996 0.171275 -0.0397532 
0.0703633 0.0617973 -0.0355522 
0.048973 0.14317 0.0054382 
0.0562474 0.164283 0.00198619 
0.0689937 0.0718819 -0.015014 
0.0214289 0.112695 0.0240133 
0.0903984 0.0527545 -0.0128619 
0.069515 0.177452 -0.022961 
0.0672512 0.159559 -0.0167963 
0.0398665 0.0753986 0.0105289 
-0.0108043 0.0872671 0.0462219 
0.0157639 0.133642 0.0156344 
0.0730151 0.0840098 -0.0170645 
0.0657573 0.0939261 -0.0109442 
0.0611868 0.108629 -0.0431337 
0.0589298 0.125672 -0.0237952 
0.0407748 0.169376 0.0241998 
0.0747027 0.0730036 -0.033609 
0.0705786 0.106321 -0.0318329 
0.0158599 0.128674 0.0268076 
0.0632329 0.175565 -0.0122765 
0.0732868 0.0737214 -0.022651 
-0.0150664 0.0571204 0.0395392 
0.0129231 0.107682 0.0323617 
0.0679871 0.0735161 -0.00178742 
0.0527117 0.116913 -0.00382453 
0.00190374 0.145468 0.038406 
0.0636794 0.116422 -0.0164489 
0.0654819 0.116312 -0.0213904 
0.0661079 0.115928 -0.0266985 
0.073055 0.163491 -0.0255226 
0.0661464 0.11475 -0.0307694 
0.0521033 0.154013 0.00650923 
0.0639566 0.115991 -0.0338782 
0.0633965 0.11367 -0.0375439 
0.0622498 0.074669 0.0052208 
0.0604284 0.115164 -0.0386788 
0.00174719 0.135441 0.0402371 
0.0143985 0.138855 0.0150936 
0.0136232 0.1183 0.0320263 
0.0414044 0.133211 0.00740971 
0.0191654 0.116126 0.0266882 
0.0207407 0.116133 0.0234809 
0.0733094 0.0679064 -0.03365 
0.0219421 0.115826 0.0200651 
0.0529543 0.159221 0.00652096 
0.0211518 0.118023 0.0178125 
0.021235 0.117612 0.0122988 
0.00727078 0.118992 0.0360972 
0.069276 0.064708 -0.0186105 
0.0105359 0.118907 0.0343677 
0.00657019 0.149242 0.0229448 
0.0138228 0.102403 0.0314335 
0.0234503 0.116755 0.00404985 
0.0708914 0.141712 -0.0304074 
0.038692 0.168964 0.0274585 
0.0499535 0.148098 0.00634178 
0.046533 0.117845 0.00104122 
-0.0308367 0.119943 0.0594813 
0.0280542 0.191477 0.0130058 
-0.0262111 0.119771 0.0558699 
-0.0147981 0.099903 0.0366331 
-0.0237233 0.11965 0.0515399 
0.0591134 0.0775678 0.00589809 
0.0625744 0.178556 -0.0337122 
0.0199234 0.118739 0.0233552 
0.0670663 0.178054 -0.0268202 
0.0610468 0.117059 -0.0369291 
-0.0357783 0.118252 0.0616348 
0.0443093 0.132654 0.00557862 
0.048566 0.172501 0.0120119 
0.0671942 0.0934361 -0.0461479 
0.0499644 0.154192 0.0111536 
-0.0354094 0.118236 0.0610543 
0.0314452 0.0887756 0.0231517 
0.0642169 0.117998 -0.0295178 
0.0459687 0.120995 0.0019513 
0.0812062 0.172283 -0.0435887 
0.0550417 0.120453 -0.005641 
0.0619643 0.121591 -0.0172784 
-0.00183915 0.130642 0.0415061 
0.063135 0.120631 -0.0221684 
0.0637432 0.119229 -0.0258436 
0.0520717 0.138802 -0.0125559 
0.0720462 0.158773 -0.0255677 
0.0273391 0.0957511 0.0200618 
0.0617608 0.121091 -0.0286016 
0.010735 0.123574 0.0341111 
0.00339673 0.121202 0.0380855 
0.0861583 0.173352 -0.0487526 
0.0720106 0.0940406 -0.0407465 
0.0871425 0.0567979 -0.020885 
0.0131746 0.123528 0.0317375 
0.0193377 0.12299 0.0171283 
0.0195864 0.122011 0.0129011 
0.00779961 0.12423 0.0360267 
0.019292 0.124066 0.0107714 
0.0739941 0.0730538 -0.0379304 
-0.030789 0.125251 0.0594443 
0.0701836 0.0603474 -0.0316405 
-0.0259174 0.125317 0.0558276 
0.068852 0.139107 -0.0262045 
0.0041076 0.134939 0.0386061 
0.0736552 0.0934763 -0.0377961 
0.0806707 0.0569211 -0.025415 
0.0514354 0.137147 -0.0163135 
-0.0228426 0.123806 0.0424461 
0.00214618 0.124851 0.0388946 
0.0798984 0.167553 -0.0492461 
0.0463231 0.123659 0.00240724 
0.0609201 0.123758 -0.020219 
0.0104363 0.144933 0.0187394 
-0.0213914 0.126665 0.0431422 
0.046552 0.127886 0.00320808 
0.0496559 0.127421 0.000596685 
0.0552957 0.156835 -0.0140468 
0.0533023 0.127335 -0.00361808 
0.0557684 0.128269 -0.00784503 
0.0572196 0.180914 0.00152429 
0.0715392 0.0850584 -0.00638698 
0.0568682 0.126049 -0.00865986 
0.0587513 0.179534 0.0033721 
0.0587662 0.126019 -0.0127449 
0.0560541 0.12526 -0.0296939 
0.0126844 0.128886 0.031375 
0.0178084 0.12721 0.0176789 
0.0184617 0.128305 0.0112731 
-0.0200492 0.13006 0.0469435 
0.0626524 0.163832 -0.0069408 
0.00155037 0.129405 0.0398974 
0.065643 0.0640425 -0.0458711 
0.0651438 0.163736 -0.0117227 
0.0567305 0.152963 -0.0219739 
0.016726 0.137018 0.0123914 
0.00835759 0.12946 0.0356523 
-0.00957263 0.157827 0.0389714 
0.0580496 0.122478 -0.0322094 
0.0197346 0.12651 0.00845996 
0.0529045 0.126403 -0.0308961 
-0.0222954 0.130497 0.0516696 
-0.00102924 0.157216 0.0261034 
0.0420535 0.128798 0.00639422 
0.0578006 0.128512 -0.013867 
-0.0110261 0.0639209 0.0409745 
-0.0280465 0.129998 0.0580252 
0.0708765 0.0730571 -0.0440769 
-0.00916205 0.0695084 0.062787 
0.055683 0.128949 -0.0221187 
0.0466264 0.132805 0.00379137 
0.0229968 0.112336 0.0191532 
-0.0364168 0.130813 0.061447 
0.0552544 0.121158 -0.0358506 
0.0498836 0.132903 0.000465305 
-0.0150133 0.0929431 0.0502558 
0.05493 0.132475 -0.00901829 
0.0535512 0.175193 0.00640295 
0.0555574 0.132097 -0.0142249 
0.0273424 0.101437 0.00986806 
0.0517577 0.129484 -0.026884 
0.0636237 0.0694805 0.00196972 
0.0683682 0.171762 -0.035855 
0.0291372 0.0632661 -0.0646138 
0.00824181 0.134402 0.035172 
0.0567776 0.157299 -0.0104523 
0.014598 0.133217 0.0263618 
-0.0326535 0.162404 0.0452056 
0.0157002 0.132221 0.0224309 
0.0572867 0.158712 -0.0032923 
0.0616141 0.148077 -0.0124174 
0.073542 0.0641455 -0.00518183 
0.075289 0.174735 -0.0422704 
0.0173746 0.132935 0.0120605 
-0.00356494 0.0618021 0.0568005 
0.0511085 0.130935 -0.0260266 
0.00256541 0.150343 0.0325968 
-0.0187305 0.132896 0.0486688 
-0.0160219 0.135325 0.0484698 
-0.00158848 0.135475 0.0420648 
0.0444467 0.185608 -0.00387147 
-0.025495 0.135667 0.0561737 
0.0711831 0.0675431 -0.0402238 
0.0534323 0.133951 -0.017237 
0.0136925 0.135796 0.025621 
0.0445701 0.137419 0.00624816 
0.0533301 0.145042 0.000678732 
0.0465662 0.138316 0.00446021 
0.0731942 0.0998012 -0.0293114 
0.0508241 0.164759 0.0113337 
0.0267593 0.101624 0.00337138 
0.0496511 0.138022 0.00036412 
0.0519904 0.137949 -0.00454 
0.0443469 0.175923 0.0197009 
0.0530297 0.137382 -0.00964254 
-0.0291999 0.147471 0.0562151 
0.0509493 0.135361 -0.0196683 
0.0534611 0.135843 -0.0135978 
0.0534637 0.156164 -0.0254085 
0.0594591 0.175128 -0.00293653 
0.00428524 0.139591 0.0379691 
0.0286236 0.0673887 -0.0649921 
0.00743118 0.139765 0.0345977 
0.0106261 0.113434 0.0341832 
0.0280714 0.0664386 -0.0670545 
0.0833583 0.143069 -0.0486319 
0.0709251 0.139219 -0.0316934 
0.0104143 0.139536 0.030209 
0.0128864 0.139096 0.0198995 
0.0479228 0.136529 -0.0215232 
0.0189898 0.123173 0.0226543 
0.0596839 0.176122 -0.000298368 
-0.00817928 0.0819039 0.0340372 
-0.0250697 0.140879 0.0560573 
0.0601047 0.153099 -0.0356632 
-0.0187538 0.140984 0.0524326 
0.0640851 0.0580635 0.00271745 
-0.0143429 0.140569 0.0496171 
-0.0191151 0.0880271 0.0534676 
-0.0113925 0.14142 0.0480627 
-0.00185395 0.140731 0.0424629 
0.00172346 0.140384 0.0399205 
0.057622 0.048866 -0.0312167 
-0.0233453 0.163034 0.0401733 
-0.0707077 0.139422 0.0640846 
-0.0310479 0.141085 0.058603 
0.0481121 0.137856 -0.0197714 
0.0835719 0.0617949 -0.0136988 
0.0849425 0.137692 -0.0483223 
0.00613508 0.144429 0.0338 
-0.0725172 0.141953 0.0639469 
0.0672933 0.106779 -0.0393471 
0.0531628 0.132107 -0.0211754 
0.0376984 0.140167 0.0103602 
0.0672369 0.139155 -0.0216135 
0.08524 0.137823 -0.05091 
0.00452532 0.146963 0.0339087 
0.0687065 0.0946765 -0.0446448 
0.0628677 0.139814 -0.0126964 
0.0686214 0.0832799 -0.0471798 
0.0378983 0.143928 0.0106939 
0.0648188 0.139686 -0.0167235 
0.0857333 0.138551 -0.0515275 
0.0459731 0.145079 0.00870963 
0.0238027 0.110769 0.0155587 
0.0514112 0.141255 -0.00474943 
0.051589 0.141069 -0.00819149 
0.0659624 0.150727 -0.0259748 
0.062352 0.142981 -0.0120383 
-0.0360613 0.116827 0.0613542 
0.0671942 0.143037 -0.0208903 
-0.00777554 0.0663076 0.0626107 
0.0679481 0.141989 -0.0218763 
0.0699935 0.142137 -0.0262127 
-0.00926415 0.054623 0.0663552 
0.06939 0.143142 -0.0263843 
0.0854637 0.140727 -0.0492463 
0.0866548 0.14155 -0.052751 
0.0603823 0.138859 -0.0666625 
0.0704711 0.144144 -0.0694784 
0.0632547 0.172419 -0.00905161 
0.00410037 0.143639 0.0369142 
0.0689106 0.0844413 -0.00213481 
0.011243 0.142517 0.0196028 
0.03602 0.0801544 0.0138609 
-0.00938631 0.154713 0.0435567 
0.0135504 0.143812 0.0150509 
0.0606856 0.139893 -0.0662603 
0.0620838 0.140101 -0.0678673 
-0.024107 0.146049 0.0551057 
-0.0140575 0.146395 0.050036 
-0.0110538 0.146079 0.0483868 
0.0602781 0.054823 -0.0408664 
-0.00472097 0.144538 0.0444976 
-0.00230087 0.145849 0.0422392 
0.0563237 0.143946 -0.00316172 
-0.00916983 0.0662579 0.0317439 
0.059256 0.143794 -0.00749302 
0.0335687 0.0843172 0.0199557 
0.0694964 0.15877 -0.0210729 
-0.0119172 0.163579 0.0331006 
0.0862317 0.142558 -0.0582778 
0.00859275 0.145961 0.0231394 
0.0371753 0.143614 0.0111663 
0.0662243 0.142256 -0.068613 
-0.0778254 0.147482 0.0629958 
0.0691977 0.14348 -0.0703282 
0.00697773 0.1469 0.028076 
0.0516717 0.145668 0.0045678 
0.0513718 0.149703 0.00602631 
0.0383112 0.0592196 0.0261965 
0.0563309 0.148458 -0.00306514 
0.050755 0.0492132 0.0148538 
0.0556971 0.174238 0.00192346 
0.066725 0.147846 -0.0217866 
0.0683038 0.147659 -0.0268166 
0.0401535 0.0842053 0.00519069 
0.0704959 0.146806 -0.0316125 
0.0728302 0.146651 -0.0359083 
0.0764929 0.147199 -0.0410036 
0.0823891 0.14685 -0.0499266 
2.41116e-05 0.153474 0.0326524 
-0.0087687 0.0753293 0.0537422 
0.0842832 0.146798 -0.0548258 
0.0758051 0.159075 -0.0414417 
0.0621267 0.176535 -0.0359975 
0.0851974 0.145882 -0.0592239 
0.0414089 0.196282 -0.00399516 
0.0475152 0.0587176 0.0189479 
0.0723924 0.1448 -0.0675486 
-0.00252207 0.149853 0.0408677 
-0.00860211 0.136004 0.0453762 
0.00553346 0.14938 0.027863 
0.0698929 0.144862 -0.0707923 
-0.0278888 0.150978 0.0547283 
-0.0200521 0.15191 0.0521878 
-0.0181088 0.150645 0.0514235 
0.0423635 0.156698 -0.0353953 
-0.0142937 0.151962 0.0489463 
-0.0115297 0.150324 0.0477477 
-0.0310601 0.114621 0.0595405 
0.0361368 0.0750811 0.0141837 
-0.00867949 0.151503 0.0452624 
-0.0393894 0.160734 0.0479792 
0.0227623 0.10216 0.0248771 
0.0632938 0.166039 -0.0103728 
-0.00481643 0.151774 0.0418827 
0.0478226 0.14935 0.0136293 
0.0686187 0.0888399 -0.0469132 
0.0650836 0.142633 -0.0165816 
0.0493935 0.149978 0.0109235 
0.078504 0.147568 -0.065463 
0.0252594 0.106839 0.0145422 
0.0377697 0.0866021 0.00330315 
0.0646208 0.149123 -0.0343673 
0.0661675 0.14893 -0.0371951 
0.075599 0.148695 -0.0412188 
0.062031 0.149699 -0.0300734 
0.0405474 0.151606 0.023977 
0.0427436 0.151471 0.0199174 
0.0761413 0.149369 -0.0439976 
-0.00224798 0.152851 0.0375366 
0.0406991 0.153464 0.0241173 
0.0433279 0.154127 0.0200475 
0.0534184 0.181564 -0.0112383 
0.0615912 0.15318 -0.01258 
0.0742914 0.178941 -0.0431763 
0.0652232 0.15134 -0.021988 
0.065165 0.151102 -0.0378064 
0.0591793 0.0488807 -0.0284726 
-0.0181721 0.154821 0.0500969 
0.0790682 0.150542 -0.0461885 
0.0819853 0.150189 -0.0549461 
0.0779293 0.151459 -0.0635003 
-0.00643056 0.155119 0.040001 
-0.00404741 0.15585 0.0352068 
-0.0022522 0.155972 0.0304986 
-0.0211466 0.135334 0.0526672 
0.0720538 0.151585 -0.0483514 
-0.0224206 0.155641 0.0504533 
0.073328 0.0964606 -0.0372671 
0.0664253 0.151805 -0.0427784 
0.0573547 0.154058 -0.0312176 
0.0600302 0.163193 -0.0541987 
0.0556926 0.155421 -0.0148388 
0.0545154 0.154962 -0.0176676 
0.0559758 0.154794 -0.0265902 
0.0656145 0.169774 -0.0177204 
0.052914 0.132559 -0.00400748 
0.0545464 0.154942 -0.0323089 
-0.0306438 0.130799 0.0592842 
-0.0163522 0.1589 0.0428249 
0.0223511 0.107344 0.0244096 
0.063014 0.159332 -0.011951 
0.0419908 0.155741 -0.0331582 
-0.0254763 0.109185 0.0564154 
0.0407171 0.0645399 0.0221196 
0.076242 0.159842 -0.0354695 
-0.0186975 0.136894 0.0512745 
-0.0400124 0.159381 0.0486256 
-0.00492801 0.158086 0.0303706 
8.23177e-05 0.150337 0.0371027 
0.0460937 0.157384 0.0166694 
0.0679965 0.088191 -0.00369103 
0.0480246 0.159801 0.015992 
0.0539139 0.159321 0.00159847 
0.0540211 0.156776 -0.0173101 
0.0649135 0.17298 -0.0125445 
0.0432974 0.155483 -0.0358953 
-0.0248617 0.159464 0.0458982 
0.0184412 0.0826659 0.0260029 
-0.0117602 0.159779 0.0370613 
0.0406909 0.14275 0.0092985 
-0.0350396 0.12411 0.0609166 
0.0506141 0.159444 0.0115268 
-0.00978637 0.160866 0.0330595 
-0.00584098 0.160656 0.0293226 
-0.00121072 0.159249 0.0257814 
0.04168 0.156939 -0.0330873 
-0.00542717 0.132079 0.0431785 
0.067574 0.173032 -0.0231685 
-0.01821 0.16127 0.0399385 
0.0568984 0.116776 -0.00781043 
0.0460571 0.160082 0.0189404 
0.0652161 0.158318 -0.0155338 
0.0189695 0.0830494 0.0256677 
-0.0161495 0.162447 0.0364677 
0.0719055 0.080628 -0.00583598 
0.0834046 0.157804 -0.0704442 
0.0482585 0.164269 0.0151331 
0.0586203 0.152298 -0.025368 
0.0533337 0.164758 0.00660675 
0.0653264 0.170562 -0.0305805 
0.0405816 0.0684696 0.0213654 
0.0588575 0.164298 -0.00243623 
0.0758225 0.162741 -0.0295253 
0.0781932 0.16236 -0.0403293 
-0.0274004 0.165355 0.0418594 
-0.0212462 0.165839 0.0383366 
0.0650605 0.0580661 -0.0411029 
-0.0125281 0.16474 0.0330267 
0.0462743 0.16553 0.0164898 
0.0777937 0.163392 -0.0305265 
0.0670207 0.165434 -0.0209641 
0.0127965 0.0943928 0.0302053 
0.0536882 0.183336 -0.0153474 
0.0440338 0.170196 0.0203154 
0.0283653 0.0980505 0.0156239 
0.056664 0.169845 0.00230348 
0.0640345 0.169654 -0.012015 
-0.00795827 0.140618 0.0460783 
-0.0306377 0.14598 0.057499 
0.0663885 0.167584 -0.0160329 
-0.00555281 0.13377 0.0435228 
0.0666395 0.168911 -0.0223668 
0.0726471 0.167357 -0.0304971 
0.0823241 0.168069 -0.0391597 
0.083561 0.137609 -0.0456544 
0.0519121 0.182488 -0.0112292 
0.0647638 0.0737636 0.00268707 
0.0845697 0.168029 -0.0441373 
0.0397011 0.179196 0.0270629 
0.0643156 0.16775 -0.0580716 
0.0465255 0.170406 0.0193956 
0.0675395 0.169823 -0.0270459 
0.0660183 0.169638 -0.0572465 
0.0482629 0.173585 0.0121388 
0.0631882 0.171049 -0.0090715 
0.0654879 0.16991 -0.0605985 
0.0470182 0.172608 0.0151785 
0.075444 0.0781338 -0.0335704 
0.0819508 0.170468 -0.0419272 
0.0709624 0.105092 -0.0246402 
0.0644433 0.147922 -0.0169788 
0.0514115 0.176132 0.010898 
-0.0221054 0.0841459 0.0561526 
0.0676998 0.173854 -0.0168326 
0.0617851 0.11909 -0.032834 
0.0669598 0.174418 -0.0269293 
0.0226209 0.114412 0.0168175 
0.0581066 0.12046 -0.034436 
0.0644184 0.174334 -0.030522 
0.0717282 0.173895 -0.0388823 
0.0659885 0.171531 -0.0598221 
0.0660285 0.173903 -0.0621292 
-0.016898 0.104942 0.0420895 
0.066568 0.174762 -0.0374958 
0.0855259 0.173741 -0.0514982 
0.0684779 0.174554 -0.0602217 
0.0772124 0.175286 -0.0448457 
0.0680005 0.0922754 -0.0100837 
0.0431745 0.178966 0.0206812 
0.0507481 0.180808 0.00963751 
0.0721016 0.14242 -0.0311815 
0.0574348 0.178778 -0.00317444 
0.05974 0.178881 -0.0088193 
-0.0166106 0.132005 0.0449201 
-0.0242647 0.0869225 0.0565179 
0.0641506 0.178406 -0.0178736 
0.0630184 0.179652 -0.0305126 
0.0675318 0.0996908 -0.0433018 
0.0611281 0.17934 -0.0351035 
0.0526626 0.0976381 -0.00833382 
0.0719451 0.177181 -0.0400227 
0.0750237 0.179539 -0.0473897 
0.0852032 0.176311 -0.0486638 
0.0835674 0.177656 -0.053596 
0.019184 0.107444 0.0279315 
0.0612267 0.18099 -0.0250972 
0.045039 0.182445 -0.00371405 
0.0764188 0.161094 -0.0426388 
0.0607706 0.182049 -0.031604 
0.0524109 0.186219 0.0102744 
0.0555342 0.185089 0.00729529 
0.0557063 0.183585 0.00385526 
0.0353271 0.186807 0.00593083 
0.0410417 0.1869 0.000217531 
0.0636133 0.151328 -0.0346737 
0.0434386 0.187662 -0.00293265 
0.0206263 0.0863352 0.0254896 
0.0511824 0.183467 -0.0120866 
0.0555465 0.183246 -0.0174512 
