-0.0340364 0.241422 -0.063224 
-0.0326771 0.241967 -0.0628812 
-0.0319552 0.238472 -0.0692131 
-0.02303 0.241418 -0.0967421 
-0.0296818 0.237973 -0.0664804 
-0.0270335 0.236574 -0.0689665 
-0.028158 0.235511 -0.0719263 
-0.0279769 0.234635 -0.0760182 
-0.027183 0.234058 -0.078963 
-0.0259696 0.23352 -0.08292 
-0.0251571 0.234246 -0.07307 
-0.0234281 0.23336 -0.0753223 
-0.0312982 0.22228 -0.105718 
-0.0203274 0.230487 -0.096537 
-0.0312873 0.223996 -0.102696 
-0.0236621 0.232066 -0.0789991 
-0.00417652 0.243164 -0.0903616 
-0.00408603 0.240809 -0.093228 
-0.0206904 0.230869 -0.08207 
-0.0219144 0.230705 -0.0858361 
-0.0195527 0.230664 -0.0988051 
-0.0287135 0.222389 -0.104307 
-0.0297124 0.221129 -0.106447 
-0.0188659 0.230685 -0.0836641 
-0.0191418 0.229678 -0.0859939 
-0.0195364 0.224093 -0.100575 
-0.00522118 0.237302 -0.0718898 
-0.00287744 0.237614 -0.0939174 
-0.0165059 0.228666 -0.0889524 
-0.0328663 0.216975 -0.0784858 
-0.0287273 0.217895 -0.090472 
-0.0293917 0.217163 -0.0921145 
-0.000739515 0.236334 -0.0907154 
-0.00228368 0.234301 -0.0965291 
-0.0162831 0.224736 -0.0957012 
-0.00165226 0.234862 -0.0936419 
-0.0178158 0.223306 -0.0966088 
-0.0248461 0.23223 -0.0828905 
-0.0183932 0.217889 -0.122358 
-0.0244417 0.216702 -0.105377 
-0.00408491 0.234169 -0.0756076 
-0.028024 0.215471 -0.0932553 
-0.00400667 0.235315 -0.0724405 
-0.00486721 0.230814 -0.0889697 
-0.0214052 0.235788 -0.0994053 
-0.00174337 0.232832 -0.0755569 
-0.00374209 0.232965 -0.0780647 
-0.00399703 0.231948 -0.0832183 
-0.00642258 0.228396 -0.0885623 
-0.0096366 0.228229 -0.0902079 
-0.0133582 0.222764 -0.0849032 
-0.0137456 0.22452 -0.0883845 
-0.0150479 0.2235 -0.0908414 
-0.0163263 0.219813 -0.0902991 
-0.026573 0.21434 -0.0806186 
-0.0303814 0.214909 -0.0792887 
-0.0285121 0.212774 -0.0852371 
-0.0276222 0.212676 -0.0891128 
-0.0226839 0.214735 -0.107357 
-0.00816013 0.224991 -0.0873146 
-0.0139947 0.220913 -0.0875967 
0.00048161 0.23186 -0.0761131 
-0.0146573 0.219864 -0.0889782 
-0.0132326 0.212455 -0.133359 
-0.0246717 0.210843 -0.0911592 
-0.0128942 0.210223 -0.138306 
-0.0233171 0.213223 -0.0840154 
0.000230892 0.229225 -0.0678331 
-0.00101221 0.228723 -0.070545 
-0.00153945 0.22789 -0.0755808 
-0.00168879 0.229877 -0.0772345 
-0.00476513 0.225911 -0.0858603 
-0.0197452 0.0976629 0.000894353 
0.0258515 0.128305 -0.00188332 
-0.0118611 0.229488 -0.0913792 
-0.0363508 0.14399 -0.0376502 
-0.00165089 0.152554 -0.00908421 
-0.0313134 0.170374 -0.00311329 
-0.0114603 0.143886 -0.00858444 
-0.0168321 0.141376 -0.0103076 
-0.0407756 0.101088 -0.00167317 
-0.00675182 0.208912 -0.0766093 
-0.0411279 0.120066 -0.0380729 
-0.0444677 0.161862 0.00657982 
-0.028282 0.217263 -0.0903795 
-0.0414307 0.117618 -0.0472074 
-0.0426537 0.156855 -0.0232984 
-0.00515717 0.115673 -0.00339654 
-0.050712 0.118589 -0.00549496 
0.00444467 0.149494 -0.011374 
-0.0297116 0.0895367 -0.00828636 
0.00132357 0.14697 -0.0100586 
-0.0392554 0.116034 -0.0374482 
-0.0400627 0.1141 -0.043456 
-0.066425 0.158454 0.0152379 
-0.021265 0.213226 -0.109362 
-0.0396673 0.113745 -0.0464145 
-0.0416961 0.118951 -0.0443855 
-0.055067 0.155564 0.00899908 
-0.0312857 0.176428 -0.00500609 
0.00264772 0.144233 -0.00974508 
0.000218008 0.217432 -0.080602 
0.000450801 0.14106 -0.00939354 
0.0382613 0.131223 -0.00195279 
-0.00288869 0.138201 -0.0114086 
-0.0513377 0.128831 -0.00297361 
-0.00412969 0.135127 -0.0131654 
-0.0413356 0.117272 -0.040726 
-0.0609156 0.154457 0.0145175 
-0.0334868 0.173951 -0.00427144 
-0.00777791 0.135111 -0.0141398 
-0.0254335 0.210569 -0.0893761 
-0.00799098 0.211711 -0.0768877 
-0.0098539 0.13237 -0.0154427 
-0.0376031 0.111244 -0.0399154 
-0.0475826 0.105659 -0.0108994 
-0.0468381 0.109145 -0.00185121 
0.00781658 0.141046 -0.00713557 
-0.0117599 0.0987495 0.00713659 
-0.038418 0.110964 -0.0450147 
0.00516663 0.12724 -0.00291417 
-0.0348404 0.183511 -0.00903373 
-0.0464908 0.142276 0.0043936 
-0.0167441 0.107136 0.00276136 
0.00205501 0.137139 -0.00694702 
-0.0204877 0.202846 -0.0926336 
-0.00115488 0.132651 -0.0095462 
-0.00438869 0.130918 -0.0143941 
-0.0110916 0.137985 -0.0128703 
-0.00643417 0.0975095 0.00699632 
-0.00153133 0.149349 -0.00903381 
-0.00674452 0.129192 -0.0159294 
-0.0372204 0.112135 -0.0381249 
-0.0233573 0.0976919 0.000355004 
-0.00465279 0.141502 -0.0101824 
-0.0400413 0.114583 -0.0404542 
0.0209909 0.140219 -0.0133842 
-0.0381102 0.110795 0.00397267 
-0.0169879 0.100503 0.00467836 
-0.0484169 0.133221 0.00330569 
-0.0409892 0.107707 0.00208793 
0.00203285 0.124229 -0.00214079 
-0.00210467 0.238924 -0.0903864 
-0.0450434 0.188715 -0.0362535 
-0.0335367 0.185616 -0.0102611 
-0.044512 0.105031 -0.00180279 
-0.0460514 0.102189 -0.0108108 
0.00238727 0.130911 -0.00463928 
-0.0403623 0.141279 -0.041868 
-0.0302585 0.23697 -0.0695203 
-0.000871229 0.128747 -0.00752804 
-0.0238325 0.149653 -0.0052448 
-0.0029389 0.126478 -0.0123185 
-0.0380643 0.197024 -0.0245949 
0.00207594 0.14928 -0.0104663 
-0.0195711 0.20931 -0.106818 
-0.0268951 0.109882 0.00372894 
-0.0418116 0.133444 0.00625441 
-0.0499299 0.120243 -0.000972845 
-0.0377602 0.103967 0.0012658 
0.00420922 0.120434 -0.000130212 
-0.0429425 0.0992357 -0.00599038 
-0.0428279 0.102385 -0.00201536 
0.0094857 0.126582 -0.00307911 
-0.0314917 0.0875023 -0.0174021 
-0.0121849 0.0857769 -0.043504 
-0.0238522 0.0875432 -0.0103995 
-0.0402403 0.18032 -0.00850162 
0.00376799 0.114459 0.00380615 
-0.0478306 0.144979 0.00281642 
-0.00443975 0.151447 -0.00773356 
0.0295857 0.126742 -0.00279229 
-0.0131499 0.219488 -0.0844937 
0.00135768 0.111156 0.00499172 
0.00939388 0.118079 0.00317291 
-0.0485819 0.177142 -0.0206502 
-0.0240329 0.218648 -0.108794 
-0.045415 0.111486 0.00133105 
0.00512279 0.13329 -0.00442111 
-0.0146224 0.202348 -0.1067 
0.0303442 0.135612 -0.00633979 
-0.0180705 0.226621 -0.0985181 
-0.0341762 0.11161 0.00408171 
-0.0482615 0.135808 0.00330769 
0.0385397 0.129677 -0.00273532 
0.0151971 0.131152 -0.00169773 
-0.0397338 0.123914 -0.0357598 
-0.0431742 0.107302 0.000973408 
-0.067499 0.163092 0.00684562 
-0.026708 0.107031 0.00374132 
-0.00434751 0.232148 -0.0862642 
-0.0492669 0.143409 0.000110656 
0.024427 0.142824 -0.0133295 
-0.0123458 0.220198 -0.0808266 
-0.00768343 0.116629 -0.0112057 
-0.0447823 0.118325 0.00405402 
-0.0388611 0.0926808 -0.0130949 
-0.0400574 0.142085 -0.0409605 
0.0315338 0.128145 -0.000885566 
-0.0372048 0.0920176 -0.00972832 
-0.051044 0.130441 -0.00480139 
-0.0467409 0.1887 -0.0154995 
-0.0238541 0.0915538 -0.00469298 
-0.0350609 0.10695 0.0030266 
-0.0271944 0.153188 -0.00415272 
-0.0390567 0.202767 -0.0353204 
-0.0256061 0.0863274 -0.0139003 
0.034644 0.131456 0.000377502 
-0.0230076 0.243483 -0.0942427 
-0.0486582 0.152097 0.000275028 
0.0104947 0.115325 0.00408333 
-0.00110752 0.122934 -0.00396136 
-0.0249056 0.156171 -0.00299445 
-0.00244335 0.119388 -0.00256003 
-0.0186199 0.224498 -0.0976725 
0.028624 0.138183 -0.00795512 
0.013285 0.127336 -0.000854649 
-0.00287764 0.145257 -0.00914184 
-0.000477141 0.101873 0.00785556 
0.0121325 0.121224 0.00192739 
-0.0482789 0.177101 -0.0184943 
-0.00367645 0.120997 -0.00811382 
0.0116432 0.130386 -0.00366385 
-0.0187184 0.0927237 -0.0035829 
-0.0485504 0.180575 -0.0223764 
-0.0256449 0.244688 -0.095677 
-0.0342331 0.188975 -0.012699 
-0.00770557 0.207926 -0.0809706 
-0.0153046 0.0920706 -0.00498037 
0.0261088 0.137716 -0.0093369 
0.0217582 0.138297 -0.011595 
-0.0485125 0.178331 -0.0192101 
0.00905964 0.113332 0.00487723 
-0.0321018 0.190611 -0.0144982 
-4.51684e-06 0.114048 0.0023043 
-0.0357243 0.0928819 -0.00657085 
-0.00685115 0.144456 -0.0085526 
-0.00406538 0.0998049 0.00798219 
-0.018125 0.086004 -0.0132433 
-0.0199522 0.104406 0.00294022 
-0.0174721 0.227465 -0.0928252 
-0.0394889 0.191174 -0.0171512 
-0.00560664 0.118816 -0.0115708 
-0.0461858 0.11638 0.00282394 
0.0338056 0.128327 -0.000320474 
-0.0219992 0.0943831 -0.00201809 
0.0134223 0.132773 -0.00457755 
-0.0475125 0.115309 0.00100781 
-0.00976679 0.0921386 -0.00668291 
0.00818839 0.120905 0.00150955 
0.00540922 0.138498 -0.00603962 
0.0310609 0.138166 -0.00706194 
-0.034077 0.107275 -0.0428868 
-0.0139119 0.138541 -0.0122838 
-0.0332994 0.0913989 -0.00721397 
-0.0166521 0.112448 0.000335389 
-0.00531303 0.148644 -0.00775868 
6.56263e-05 0.107026 0.00632925 
-0.0270215 0.214158 -0.0971086 
-0.0309706 0.182351 -0.00815053 
-0.0680382 0.169498 0.0111227 
-0.0501695 0.116518 -0.00871166 
-0.0512416 0.155555 0.00977215 
-0.0481223 0.109509 -0.00421195 
-0.039723 0.121529 -0.0358845 
-0.00811679 0.0937008 -0.00597619 
0.0287499 0.130913 -0.000475173 
0.00302737 0.108083 0.00650712 
-0.0482665 0.112944 -0.00153706 
-0.0460228 0.103335 -0.00656149 
0.00661855 0.117545 0.00295039 
-0.0341363 0.100743 0.000466889 
-0.0298416 0.224527 -0.0980725 
-0.0192903 0.21509 -0.117213 
-0.00900401 0.100163 0.00759787 
-0.00605632 0.112729 -0.00032595 
-0.037937 0.135861 0.00550908 
0.00694042 0.107402 0.00638579 
-0.0403053 0.153864 0.00497351 
-0.0153806 0.0883778 -0.00869888 
0.00429716 0.105287 0.00713715 
-0.0494019 0.113893 -0.00419111 
-0.0457252 0.104244 -0.00419071 
-0.0672539 0.174157 0.0025198 
-0.00121917 0.125624 -0.00636851 
-0.0409126 0.149638 -0.0398961 
0.0180443 0.126307 -0.000612315 
-0.0162026 0.0955975 -4.9384e-05 
-0.00788161 0.212621 -0.0773165 
0.00762054 0.134632 -0.00478876 
0.0321452 0.13528 -0.00574688 
0.00641105 0.111049 0.00577747 
-0.0288727 0.104138 0.00263994 
-0.043894 0.18653 -0.0138926 
-0.0212903 0.0898029 -0.00678316 
-0.013921 0.101124 0.00627836 
-0.0582667 0.157701 0.0140809 
-0.037111 0.0978742 -0.00213 
-0.0492841 0.112468 -0.00873617 
-0.00574313 0.121577 -0.0137232 
-0.0133116 0.0967474 0.00482324 
-0.004592 0.117647 -0.00555561 
-0.0468068 0.194577 -0.0227496 
-0.0403609 0.145698 -0.0398734 
0.00036445 0.120486 -0.000871899 
-0.0232377 0.0856381 -0.0163848 
-0.0114805 0.104272 0.00560254 
-0.00917655 0.157687 -0.00602541 
-0.0520932 0.158381 0.00950013 
0.0237461 0.132066 -0.0017836 
-0.0015852 0.135022 -0.0111893 
-0.04267 0.198357 -0.0283427 
-0.00263386 0.227535 -0.0822178 
-0.0602365 0.16878 0.00973075 
-0.0177246 0.0888475 -0.00808042 
-0.0438223 0.199073 -0.0290891 
-0.00883252 0.107838 0.00408692 
-0.036558 0.131921 0.00544764 
-0.0477351 0.122436 0.00310808 
0.0263481 0.139861 -0.011182 
-0.0440007 0.150402 0.00465842 
-0.0358627 0.0899348 -0.0158561 
-0.0356748 0.0904255 -0.0121722 
-0.0186456 0.110059 0.000750784 
-0.0255424 0.206962 -0.0854069 
-0.0110266 0.0937184 -0.00148022 
-0.0562154 0.166419 0.0105422 
-0.0222328 0.101248 0.00226447 
-0.0259284 0.220705 -0.106356 
-0.0400641 0.138367 -0.0411899 
-0.0337345 0.0952098 -0.00306845 
0.0158057 0.132731 -0.00209869 
-0.00753277 0.104954 0.00657259 
-0.00618534 0.222396 -0.0840688 
-0.0393156 0.129086 0.0062383 
-0.0677873 0.175213 0.00195613 
-0.00275161 0.124171 -0.00906683 
-0.0345816 0.242992 -0.0629041 
-0.0476837 0.14801 0.00206095 
-0.0136904 0.0944602 -0.00141865 
0.0221886 0.127637 -0.00158457 
-0.0420756 0.12514 -0.0406137 
0.00227339 0.103674 0.007495 
-0.0391989 0.0927908 -0.0150958 
-0.0320006 0.10804 0.00325126 
-0.0191737 0.085095 -0.0167621 
-0.0441056 0.125566 0.00559715 
-0.0502184 0.164859 0.00855454 
-0.0379506 0.123129 0.00581867 
-0.0273481 0.0920266 -0.00470799 
0.0206654 0.12542 -0.00272993 
-0.0300299 0.213592 -0.0827895 
-0.0295232 0.0866529 -0.0143557 
-0.0253745 0.100698 0.00177589 
-0.0138053 0.107814 0.00300889 
-0.0252532 0.245842 -0.0938989 
0.018148 0.136477 -0.0100739 
-0.0488789 0.116635 -0.000403774 
-0.0306799 0.192449 -0.0162757 
0.0103515 0.137666 -0.00634805 
0.0310764 0.13362 -0.000728734 
0.00860376 0.129224 -0.00407656 
-0.0111644 0.11017 0.00222211 
-0.0417473 0.114422 0.00426843 
0.0239105 0.139782 -0.0122895 
-0.0209609 0.237642 -0.0974048 
0.0225811 0.142343 -0.0138685 
-0.0130333 0.0907787 -0.0066983 
-0.0113287 0.095029 0.0032458 
-0.0154916 0.11084 0.00119892 
0.00376777 0.141664 -0.00767987 
0.00236297 0.117093 0.00111612 
-0.000411782 0.224161 -0.0780919 
0.0103996 0.124005 0.000271742 
-0.0507012 0.120458 -0.00820425 
-0.0490884 0.186164 -0.013889 
-0.0268313 0.219552 -0.107887 
-0.043244 0.111426 0.00270343 
-0.0481144 0.107878 -0.00792279 
0.0156716 0.124613 0.000351523 
-0.0320747 0.0977586 -0.000833588 
0.000919742 0.134102 -0.00670097 
-0.0434891 0.0979217 -0.0110182 
-0.0284227 0.097653 -0.00044142 
-0.00506551 0.124633 -0.0146336 
0.0164218 0.12843 -0.000528826 
-0.0250606 0.0952118 -0.00177325 
-0.0261525 0.233242 -0.0757875 
0.0191023 0.130521 -0.00100976 
-0.0399291 0.202371 -0.0357784 
0.00745401 0.12394 -0.00162156 
-0.0249216 0.213233 -0.0979693 
-0.0336005 0.18014 -0.00689703 
-0.00261113 0.104466 0.00747627 
-0.0094368 0.147627 -0.00698696 
-0.0393808 0.0956653 -0.00615463 
-0.0130094 0.200151 -0.106491 
-0.0213999 0.157238 -0.0027108 
-0.0221523 0.202199 -0.0851972 
0.0273928 0.135908 -0.00710546 
-0.0185176 0.201462 -0.0955797 
-0.0424946 0.1578 0.00556218 
-0.029566 0.110589 0.00406167 
-0.0391631 0.151903 -0.039199 
-0.00962606 0.0945827 0.00356179 
-0.0417493 0.12786 -0.0443412 
-0.0131012 0.0865159 -0.0439696 
-0.0422179 0.121278 -0.0402474 
-0.0146773 0.112249 0.000881616 
-0.00585389 0.102 0.00807073 
-0.0134432 0.146896 -0.0065514 
-0.050981 0.122106 -0.0074358 
-0.0513006 0.122753 -0.00597422 
-0.0369727 0.125787 0.00561931 
-0.045042 0.190342 -0.0341415 
-0.0195598 0.211027 -0.110449 
-0.0510939 0.125081 -0.00254244 
-0.0496303 0.127305 0.00162938 
-0.0425515 0.123511 -0.0452776 
-0.0464596 0.18373 -0.0371471 
-0.0400131 0.127521 -0.036881 
-0.0201335 0.0866035 -0.0121113 
-0.0201807 0.143506 -0.00862142 
-0.0182914 0.146295 -0.00690089 
-0.0315096 0.0881604 -0.012371 
-0.0488267 0.151601 -0.00394569 
-0.0128009 0.207516 -0.130011 
-0.021167 0.146436 -0.006812 
-0.0342198 0.195777 -0.0210509 
-0.00565312 0.107736 0.00534452 
-0.0158755 0.150127 -0.00506742 
-0.00203956 0.1109 0.0040826 
-0.011836 0.151218 -0.00531156 
-0.010532 0.153845 -0.00551364 
-0.00695558 0.154706 -0.00684395 
-0.00296466 0.236157 -0.0971968 
-0.0372244 0.13832 0.00483629 
-0.0490822 0.149389 -0.00349552 
-0.00360549 0.155762 -0.00868361 
-0.0227839 0.210615 -0.0990886 
-0.0513079 0.126722 -0.00562597 
-0.0381198 0.131085 -0.0361682 
-0.0417737 0.15569 -0.0232483 
-0.0304832 0.188152 -0.0125357 
-0.0424767 0.126765 -0.0453741 
-0.0407762 0.138801 0.00594866 
-0.037431 0.147881 -0.0381915 
-0.0395324 0.141478 0.00547686 
-0.0412853 0.12944 -0.0443211 
-0.0403966 0.131186 -0.0384733 
-0.0219408 0.22186 -0.101015 
-0.0380877 0.135918 -0.0370713 
-0.00135163 0.116973 -8.96527e-05 
-0.018701 0.153678 -0.0036464 
-0.0166291 0.156385 -0.00348278 
-0.0132871 0.206989 -0.123563 
-0.0594592 0.155836 0.0146384 
-0.0130645 0.157712 -0.00455497 
-0.0372637 0.143735 0.00455683 
-0.0395345 0.144176 -0.0386339 
-0.0467381 0.194899 -0.0249088 
-0.0271634 0.219898 -0.100324 
-0.0494095 0.139672 0.00115118 
-0.0433282 0.142188 0.00578021 
-0.0418175 0.14568 0.00533677 
-0.0246486 0.211336 -0.0861095 
-0.0381154 0.154571 -0.0400015 
-0.0387479 0.148378 0.00479805 
-0.0384134 0.151056 0.0045378 
0.0054908 0.144321 -0.00890473 
-0.0498161 0.139884 -0.00435658 
-0.0265332 0.208157 -0.0836627 
-0.0386215 0.140785 -0.0382622 
-0.0483157 0.191817 -0.018083 
-0.0147194 0.208838 -0.12759 
-0.019846 0.160051 -0.00272428 
-0.0612173 0.158443 0.0144236 
-0.0155783 0.161911 -0.00416704 
-0.0188257 0.166605 -0.00404635 
-0.0451444 0.145073 0.00493731 
-0.0287003 0.154024 -0.00391872 
-0.0496878 0.142673 -0.004381 
-0.0404306 0.151538 0.00501278 
-0.0492515 0.145726 -0.00254919 
-0.0235091 0.160014 -0.00222061 
-0.0282521 0.159965 -0.00254091 
-0.0663328 0.163287 0.00836623 
-0.0405386 0.142453 -0.0419182 
-0.0463449 0.154592 0.00395125 
-0.0328642 0.114369 0.00436025 
-0.0504115 0.131197 0.000191004 
-0.0305758 0.158567 -0.00307531 
-0.067295 0.162864 0.0125234 
-0.0256801 0.162691 -0.00196411 
-0.0585602 0.161136 0.0129381 
-0.0223429 0.164367 -0.00260405 
-0.0538419 0.163427 0.0100139 
-0.0246334 0.21351 -0.0965389 
-0.0109162 0.209602 -0.0843542 
-0.036401 0.113982 0.00477857 
-0.0427694 0.154327 0.0053375 
-0.0385826 0.117136 0.005465 
-0.0503766 0.136902 -0.00274253 
-0.0451056 0.157371 0.00572378 
-0.0312411 0.164432 -0.00239373 
-0.0286967 0.166433 -0.00232745 
-0.0415042 0.12939 -0.0410875 
-0.0168865 0.206011 -0.109386 
-0.0253594 0.16848 -0.00289429 
-0.0265977 0.220886 -0.0988895 
-0.0125454 0.213635 -0.0859458 
-0.0192519 0.207411 -0.105533 
-0.0217462 0.170488 -0.00448649 
-0.0262649 0.20698 -0.0772794 
-0.0456793 0.133008 0.0052186 
-0.0417361 0.155995 -0.0217387 
-0.0156966 0.10399 0.004504 
-0.0525795 0.154364 0.00964606 
-0.0248898 0.174397 -0.0048814 
-0.0539806 0.155565 0.00969145 
-0.0280532 0.17851 -0.00619551 
-0.0427422 0.157471 -0.0220152 
-0.0282955 0.172626 -0.00366813 
-0.0627465 0.157479 0.0133756 
-0.0439134 0.196041 -0.0230899 
-0.0307708 0.0943129 -0.00320831 
-0.0351305 0.174174 -0.00457576 
-0.0252248 0.181684 -0.00954766 
-0.0683085 0.159747 0.0152735 
-0.0670389 0.160792 0.0163053 
-0.0646331 0.162932 0.014674 
-0.0608039 0.165144 0.0127226 
-0.0532852 0.167033 0.00928038 
-0.0464515 0.129797 0.00476713 
-0.0376698 0.177857 -0.00651752 
-0.0271954 0.184329 -0.0104927 
-0.0507633 0.133608 -0.00165448 
-0.0665023 0.162863 0.00661434 
-0.0148405 0.207463 -0.117285 
-0.0661701 0.165892 0.0103296 
-0.0686927 0.16594 0.0102781 
-0.0328119 0.226257 -0.100726 
-0.0135641 0.207687 -0.127571 
-0.0640827 0.168147 0.0109505 
-0.00016398 0.224809 -0.0754635 
-0.01693 0.209074 -0.120131 
-0.0495322 0.141558 -0.00299115 
-0.038839 0.183071 -0.00961137 
-0.0359081 0.186466 -0.0113021 
-0.0676521 0.16892 0.0112487 
-0.0740198 0.165837 0.00908386 
0.0332138 0.133339 0.000293302 
-0.0723152 0.168236 0.0112912 
-0.0473407 0.182271 -0.0202109 
-0.0232747 0.20295 -0.0817171 
-0.0353758 0.118668 0.00501896 
-0.0318391 0.161704 -0.00265383 
-0.0466218 0.183822 -0.0112869 
-0.0490221 0.179682 -0.0262378 
-0.0223921 0.231608 -0.0895438 
-0.00300974 0.132975 -0.0134066 
-0.0412199 0.185493 -0.0122062 
-0.0322154 0.2398 -0.0647528 
-0.0208327 0.230692 -0.0933375 
-0.0380468 0.188794 -0.0137748 
-0.0208078 0.233444 -0.0971686 
-0.0343137 0.191928 -0.0161486 
-0.0386742 0.132225 -0.0365839 
-0.0257797 0.20577 -0.076039 
-0.0762176 0.167238 0.00973823 
-0.00981236 0.214682 -0.0773639 
-0.0754913 0.168335 0.0109129 
-0.0477823 0.160973 0.00751304 
-0.0385714 0.118866 -0.0358102 
-0.041287 0.121315 0.00581945 
-0.068455 0.172531 0.00123299 
-0.0488429 0.180838 -0.0284205 
-0.0320913 0.194434 -0.0187127 
-0.040325 0.125775 0.00644693 
-0.0466609 0.181043 -0.0358892 
-0.020986 0.201153 -0.0879206 
-0.0418061 0.188565 -0.0148807 
-0.0765139 0.169624 0.0104224 
-0.0403535 0.134189 -0.0398361 
-0.0691442 0.174678 0.000778583 
-0.0444028 0.137841 0.00554843 
-0.0467286 0.186023 -0.0325545 
-0.0427353 0.191153 -0.0181145 
-0.0477975 0.183495 -0.0298168 
-0.0331772 0.16928 -0.00306674 
-0.039567 0.193791 -0.0204186 
-0.0320587 0.227237 -0.0982231 
-0.0471964 0.185815 -0.0259387 
-0.0470018 0.187831 -0.0222222 
-0.036916 0.109815 -0.0423829 
-0.0375537 0.192899 -0.0180221 
-0.0365059 0.179711 -0.00721426 
-0.0449243 0.187239 -0.0386289 
-0.0451575 0.189371 -0.0305305 
-0.0477771 0.189475 -0.0188075 
-0.0378131 0.195869 -0.0222105 
-0.00590241 0.138278 -0.0120568 
-0.0705838 0.164248 0.00801647 
-0.00716602 0.208003 -0.0787729 
-0.0442468 0.191509 -0.0335961 
-0.0447088 0.191177 -0.0307165 
-0.0490649 0.191143 -0.0194961 
-0.0349357 0.176629 -0.00558128 
-0.0466455 0.193368 -0.0194503 
-0.035629 0.198046 -0.0263441 
0.0297564 0.140433 -0.00848072 
-0.0130767 0.199865 -0.10787 
-0.0361937 0.198511 -0.0266337 
-0.00408723 0.113273 0.00118033 
0.0264259 0.133024 -0.00166817 
-0.021958 0.152419 -0.00384663 
-0.0145659 0.201949 -0.108345 
-0.0127991 0.14128 -0.0103583 
-0.00918834 0.210389 -0.0820497 
-0.00872776 0.141309 -0.0102501 
-0.00794587 0.209284 -0.0791697 
-0.0231518 0.211654 -0.0965675 
-0.0476817 0.177343 -0.0179796 
-0.00150948 0.216419 -0.080619 
-0.0186997 0.20235 -0.0970826 
-0.0404438 0.0943828 -0.0106356 
0.000841946 0.219835 -0.0799606 
-0.0194615 0.205442 -0.100137 
-0.0214618 0.205693 -0.093065 
-0.0236411 0.106958 0.00274167 
-0.02545 0.204877 -0.0809431 
-0.0150224 0.143967 -0.00843251 
-0.0112109 0.214945 -0.0832603 
-0.00405744 0.220241 -0.0826874 
-0.0403906 0.201654 -0.0365284 
-0.0105665 0.216792 -0.079286 
-0.000817271 0.222896 -0.0807114 
0.000498973 0.226066 -0.0694843 
-0.00293749 0.222168 -0.0831768 
0.00157348 0.227515 -0.0671126 
-0.018938 0.207174 -0.10334 
-0.0427522 0.141329 0.00596239 
-0.0218682 0.206485 -0.0955781 
-0.0310426 0.100858 0.00104715 
-0.0153688 0.208341 -0.120288 
-0.013304 0.210645 -0.131999 
-0.0156414 0.208776 -0.124228 
-0.0176692 0.212393 -0.118233 
-0.0189605 0.209448 -0.113286 
-0.0146565 0.217495 -0.0885656 
