-0.00098378 0.186897 -0.0275057 
-0.00382045 0.186134 -0.0256412 
-0.00727922 0.185347 -0.0241137 
-0.0316374 0.182984 -0.0197809 
-0.008825 0.182157 -0.0235677 
-0.0266952 0.180473 -0.00341437 
-0.0280652 0.179336 -0.00207544 
-0.0156911 0.176513 -0.0222953 
-0.0188296 0.177435 -0.0196032 
-0.0229727 0.177747 -0.0178067 
-0.0317115 0.177796 -0.0146066 
-0.0253676 0.177757 -0.00571853 
-0.072932 0.174393 -0.00282163 
-0.0350762 0.172773 0.000263206 
-0.0191624 0.171407 -0.0387874 
-0.0212129 0.171139 -0.0371938 
-0.0479764 0.171552 0.00163898 
-0.0522255 0.171247 0.00364433 
-0.0533171 0.172108 0.00247448 
-0.0723507 0.172968 -0.000412698 
-0.0797277 0.171303 0.0118753 
-0.0703398 0.170251 0.00105593 
-0.00973245 0.169418 -0.00761515 
-0.0220605 0.168646 -0.0362216 
-0.0256677 0.168623 -0.0333226 
-0.02855 0.168162 -0.0306145 
-0.00921944 0.167814 -0.00986975 
-0.0164267 0.167522 -0.00564871 
-0.0217749 0.168623 -0.00414314 
-0.0362929 0.170426 -0.0305876 
-0.0325611 0.168672 -0.00137242 
-0.0356927 0.168003 0.000127652 
-0.0570821 0.166823 0.0037471 
-0.0688606 0.168139 0.00224705 
-0.0727272 0.168785 0.00911875 
-0.0558224 0.165702 0.00322754 
-0.0228976 0.165116 -0.0353 
-0.0681674 0.163954 0.0127032 
-0.0745015 0.164655 0.0128622 
-0.0279033 0.165187 -0.0299834 
-0.0573699 0.164619 0.00634548 
-0.0178996 0.163603 -0.00647295 
-0.0202555 0.163656 -0.02093 
-0.0132676 0.165054 -0.00819606 
-0.0221493 0.164061 -0.00444464 
-0.0450889 0.172384 -0.000309726 
-0.0320357 0.163963 -0.000945577 
-0.0361771 0.163288 0.000539109 
-0.0457336 0.16341 0.004279 
-0.0582679 0.16212 0.00983257 
-0.0606151 0.163567 0.00956291 
-0.0675937 0.165422 0.00937669 
-0.0421977 0.16822 0.00125862 
-0.0487226 0.161141 0.00593139 
-0.0285618 0.188462 -0.0207412 
-0.0647105 0.160241 0.0105661 
-0.0278043 0.1704 -0.0194268 
-0.0290442 0.160006 -0.00189113 
-0.0608616 0.159559 0.00957507 
-0.0711904 0.158913 0.00881706 
-0.0176364 0.159547 -0.0381311 
-0.0168943 0.15807 -0.0226337 
-0.031652 0.159612 -0.000683594 
-0.0386438 0.159107 0.00124868 
-0.0417975 0.159382 0.00244194 
-0.0458452 0.159637 0.00410365 
-0.0481215 0.158512 0.00472441 
-0.051097 0.159383 0.00631081 
-0.058073 0.158266 0.00848114 
-0.0725154 0.158775 0.0095345 
-0.0190985 0.156833 -0.0372488 
-0.0205837 0.159559 -0.0351278 
0.0299207 0.158022 -0.0166976 
0.0163054 0.157618 -0.0172397 
-0.00771968 0.159058 -0.00884976 
-0.00994548 0.158904 -0.00699723 
-0.0123602 0.159241 -0.00618489 
-0.0191426 0.157925 -0.0049536 
-0.0291648 0.157189 -0.000767894 
-0.0388845 0.156912 0.00152135 
-0.029014 0.156015 -0.000721505 
0.0221936 0.155952 -0.0164605 
-0.0904092 0.154461 0.0086667 
-0.0922995 0.15445 0.00902893 
-0.00608716 0.181744 -0.0258773 
0.0215879 0.154886 -0.0156294 
-0.041892 0.164068 0.00238527 
0.0153076 0.154704 -0.0159883 
0.00945966 0.154563 -0.0168553 
-0.0856884 0.153285 0.00716511 
-0.0205782 0.1548 -0.0177433 
-0.0206455 0.153817 -0.0159456 
-0.015451 0.153833 -0.00945072 
-0.0134231 0.155159 -0.00769155 
-0.0164241 0.154429 -0.0055202 
-0.0221128 0.154243 -0.00308888 
-0.0329229 0.154545 -0.00102726 
-0.045391 0.154291 0.00323152 
0.0498414 0.152698 -0.0167477 
0.0442399 0.15476 -0.0159134 
0.0281345 0.152521 -0.00851258 
-0.0188205 0.151577 -0.0194282 
-0.0197311 0.151163 -0.0178206 
-0.0200357 0.15125 -0.0167286 
-0.0283718 0.172709 -0.0163666 
-0.0834194 0.151143 0.00710487 
-0.0195552 0.154848 -0.00348305 
-0.0385924 0.149475 0.00150582 
-0.0521543 0.150034 0.00507595 
-0.0550779 0.148716 0.00593028 
-0.0605122 0.148318 0.00740323 
-0.0787751 0.149022 0.0117831 
-0.0125044 0.15002 -0.00777215 
-0.0166375 0.150149 -0.00563521 
-0.0212357 0.15013 -0.00356443 
-0.0266277 0.174714 -0.0165252 
-0.0827071 0.151131 0.010358 
-0.0321392 0.149842 -0.000789369 
-0.0416054 0.149824 0.00245166 
0.0486171 0.150303 -0.0142799 
-0.0776278 0.168915 0.0120246 
0.0393851 0.150003 -0.00894305 
0.0309237 0.149083 -0.0046058 
0.0253426 0.148425 -0.00376234 
-0.0780332 0.170405 0.00940224 
-0.010272 0.147316 -0.00926218 
-0.0387807 0.147105 0.00204058 
-0.064723 0.14687 0.00877677 
-0.0705822 0.147321 0.00782871 
0.0765918 0.148118 -0.00377465 
-0.0197528 0.156596 -0.0362013 
-0.0115029 0.147027 -0.00736897 
-0.0261587 0.174306 -0.00581684 
-0.0739408 0.146975 0.0108485 
-0.0582921 0.146853 0.00721524 
-0.0327513 0.185946 -0.0168367 
-0.0181188 0.146463 -0.00560957 
-0.0722578 0.170409 0.00348186 
0.076612 0.146946 -0.00362755 
0.0749722 0.146225 -0.00252091 
0.0169862 0.145026 -0.00266183 
0.0554885 0.145693 -0.0144424 
-0.0715264 0.168695 0.00558941 
0.0776632 0.146155 -0.00651323 
0.0466753 0.146369 -0.00830268 
-0.0201507 0.145211 -0.0131139 
-0.0222948 0.145195 -0.00435482 
-0.0315504 0.145321 -0.000716565 
-0.0364362 0.145338 0.00123662 
-0.0778248 0.170336 0.00714138 
-0.0457938 0.145363 0.00502242 
-0.0487196 0.144516 0.00656479 
-0.0553116 0.145038 0.0080235 
-0.0618241 0.145549 0.00864215 
-0.0652005 0.143359 0.0108935 
-0.0678503 0.145406 0.00967265 
-0.0189613 0.169587 -0.0060863 
-0.0748825 0.14396 0.013253 
-0.0810946 0.145227 0.0155948 
-0.0827936 0.14405 0.0177199 
0.0482474 0.144129 -0.00704242 
-0.00449524 0.183749 -0.0258625 
0.0430854 0.145947 -0.00522568 
-0.0296796 0.19021 -0.019089 
0.0390265 0.1449 -0.00309714 
0.0285306 0.155435 -0.0153225 
0.036582 0.144037 -0.00173976 
-0.0326684 0.173674 -0.00160538 
0.0232139 0.143463 -0.00187375 
-0.0350429 0.171477 -0.00190345 
0.0184323 0.14424 -0.00274083 
-0.0230756 0.142785 -0.00528131 
0.087298 0.144102 -0.00473078 
-0.0376811 0.171176 -0.000234065 
0.0876006 0.145261 -0.0015933 
0.0686778 0.143561 -0.0036657 
0.0442894 0.148327 -0.00979177 
-0.0456341 0.141804 0.00554538 
0.0376821 0.157554 -0.0162862 
-0.0553594 0.141315 0.00852282 
-0.0610736 0.141468 0.00995119 
-0.0648409 0.141486 0.0111438 
-0.0554845 0.159387 0.00807481 
0.0858712 0.142272 -0.0060966 
0.0692877 0.141929 -0.00382991 
0.00957984 0.14124 -0.00305311 
-0.0753309 0.140765 0.0149736 
-0.0802372 0.172979 0.00920625 
-0.0776685 0.14075 0.0167899 
-0.0585513 0.140971 0.00931722 
-0.0800905 0.140917 0.0176926 
-0.0291532 0.168765 -0.00254292 
0.00959909 0.139999 -0.00222729 
-0.0214786 0.161164 -0.0194525 
-0.0246329 0.140392 -0.00730316 
-0.0372318 0.138692 -0.00197004 
-0.032224 0.140831 -0.000982767 
0.0195712 0.140918 -0.0016907 
-0.0752251 0.13806 0.0154757 
0.0520324 0.14046 -0.00738901 
0.0497142 0.140937 -0.00548819 
0.0457449 0.140845 -0.00297379 
0.0484654 0.152969 -0.0147957 
0.0426974 0.139794 -0.00150164 
-0.028762 0.178049 -0.0157173 
0.0227914 0.140009 -0.00151077 
0.0842968 0.14017 -0.00774498 
0.0850334 0.14088 -0.00354204 
0.0828429 0.140248 -0.00150817 
-0.0179594 0.162346 -0.0379992 
0.0708884 0.140639 -0.00330578 
-0.0487915 0.141626 0.00714897 
0.0539439 0.138282 -0.00779868 
0.0813333 0.138147 -0.00256941 
0.0504486 0.138197 -0.00421695 
0.0770438 0.148288 -0.00517164 
0.0228936 0.137248 -0.00136354 
-0.0352269 0.13677 -0.00209691 
0.0296877 0.13645 -0.00118564 
-0.0357548 0.17214 -0.0311862 
0.0752952 0.139709 -0.00260619 
-0.0289216 0.136008 -0.00461896 
0.0201411 0.135993 -0.00161084 
0.0131382 0.136098 -0.00139709 
0.0489054 0.135169 -0.00205395 
0.0466231 0.136524 -0.00163629 
-0.0362112 0.150044 0.000757827 
0.042704 0.136007 -0.000559955 
0.0897188 0.135267 -0.00429801 
0.0793637 0.136397 -0.00323251 
0.0745929 0.134791 -0.00430585 
0.0735211 0.13604 -0.0036059 
-0.051998 0.141487 0.0076331 
0.0542669 0.135837 -0.006562 
0.0849456 0.136564 -0.00382038 
0.036336 0.136423 -0.000290327 
0.025199 0.132741 -0.00254541 
-0.0545754 0.156853 0.00709891 
0.0492816 0.144138 -0.00911303 
-0.0410198 0.142051 0.00319909 
0.0394873 0.132976 -7.70353e-05 
-0.025741 0.146048 -0.00210502 
-0.026231 0.131694 -0.00775355 
-0.0291148 0.131418 -0.00477494 
-0.0416158 0.153554 0.00247834 
0.0369184 0.147046 -0.00399829 
0.0535823 0.147022 -0.0143449 
-0.0331566 0.131655 -0.0023458 
-0.0479283 0.154686 0.00395872 
-0.0711313 0.140965 0.0127177 
-0.0420239 0.130686 0.000105042 
0.0223454 0.131098 -0.00369854 
0.0823503 0.132293 -0.00440729 
0.0398037 0.141093 -0.0014839 
0.013584 0.131286 -0.00129982 
0.0512771 0.147437 -0.012933 
0.0430637 0.13129 0.000133814 
0.0192592 0.128837 -0.00472417 
0.0746317 0.131365 -0.00557454 
0.0719156 0.131747 -0.00511757 
0.031823 0.137283 -0.00090417 
0.0706727 0.129814 -0.00555814 
-0.0380041 0.164533 0.000706742 
0.0571462 0.130478 -0.00836314 
0.0556033 0.131222 -0.00623353 
0.0498845 0.151698 -0.0167361 
0.0523766 0.131271 -0.00286927 
0.0867429 0.130597 -0.00627643 
0.0462544 0.150538 -0.0136213 
0.0849012 0.131363 -0.00499728 
-0.0782609 0.172501 0.00604021 
-0.0456391 0.149366 0.00364685 
-0.0450484 0.126874 0.00155817 
-0.0464652 0.125833 0.00201319 
0.0872757 0.128171 -0.00570261 
0.0450855 0.143838 -0.00453909 
0.0459475 0.128005 0.000164297 
0.052413 0.149553 -0.0149656 
-0.0334532 0.126828 -0.00249023 
-0.0357177 0.126871 -0.00101867 
-0.0381641 0.126745 -9.87982e-05 
-0.0804995 0.174748 0.00554002 
-0.0423056 0.126756 0.0010643 
0.00362934 0.126974 -0.000269729 
0.0167171 0.126834 -0.00435952 
0.039666 0.136356 -0.000274317 
0.0131143 0.126552 -0.00231428 
0.00723726 0.126597 -0.000439305 
-0.0740786 0.175473 -0.000670476 
-0.0311378 0.123895 -0.00561855 
0.0746478 0.12736 -0.00645247 
0.0485663 0.126964 -0.000442153 
0.0424469 0.126919 0.000389347 
0.0495673 0.153038 -0.0158493 
-0.0413935 0.145266 0.00306035 
-0.0336044 0.123418 -0.00300761 
-0.013731 0.178457 -0.0219081 
0.0780754 0.125036 -0.00605236 
-0.0453814 0.169938 0.000934851 
0.0720704 0.125234 -0.00687731 
0.0670238 0.124851 -0.00459118 
0.0561456 0.126513 -0.00569285 
0.0798348 0.124157 -0.00846907 
0.0795072 0.124205 -0.00718773 
-0.0251931 0.180536 -0.00555217 
0.00954746 0.122836 -0.00116987 
0.00415446 0.123415 -2.77729e-06 
-0.0313463 0.122053 -0.00655718 
-0.0379192 0.122222 -0.000348161 
-0.0454913 0.121988 0.00278299 
-0.0484039 0.122333 0.00307561 
-0.0383603 0.0764448 0.0250198 
-0.0113163 0.166122 -0.010316 
0.022686 0.157913 -0.0168594 
-0.0420621 0.0763137 0.0274336 
0.0620227 0.0675522 0.0243656 
-0.0381968 0.111559 -0.00554937 
-0.0567326 0.0752972 0.0361385 
0.0327519 0.0779573 0.0272781 
0.0563904 0.0610237 0.0206308 
0.0444422 0.074194 -0.0332424 
0.0447927 0.0719299 -0.033132 
0.0449264 0.0749882 -0.0296206 
-0.0293871 0.186809 -0.020928 
-0.0675156 0.160911 0.0112732 
-0.0347134 0.0769797 0.0220145 
0.056998 0.0717061 0.0258701 
0.0760347 0.080479 0.0132127 
0.0750856 0.0786136 0.0163353 
0.0745413 0.0804004 0.0186072 
0.0719128 0.0804216 0.0221366 
-0.0229418 0.180669 -0.0181612 
-0.0365912 0.0796814 0.020209 
-0.0223343 0.07323 0.0174483 
0.0448802 0.0733868 -0.0324682 
0.0658794 0.0716647 -0.00503071 
0.0530721 0.0743868 -0.0187979 
-0.051275 0.156257 0.00563554 
0.032342 0.0762119 0.0265218 
0.0584017 0.0631801 0.0219243 
0.0167903 0.138975 -0.00126311 
-0.0396662 0.0598332 0.0294731 
-0.0568957 0.0732579 0.0360848 
-0.0359615 0.15946 0.00081713 
0.0697636 0.0903384 0.0211654 
-0.0237277 0.174291 -0.0186563 
-0.0349785 0.0733626 0.0240993 
-0.057502 0.0696707 0.0331539 
-0.0217748 0.158958 -0.00379066 
-0.0459914 0.0706414 0.0296771 
-0.0360292 0.154716 0.000817055 
0.0165771 0.132367 -0.00160491 
-0.0127415 0.0590573 0.0192179 
-0.0125576 0.0756154 0.017389 
0.011395 0.120785 -0.00381369 
-0.0305914 0.181963 -0.0174792 
-0.0119045 0.0720968 0.0180823 
-0.0230073 0.0704503 0.0201677 
0.0388179 0.154609 -0.0150158 
-0.0258812 0.0702324 0.0222672 
-0.0281173 0.0720176 0.0220846 
0.0386202 0.111591 0.0157815 
0.0198894 0.0656163 0.0213513 
-0.0458073 0.108655 0.00456297 
0.0855295 0.132076 -0.00789836 
-0.0427948 0.0634957 0.0201742 
-0.0483024 0.114495 0.00500565 
-0.03548 0.089749 0.0109113 
0.0744651 0.0762746 0.0129091 
0.0385935 0.0628933 -0.0415608 
0.040183 0.104292 0.0240087 
0.0720696 0.0739889 0.0195325 
0.0712241 0.0759509 0.0217096 
0.0700836 0.0733737 0.0218883 
-0.019215 0.171304 -0.00610989 
-0.0438715 0.100712 0.00286674 
0.0358648 0.0768815 0.0252857 
0.0424283 0.0681315 -0.0356102 
-0.02629 0.158915 -0.00220135 
-0.067894 0.140907 0.0116169 
0.0845047 0.139603 -0.00665055 
0.0517054 0.068939 -0.0256567 
0.0363866 0.149129 -0.00584999 
0.052075 0.0707055 -0.0227234 
0.0548216 0.0713396 -0.0183476 
-0.00237128 0.184215 -0.027608 
0.0548084 0.0734256 -0.0159894 
0.0729035 0.0729369 0.0129704 
0.0588548 0.058961 0.016153 
0.0573918 0.0705958 -0.0151204 
-0.010539 0.148806 -0.00942572 
0.0689036 0.0733677 0.0230191 
-0.0192183 0.169368 -0.0386733 
0.0467102 0.0833724 -0.0255965 
0.0332884 0.151252 -0.00790036 
0.059759 0.0696912 -0.012642 
-0.018666 0.154727 -0.0202094 
0.0712538 0.0714919 0.00404244 
0.0666808 0.0713106 0.0237218 
0.0452673 0.08385 -0.0274703 
-0.0378543 0.0626513 0.0263051 
-0.00725143 0.067946 0.0147079 
-0.00764255 0.0683772 0.0168783 
0.0392861 0.0663108 -0.0421463 
-0.0549345 0.0758995 0.0342729 
-0.0164518 0.15932 -0.00531985 
0.0434604 0.0945269 0.0269449 
0.0250619 0.149836 -0.00479583 
0.0329087 0.0714291 0.0228131 
-0.0509569 0.0715554 0.0319641 
-0.00211379 0.126689 -0.000784181 
-0.0391806 0.0658591 0.0295752 
0.0589513 0.0694504 0.0257034 
-0.0476912 0.0612798 0.0300001 
0.0745043 0.0898078 0.0184588 
-0.0458137 0.0670093 0.0304598 
0.0460775 0.132178 -0.000502802 
-0.0484071 0.066673 0.0321159 
-0.0710685 0.167649 0.0114507 
-0.0233147 0.136963 -0.00980018 
0.0487684 0.131557 -0.00106368 
-0.0508593 0.0670327 0.0327535 
0.0633005 0.0591995 0.00168535 
-0.0489217 0.0971522 0.0129845 
0.0396549 0.10156 0.0270349 
0.0399645 0.0807681 0.0233984 
0.0515482 0.135792 -0.0039097 
0.00404317 0.107385 -0.000710545 
0.0624545 0.0807704 0.0250289 
-0.0252812 0.0672592 0.0232121 
-0.0418763 0.0666998 0.0205905 
0.0581991 0.0637779 -0.0204111 
-0.04833 0.0640899 0.0317632 
-0.0540801 0.0675479 0.0330793 
0.0419933 0.085781 0.0258158 
-0.00283938 0.0905588 0.0019311 
0.0599341 0.0661391 0.0241418 
0.0656146 0.0608194 -0.0127128 
0.0738063 0.0754002 0.00942243 
0.0734009 0.0767651 0.0189252 
0.0688675 0.0620171 -0.00675479 
0.0286041 0.0679563 0.0225791 
-0.0187751 0.159498 -0.0211727 
0.0765911 0.0894971 0.0157061 
0.0103192 0.0632288 0.0250995 
0.0306059 0.152941 -0.0107573 
0.032947 0.145251 -0.00223589 
0.0589181 0.0665432 -0.0171512 
-0.0256323 0.076184 0.0176392 
0.0558284 0.064366 0.0236892 
0.0610071 0.0631777 -0.0166039 
-0.0278618 0.127368 -0.0079521 
0.0319098 0.0618984 0.0189492 
0.0305661 0.143269 -0.00125242 
0.00599792 0.135558 -0.00166405 
0.0102361 0.0658676 0.0249412 
0.0390723 0.078596 0.0205356 
-0.0740558 0.173025 0.00303581 
0.0600499 0.062658 -0.0183602 
0.056318 0.0675158 -0.0200571 
0.0778118 0.103475 0.00327575 
-0.0515784 0.0992092 0.0104796 
-0.0285723 0.0685986 0.0233717 
0.0775037 0.0902651 0.00405293 
0.0426228 0.105624 0.0168981 
0.0650487 0.0604053 -0.0136049 
0.0717869 0.101948 0.0140261 
0.0536924 0.0682876 -0.0233687 
0.0640675 0.064733 0.0210335 
0.0289002 0.0699602 0.0233177 
0.0306218 0.0691545 0.0225035 
-0.0618622 0.0985009 0.0103794 
-0.0149567 0.0668173 0.0220251 
-0.0256787 0.180329 -0.0172695 
0.0694967 0.0974326 0.0179684 
-0.0348253 0.172945 -0.0328818 
0.0668995 0.0621779 -0.0104328 
0.0718098 0.0715216 0.0162009 
0.0393838 0.120852 0.000243106 
0.0330643 0.0607262 0.0272817 
0.0686039 0.0624491 -0.000211258 
-0.0378218 0.135859 -0.00148512 
-0.051338 0.104896 0.00779768 
0.0747898 0.114677 -0.00333314 
-0.0124804 0.0598579 0.0210006 
-0.0510221 0.0759215 0.0317972 
0.0329757 0.0621881 0.0234767 
0.060413 0.0606856 0.0175508 
-0.0149055 0.0589182 0.0219752 
0.0762996 0.0814975 0.00976826 
0.0775472 0.0899306 0.013514 
-0.0447537 0.0956813 0.0119923 
0.0568195 0.0752658 0.0259664 
-0.0423924 0.113142 0.0015229 
0.0272326 0.151337 -0.0071009 
0.0379707 0.07738 0.0230495 
0.00204676 0.100922 -0.000360877 
0.060623 0.0586852 0.00481956 
0.0685855 0.0761742 0.0241637 
0.0393586 0.0640977 -0.0388061 
0.0596125 0.079188 0.0256118 
-0.0101977 0.0697389 0.0187263 
-0.022465 0.163917 -0.0187923 
0.0379435 0.132444 9.39498e-05 
0.0493311 0.0715333 -0.0262031 
0.053171 0.0666259 0.0249414 
-0.0387454 0.168908 0.000167242 
0.0576157 0.127636 -0.00819828 
0.0670547 0.0585134 -0.00240442 
0.0466204 0.0725813 -0.0296045 
0.0370951 0.0806854 0.0270385 
-0.0249049 0.072549 0.0190313 
-0.0447496 0.0851866 0.0180254 
0.0634668 0.0608193 0.00686504 
0.0450249 0.0989415 0.022836 
0.0315726 0.064967 0.0227622 
0.0510489 0.0762559 -0.0211843 
0.0863874 0.128137 -0.00462974 
0.0171955 0.0632671 0.0223449 
0.0651279 0.0936099 0.0199433 
0.00692814 0.131498 -0.000830187 
0.0338766 0.0592986 0.0249651 
-0.022023 0.0677323 0.0218958 
0.0210171 0.0655496 0.0208714 
0.0699684 0.0626379 -0.00331416 
0.0355764 0.153687 -0.0130796 
0.072437 0.122337 -0.01277 
0.0347605 0.0854443 0.0297274 
-0.0145364 0.0731375 0.0193711 
0.031408 0.0732381 0.0251751 
0.0163938 0.135589 -0.00151993 
-0.0387517 0.0626796 0.0298904 
0.0401156 0.151942 -0.0136529 
-0.0133795 0.05986 0.0219655 
0.0129519 0.066506 0.0233034 
0.0268981 0.140328 -0.00135567 
0.0749204 0.0851397 0.0188582 
-0.0104082 0.0746792 0.0160493 
-0.0381611 0.131779 -0.000788112 
0.0643364 0.0731894 -0.00629538 
0.0157339 0.155432 -0.0166288 
0.0766244 0.0853507 0.0158142 
-0.0233505 0.0765756 0.0155242 
0.0432969 0.103807 0.0200954 
-0.0260052 0.154519 -0.00173106 
0.0737055 0.0753206 0.0167822 
-0.0408897 0.0717576 0.0280794 
-0.0202948 0.0707223 0.0179688 
0.043022 0.150016 -0.01193 
0.0110549 0.0685105 0.0225652 
-0.0377432 0.0654346 0.0278362 
0.0532191 0.0750854 -0.0173833 
-0.0267198 0.164109 -0.00267023 
0.0678527 0.065061 0.00335643 
-0.0352704 0.138895 -0.00235579 
0.0632012 0.061062 0.0135053 
-0.043359 0.104034 0.00114147 
0.054438 0.0665058 -0.0235852 
0.0420429 0.154025 -0.0147438 
0.0132336 0.0629073 0.0236057 
0.0641771 0.0742637 -0.0061756 
0.0735752 0.0764237 0.00691186 
0.0755572 0.0991533 0.0130156 
0.029211 0.155846 -0.0160882 
0.0680255 0.0675204 0.0189304 
0.0670767 0.0594441 -0.00111816 
-0.0262586 0.149936 -0.00182078 
0.0724333 0.0732911 0.00647346 
0.0766604 0.107547 0.00304242 
-0.0287969 0.163415 -0.00189517 
0.0689159 0.0666225 0.00645332 
0.0782244 0.0897969 0.00953505 
0.00813609 0.117603 -0.00181224 
0.0668976 0.0595162 -0.0102822 
-0.0165626 0.181063 -0.02002 
0.0361687 0.14089 -0.000952196 
0.0476431 0.0806828 -0.0247746 
0.0350339 0.0724885 0.0214871 
0.0802619 0.125895 -0.00899399 
0.065195 0.0670496 0.0221143 
0.0299056 0.147242 -0.00338501 
0.0614734 0.0675868 -0.0129947 
0.0710837 0.0699146 0.0132221 
-0.0552134 0.167682 0.00285279 
0.0421364 0.104222 0.0148267 
-0.0448382 0.166826 0.00265963 
-0.0407564 0.108078 -0.00342634 
-0.0306587 0.187061 -0.0185506 
-0.0123261 0.0683979 0.020553 
-0.0821544 0.141358 0.0188312 
-0.0316594 0.0719265 0.0235346 
0.0335518 0.0605315 0.0265998 
0.0620911 0.0627097 0.0192827 
-0.0250334 0.164868 -0.0326334 
0.0667502 0.0639685 0.012715 
0.066257 0.0754354 0.025119 
0.0516535 0.0706043 0.0257379 
0.072224 0.112848 0.00334004 
-0.0337382 0.185974 -0.0163887 
-0.0178617 0.145298 -0.00686471 
-0.0193248 0.0622823 0.0234783 
-0.0264013 0.177405 -0.0164409 
0.0498746 0.0693398 -0.0281273 
-0.0577843 0.0999669 0.0105368 
0.0680426 0.0666675 -0.00573476 
-0.0265152 0.162459 -0.03004 
-0.0456144 0.103856 0.00493003 
0.0536182 0.0624841 0.0226653 
0.0360723 0.157292 -0.0152799 
-0.0572009 0.14918 0.00639104 
0.0340544 0.0807772 0.028305 
0.0572772 0.0654308 -0.0208317 
-0.0521065 0.172603 0.000669566 
0.0332321 0.140653 -0.000883146 
0.0491738 0.0793051 -0.022265 
0.00882974 0.106827 -0.00764206 
0.0295778 0.140975 -0.00124313 
-0.0299178 0.126898 -0.00551118 
0.00484074 0.0604248 0.0229876 
0.0697437 0.0670932 0.000526087 
0.07681 0.102304 0.00895232 
-0.0503159 0.0628497 0.0319952 
-0.0169135 0.0595107 0.0237706 
0.0398554 0.108197 0.0116666 
0.048849 0.122393 -0.00026774 
-0.0296703 0.0747987 0.0203097 
-0.0281759 0.173177 -0.0040338 
0.0562012 0.0667779 0.0248998 
0.00279358 0.103517 -0.000568702 
-0.0583061 0.160838 0.00981928 
0.055884 0.0591397 0.0190169 
0.0689047 0.0667545 0.0129252 
0.0734025 0.0947181 0.0173621 
-0.0438447 0.0614383 0.0190302 
0.0409444 0.0867469 0.0180008 
0.0779755 0.089188 0.00641773 
-0.0294843 0.143914 -0.00279106 
0.00168245 0.0986112 -0.000779657 
0.0649748 0.0631187 0.0160579 
-0.0155355 0.0625442 0.02346 
-0.0190454 0.0687966 0.0190789 
0.0673971 0.0986959 0.0169531 
0.0798541 0.126136 -0.00716686 
0.0195003 0.0638762 0.0216577 
-0.0375604 0.0629294 0.0279013 
0.0857453 0.138147 -0.00740938 
0.0595208 0.0759906 0.0258074 
0.0704012 0.10598 0.0117671 
-0.00799591 0.0702108 0.0166905 
0.0432502 0.0873292 0.0231443 
-0.0402516 0.0698418 0.0219187 
-0.0356199 0.1314 -0.00147947 
0.0718393 0.0890483 0.0208675 
-0.0110073 0.0627014 0.0209754 
0.0683118 0.120684 -0.00211637 
0.0461462 0.0710752 -0.0315525 
0.0611259 0.0583538 0.0100195 
-0.0393042 0.0715904 0.0248218 
0.0696454 0.0681969 0.00337613 
0.069913 0.0711745 0.0202731 
0.0697428 0.0682444 0.016102 
0.0744218 0.0923169 0.0175508 
-0.0115474 0.0605009 0.0197969 
-0.051453 0.145888 0.00661064 
-0.0326107 0.0746134 0.0230528 
0.0647449 0.0594057 0.000999966 
0.0529592 0.126477 -0.00248212 
0.0678477 0.0651 0.00974447 
-0.0478901 0.0596657 0.0289067 
0.0619461 0.0638283 -0.0148162 
-0.0475193 0.0723756 0.0300353 
0.0719718 0.0716299 0.009748 
0.0695436 0.117391 0.000354607 
-0.012059 0.168221 -0.00710198 
0.0653331 0.06674 -0.00955232 
-0.0880988 0.153598 0.008156 
-0.0226671 0.0637889 0.0232115 
0.00984622 0.0682843 0.0236847 
0.0311099 0.0668298 0.0213991 
-0.0771651 0.145673 0.0133795 
0.0686764 0.0803382 0.0242615 
0.0378908 0.113705 0.0145802 
0.0653811 0.0926848 0.0204849 
-0.0482421 0.150382 0.00403384 
0.0333563 0.0592615 0.0271501 
0.0699409 0.0682795 0.00978656 
-0.0252608 0.135953 -0.00757783 
0.0561238 0.0724425 -0.0146431 
-0.0306562 0.176926 -0.000624572 
-0.00978216 0.15632 -0.00909789 
0.0691067 0.0710279 -0.000646379 
0.0765723 0.0944499 0.0140517 
0.0766557 0.100442 -0.00220981 
0.0174249 0.0668372 0.0216543 
-0.0168134 0.155054 -0.0225533 
-0.0485228 0.0694611 0.0317107 
0.0774201 0.0853411 0.00982485 
5.3774e-05 0.12221 3.85028e-05 
-0.0242836 0.16 -0.0318359 
-0.0466546 0.0633344 0.030485 
-0.0278886 0.177595 -0.00343056 
0.0656088 0.0807874 0.0246738 
-0.0449358 0.0594758 0.0196187 
-0.00471071 0.0914879 0.00328555 
-0.0235962 0.0638787 0.0235204 
0.0370101 0.0755699 0.0217175 
-0.0159238 0.163563 -0.00941997 
0.0666629 0.0700724 -0.00542474 
0.0769079 0.0871706 0.00445898 
-0.019287 0.149681 -0.00484128 
-0.0184093 0.0656869 0.02308 
0.052892 0.0709875 0.0255796 
-0.0473705 0.076361 0.0296119 
-0.0582949 0.0686986 0.0328231 
-0.0755424 0.176776 0.000208486 
0.0420156 0.0842771 0.0233742 
-0.0315826 0.172008 -0.0112125 
0.0341045 0.0747797 0.0247785 
0.0406901 0.0670027 -0.0382692 
-0.0284386 0.190292 -0.0205557 
0.070936 0.0701603 0.00637503 
0.0761241 0.0818241 0.0159878 
0.0490744 0.0775247 -0.0236612 
-0.0316872 0.0767106 0.0191207 
-0.0257847 0.172053 -0.0192964 
-0.055234 0.0719254 0.0340402 
0.073713 0.0823448 0.0013289 
-0.0317613 0.0810632 0.0181641 
0.0494476 0.0794845 -0.0216503 
0.0717096 0.0850139 0.0219915 
0.0620841 0.0840166 0.0245394 
0.0659255 0.0855072 0.0236424 
-0.0829336 0.149617 0.012789 
0.0773462 0.0851395 0.0131979 
0.0765002 0.0848917 0.00592575 
-0.0266636 0.079256 0.0166302 
-0.0650838 0.163684 0.0117577 
0.0396305 0.0899297 0.0294837 
0.0371116 0.151815 -0.0107801 
-0.0420725 0.117641 0.00189233 
-0.0422221 0.0799179 0.0267347 
-0.024597 0.078909 0.0143747 
-0.0321699 0.086627 0.0132032 
-0.0319723 0.172513 -0.0102667 
0.0394987 0.0828188 0.0269453 
0.0400818 0.0828209 0.0263778 
0.0727589 0.0759103 0.00370927 
0.0749941 0.112733 -0.000364201 
-0.0378804 0.0912235 0.0122228 
0.074376 0.0843921 0.00280944 
0.0387259 0.108192 0.0201072 
0.0742252 0.0856047 0.00154232 
0.0725898 0.121973 -0.00927676 
0.0873228 0.143986 -0.00303461 
-0.0499722 0.0789698 0.0310604 
0.0680051 0.0591158 -0.00598563 
0.0710703 0.115344 0.00149422 
-0.0474926 0.0794369 0.028834 
0.0108087 0.117755 -0.00461541 
-0.0448171 0.0795557 0.0277315 
0.0452057 0.0945873 0.0233173 
-0.0711463 0.164118 0.0123867 
0.0391606 0.119524 0.000175461 
-0.0392751 0.0799637 0.0240877 
0.0667201 0.0636357 0.00652764 
0.036967 0.0843323 0.0289276 
-0.0168102 0.164326 -0.00605067 
0.0887843 0.135839 -0.0057061 
0.0625243 0.0760342 0.0256643 
0.0432955 0.0900152 0.0266034 
-0.0451576 0.0759265 0.0285687 
0.0418561 0.11013 3.59413e-05 
0.0443939 0.0750745 -0.031792 
0.0655476 0.0620831 0.00329047 
0.0392247 0.085662 0.0284505 
-0.0131911 0.0624429 0.0225145 
0.0395104 0.109482 0.000124432 
-0.0795973 0.138273 0.0174663 
0.0419048 0.0854664 0.0208223 
-0.0384243 0.0809876 0.019173 
-0.0282631 0.0817758 0.0153692 
0.0394415 0.112938 0.0116541 
0.0615381 0.0856764 0.0240204 
-0.0188413 0.181191 -0.0193508 
0.046294 0.0826367 -0.0266916 
0.0261233 0.135707 -0.00168637 
0.0737343 0.0805742 0.00302582 
-0.0404201 0.0813149 0.021829 
-0.0360296 0.0891075 0.0143245 
0.0750527 0.0804311 0.00681085 
-0.0448267 0.0824758 0.0183225 
0.0746252 0.0880871 0.00123903 
-0.0383068 0.0857596 0.0180813 
-0.0351628 0.0836363 0.0184574 
0.0510859 0.077156 -0.0198977 
-0.0329388 0.0846591 0.0169269 
-0.0690364 0.166813 0.00850385 
0.0144552 0.122746 -0.0056103 
-0.0303928 0.0845024 0.0144641 
-0.0282915 0.170041 -0.0180845 
-0.042313 0.103785 -0.00112178 
0.0459958 0.11285 2.42227e-05 
0.0799054 0.140738 -0.00173711 
0.035462 0.0889854 0.0305266 
-0.0348042 0.182882 -0.0151418 
-0.0811993 0.148142 0.0131408 
0.078392 0.0944442 0.00952141 
0.0431339 0.0896594 0.0205121 
0.0405531 0.0885549 0.0173915 
0.0510681 0.0586448 0.0190958 
-0.00213295 0.0945657 0.00200564 
-0.0332902 0.118446 -0.00681558 
0.0654324 0.074222 -0.00437633 
-0.0480379 0.0858407 0.0178563 
-0.0210817 0.144495 -0.0107901 
0.0326996 0.0624075 0.0264865 
-0.0345525 0.0868299 0.0158341 
-0.0712689 0.149075 0.00799066 
0.0615151 0.05901 0.00675907 
0.0363565 0.0911004 0.0306228 
-0.0306748 0.18545 -0.0199778 
-0.0328983 0.136042 -0.00278494 
-0.0103954 0.0672041 0.0198457 
0.0696981 0.0941535 0.0194846 
-0.0329508 0.182105 -0.0157325 
0.0444152 0.0904416 0.0234962 
0.0785015 0.0936298 0.00641437 
0.0403805 0.108695 0.0171847 
0.0781128 0.0945266 0.0038181 
-0.0482952 0.118048 0.00425287 
0.0101137 0.136385 -0.00127163 
-0.0480452 0.0898106 0.0175373 
-0.0201352 0.174817 -0.020837 
0.0234622 0.14715 -0.0027731 
-0.0448981 0.0901672 0.0174474 
-0.00835276 0.169385 -0.00881072 
-0.0257874 0.168263 -0.00270675 
0.00981862 0.138824 -0.00178752 
-0.0514759 0.120832 0.00393392 
-0.0448085 0.0992324 0.00592817 
0.0195844 0.131534 -0.00278871 
-0.0393714 0.0891382 0.0169876 
-0.0486207 0.161852 0.00596355 
0.0761758 0.108077 -0.00302202 
0.037012 0.0941159 0.030745 
0.0322899 0.0620569 0.0200323 
0.0396277 0.0946216 0.0295285 
0.0728905 0.113856 -0.00946647 
0.0444942 0.0942707 0.0202263 
-0.0423919 0.0934994 0.0141993 
-0.0458657 0.117286 0.00364063 
0.0169441 0.129727 -0.00269706 
-0.0407932 0.0913761 0.01582 
-0.051006 0.163133 0.0060456 
0.0754202 0.108703 -0.00514844 
-0.0341335 0.0886374 0.0120363 
-0.045894 0.113058 0.0042328 
0.0786349 0.0958712 0.00645343 
0.0839633 0.144023 -0.000688742 
-0.00468944 0.0930164 0.0034211 
-0.0741429 0.175837 -0.00119924 
0.0481585 0.114069 -0.000424137 
0.000552352 0.095137 -0.000373351 
0.0719655 0.0990456 0.0158783 
0.0778752 0.0990482 0.00903349 
-0.0733122 0.14929 0.00959783 
0.0675735 0.122757 -0.00337633 
0.0786457 0.0981064 0.00646132 
-0.0518022 0.102066 0.00911717 
0.0782761 0.0989424 0.0035 
-0.0465887 0.09717 0.0109713 
-0.0148401 0.0747529 0.0190286 
-0.0481102 0.0950051 0.0151742 
0.0742174 0.144457 -0.00281285 
-0.0452412 0.0931634 0.016298 
0.0695636 0.126327 -0.00586634 
-0.0424997 0.0949434 0.00884694 
0.0388692 0.0988809 0.0287992 
0.0256729 0.14541 -0.00240344 
-0.0402509 0.0930681 0.0113077 
-0.0519233 0.117566 0.00491804 
-0.000649951 0.126162 -0.000579097 
0.04277 0.0990011 0.0261648 
0.0450495 0.0988943 0.0198114 
0.0432594 0.122465 0.000525688 
0.0445503 0.100034 0.0178164 
0.0783812 0.100492 0.00651735 
-0.00117932 0.098538 0.00166632 
0.071934 0.128516 -0.00619168 
-0.0254902 0.0801593 0.0137751 
0.0699027 0.112041 0.00567956 
-0.0433646 0.0964278 0.00624736 
-0.0483883 0.164952 0.0041355 
0.0380342 0.100905 0.0285282 
0.00398619 0.100162 -0.00313316 
0.0700468 0.103522 0.0133212 
-0.0488263 0.107638 0.00643581 
0.0725105 0.117689 -0.00287448 
0.0745777 0.10255 0.0117875 
0.0767885 0.104067 0.00728081 
-0.0262505 0.160316 -0.0296982 
0.00514045 0.0603896 0.0220975 
0.0773043 0.104001 -0.000195995 
-0.00508622 0.121835 -0.000470191 
0.0387732 0.106758 0.0217218 
-0.0481054 0.0992668 0.0088475 
0.00180348 0.131056 -0.00108172 
0.0097155 0.126753 -0.000875743 
0.0624878 0.0711591 0.0255584 
0.0419861 0.101881 0.0251498 
0.0563065 0.145159 -0.015168 
-0.0405028 0.0680625 0.0284755 
0.0439517 0.10176 0.0229507 
-0.0521796 0.169679 0.00386099 
0.0439004 0.102613 0.0173167 
-0.048029 0.168824 0.00264978 
-0.0408345 0.109789 -0.00202733 
0.0404894 0.0819009 0.0204604 
0.0766837 0.103874 -0.00253742 
0.073341 0.10472 0.010927 
-0.0242959 0.162448 -0.0323285 
-0.0551216 0.100145 0.0102851 
0.0757163 0.10513 -0.00450393 
0.00513709 0.104147 -0.00314974 
-0.0386829 0.0673656 0.0258405 
0.00550416 0.10248 -0.00428096 
0.00844162 0.108354 -0.00612218 
-0.0130398 0.181713 -0.0214447 
0.0100227 0.130157 -0.000921899 
0.0336648 0.0592414 0.026507 
0.0403437 0.105227 0.012183 
0.0750558 0.107996 0.006024 
0.0773601 0.0992507 -0.000302538 
-0.0547427 0.103908 0.0089259 
-0.0358112 0.12966 -0.00104336 
0.0765302 0.108702 8.83217e-05 
0.01364 0.120692 -0.00622741 
-0.0564109 0.113585 0.0064459 
-0.0106502 0.179101 -0.0240099 
0.0459655 0.117447 0.00015013 
-0.058336 0.102739 0.00972685 
0.0768742 0.0948868 0.000518151 
0.041258 0.1068 0.0192782 
0.0418828 0.148259 -0.00746637 
0.0411523 0.107966 0.0140868 
-0.0084907 0.0717988 0.0160426 
0.0719778 0.119533 -0.0129511 
0.00754854 0.105001 -0.00582914 
-0.0344987 0.121446 -0.0031549 
-0.0612048 0.104632 0.0084956 
-0.0417907 0.104749 -0.00235542 
0.00831232 0.10514 -0.00706199 
0.075705 0.111809 -0.00310552 
-0.0167079 0.178536 -0.0199938 
0.0700675 0.109599 0.00784827 
0.0653659 0.0624705 0.00990291 
0.00598746 0.108251 -0.00283087 
0.0385402 0.109621 0.000458974 
0.0736051 0.110356 0.00471438 
-0.0352641 0.14139 0.0015182 
0.00437786 0.0594709 0.0221243 
0.0733647 0.115346 -0.000830748 
-0.0512952 0.108963 0.00673592 
-0.0550119 0.108398 0.0077578 
0.0747758 0.112965 -0.0057662 
-0.00665432 0.184107 -0.0242927 
0.0121964 0.122776 -0.00334324 
-0.0606382 0.108066 0.00740752 
-0.0491023 0.103425 0.00753376 
0.040183 0.110992 0.013616 
0.0390685 0.112614 0.000617264 
0.0423263 0.11301 0.000284257 
-0.0389674 0.110125 -0.00524471 
0.069989 0.0661709 -0.0027114 
0.00679981 0.11291 -0.00221246 
0.00950294 0.113065 -0.00555678 
-0.0551702 0.112154 0.00675667 
0.0490919 0.11778 -0.000309932 
0.0127582 0.118856 -0.00638302 
0.0710887 0.121207 -0.00450815 
-0.0512524 0.113297 0.00582946 
-0.080552 0.171122 0.0131201 
-0.0395587 0.113181 -0.00198766 
-0.0128963 0.0656659 0.0219202 
-0.0371621 0.113694 -0.00530621 
0.0508436 0.114616 -0.00140041 
0.0736577 0.11715 -0.00616349 
0.0690037 0.084123 0.0235476 
-0.0429375 0.108612 0.00107049 
0.0372837 0.116876 0.0131129 
-0.0209505 0.162768 -0.0354356 
-0.0424784 0.122375 0.00177199 
0.0611544 0.0590107 0.012602 
0.0384801 0.117605 0.0105596 
0.0528375 0.117814 -0.00213525 
-0.0755391 0.175851 0.00162695 
0.0726937 0.11796 -0.00993644 
-0.0220676 0.141229 -0.0102161 
0.0430118 0.117441 0.000606829 
-0.0351812 0.114886 -0.00734345 
0.0660719 0.0895016 0.0223113 
0.0382356 0.103228 0.0269698 
-0.0384817 0.117701 -0.000937855 
-0.0354627 0.117706 -0.00440667 
-0.0755393 0.16568 0.0129858 
-0.0289909 0.140839 -0.00417024 
0.0379924 0.119518 0.00830036 
-0.0556357 0.162552 0.00810364 
-0.0205078 0.142984 -0.0126972 
0.0550977 0.119256 -0.00408332 
-0.00463391 0.118903 0.000303833 
0.0138825 0.140803 -0.00217431 
-0.0393619 0.0597766 0.0283232 
0.0533041 0.121949 -0.00229365 
0.0556224 0.122181 -0.00484926 
0.0724159 0.120521 -0.00655763 
0.0371086 0.120456 0.0113042 
-0.0315984 0.173193 -0.013697 
-0.0875265 0.145719 0.0156629 
0.0513633 0.0683795 -0.0264864 
0.0373273 0.120819 0.01005 
-0.0206053 0.17124 -0.00445268 
-0.0718884 0.144859 0.0113868 
0.036642 0.121986 0.00845734 
0.0347139 0.154556 -0.0145461 
0.0670247 0.0652835 0.0169399 
0.0720565 0.12186 -0.0136061 
-0.000419761 0.119616 0.000477092 
0.0720645 0.107388 0.00924222 
0.0698552 0.123335 -0.00505909 
-0.0875054 0.152144 0.0083708 
0.00803477 0.122098 -0.0010202 
