-0.0257362 0.216005 0.0180719 
-0.0264748 0.214818 0.0196374 
-0.0285317 0.215253 0.0189891 
-0.0295526 0.21428 -0.023384 
-0.0287359 0.213307 -0.02184 
-0.0276832 0.209516 -0.0134425 
-0.0254728 0.206836 0.0251634 
-0.0225228 0.204123 0.0257263 
-0.0234759 0.202448 0.0273646 
-0.0273587 0.204172 0.0266063 
-0.0480056 0.203227 0.0215254 
-0.00314371 0.200089 0.02025 
-0.0501112 0.2019 0.0227294 
-0.0162757 0.197907 0.0867587 
-0.0468729 0.200895 0.0238131 
-0.00490718 0.195657 0.0270264 
-0.00271758 0.194796 0.0935036 
-0.00651478 0.19562 0.0936964 
-0.0508388 0.199514 0.0252254 
-0.0434173 0.196991 0.0282376 
-0.0477411 0.198124 0.0270158 
-0.0361478 0.194876 0.0477843 
-0.00278749 0.192647 0.0936504 
-0.043367 0.194956 0.0309418 
-0.0486256 0.195236 0.0299068 
-0.0377164 0.193601 0.048345 
-0.0393464 0.192985 0.0476717 
-0.00634272 0.192244 0.0933402 
-0.0401188 0.192144 0.0470702 
-0.000738767 0.190607 0.0924689 
-0.00510972 0.189398 0.0923208 
-0.0125924 0.191787 0.0930077 
-0.0173934 0.191015 0.093633 
-0.0304878 0.190265 0.0961614 
-0.0381293 0.190818 0.0609483 
-0.0484265 0.192564 0.0322653 
-0.0481269 0.189517 0.0341207 
-1.87855e-05 0.186867 0.0901471 
-0.0290536 0.188045 0.0976238 
-0.0494467 0.188177 0.0236759 
-0.0125122 0.187181 0.0913833 
-0.022502 0.187828 0.0947301 
-0.0397517 0.1882 0.0582314 
-0.00951993 0.185663 0.0899159 
-0.00523501 0.201807 0.018005 
-0.0432332 0.185979 0.045913 
-0.045653 0.188316 0.0365451 
0.0010233 0.184031 0.0867414 
-0.0108064 0.183835 0.0816179 
-0.0139615 0.184049 0.0810367 
-0.019123 0.186331 0.0924959 
-0.0230809 0.183598 0.0925704 
-0.00833129 0.201228 0.0192366 
-0.0427652 0.184634 0.0465628 
-0.0485775 0.185591 0.0270155 
-0.0215003 0.182516 0.091661 
-0.0276252 0.182634 0.0928591 
0.00134681 0.181257 0.0835101 
-0.00471444 0.181588 0.0884952 
-0.0143172 0.181999 0.0777804 
-0.0173347 0.181186 0.077035 
0.00176505 0.179745 0.0809544 
-0.0479794 0.182083 0.0292787 
-0.0313862 0.180744 0.0925366 
0.000174806 0.177628 0.0796911 
-0.00303055 0.179062 0.0847888 
-0.00832052 0.180115 0.0799077 
-0.0151832 0.177171 0.0664782 
-0.0254866 0.179885 0.0904821 
-0.0302571 0.178132 0.0882393 
-0.0508404 0.179778 0.0192743 
-0.00591622 0.17474 0.0804162 
-0.0133289 0.175222 0.062116 
-0.0262662 0.175771 0.0882808 
-0.0312432 0.175971 0.0849937 
-0.0345115 0.17611 0.0835273 
-0.0443311 0.175174 0.0473721 
-0.00434649 0.173986 0.0805848 
-0.00243128 0.17333 0.0803572 
-0.0348093 0.174122 0.0794938 
-0.0102951 0.170471 0.0393487 
-0.0182796 0.171744 0.0420905 
-0.0123388 0.170477 0.11164 
-0.0169746 0.0868416 0.0837415 
-0.0236512 0.139237 0.0472215 
0.00481709 0.0826171 0.0593407 
-0.0145019 0.0618644 0.0805391 
-0.0176501 0.0878404 0.0832067 
-0.0460769 0.0875518 0.0688021 
-0.0276419 0.190548 0.0980585 
0.0101368 0.0791186 0.0519941 
-0.0256061 0.19194 0.0979855 
-0.0325547 0.145738 0.0961574 
0.00743576 0.0794924 0.0566268 
0.00478785 0.0790351 0.0601211 
-0.0628176 0.061032 0.0586011 
-0.0415749 0.163193 0.0446395 
0.00692896 0.0852035 0.0558687 
-0.0276618 0.21045 -0.0157678 
-0.0170804 0.0767664 0.0842658 
-0.0591955 0.0805963 0.0523986 
-0.0512376 0.0505761 0.0796627 
-0.0553443 0.0774817 0.0573169 
-0.00937194 0.167317 0.042682 
-0.0467218 0.092776 0.0618295 
-0.0207534 0.197574 0.0860454 
0.00736646 0.0728268 0.0563907 
-0.0552018 0.0886312 0.0546282 
-0.0269845 0.118143 0.0694419 
-0.03523 0.165537 0.044435 
-0.0111519 0.176787 0.0679261 
0.000673354 0.0792718 0.0669596 
0.00239151 0.0707052 0.0656556 
-0.0408932 0.118369 0.0570857 
-0.0139671 0.074033 0.0826709 
-0.0425387 0.0760322 0.0754459 
-0.0334125 0.0748687 0.0822205 
-0.0285575 0.200774 0.0278223 
-0.0133624 0.0926138 0.0805786 
0.00927339 0.0683143 0.0576252 
-0.0177925 0.069307 0.0837018 
-0.0518102 0.0760173 0.0600738 
0.0277508 0.0490886 0.0640732 
0.0251031 0.0637312 0.0623323 
-0.0552631 0.0702939 0.0535251 
-0.057269 0.0689057 0.0489693 
0.0158735 0.0676121 0.0538275 
-0.0511929 0.088086 0.0604644 
-0.0278191 0.0687795 0.0836873 
-0.0312736 0.201049 0.0263677 
-0.00226597 0.0736026 0.0730244 
-0.033431 0.0690795 0.0816314 
-0.00899718 0.123698 0.0560225 
0.0257757 0.0652941 0.0584233 
-0.0389044 0.155089 0.0571264 
-0.0589156 0.0564148 0.0765235 
-0.0159759 0.179259 0.0725933 
-0.0310165 0.10175 0.0778486 
0.00369448 0.0609818 0.067467 
0.0293391 0.0636613 0.0664895 
-0.0413844 0.13858 0.0340569 
-0.048141 0.172571 0.0267972 
-0.0436 0.101987 0.0659239 
-0.033443 0.0812505 0.0827146 
-0.0196578 0.17144 0.0424116 
-0.0563814 0.0620155 0.0642746 
-0.0066253 0.198593 0.0233634 
-0.0486375 0.0759518 0.0620607 
-0.0609403 0.0615675 0.0565207 
-0.021192 0.0744249 0.0841637 
0.0484912 0.0779184 -0.0545819 
-0.0414247 0.107159 0.0669428 
-0.0444799 0.0754292 0.0725952 
-0.0356963 0.0468208 0.0661508 
-0.0127501 0.179453 0.0735469 
-0.00226133 0.0795233 0.0731196 
-0.0201925 0.146378 0.0415442 
-0.0500278 0.162713 0.0196515 
0.0282007 0.0593695 0.0685776 
-0.0477706 0.0522773 0.0766155 
-0.0419501 0.0703145 0.0755156 
-0.0185646 0.0495461 0.0739141 
-0.0532742 0.0617133 0.0619929 
-0.00626524 0.0802443 0.0780421 
0.00247238 0.152808 0.100596 
0.0309907 0.0604119 0.0675851 
-0.040285 0.167557 0.0395763 
-0.0212173 0.080695 0.0846038 
-0.0075703 0.17075 0.0364191 
0.0505213 0.0842016 -0.0574049 
-0.0387952 0.112281 0.0662724 
0.0193773 0.0686588 0.0498802 
-0.0532591 0.0522761 0.0752458 
-0.00749059 0.202555 0.0158514 
-0.0672585 0.0505388 0.0735517 
0.00283213 0.0798711 0.0623549 
-0.0570533 0.0583799 0.0753193 
-0.0557041 0.042688 0.0256785 
-0.0425986 0.0817813 0.0753813 
-0.0555386 0.0514288 0.075257 
-0.169081 0.053927 0.0746494 
-0.0447263 0.0817214 0.0721765 
-0.0265357 0.0558947 0.0786335 
-0.00371125 0.0611819 0.0724694 
-0.0387306 0.0815102 0.079217 
-0.0146589 0.0420323 0.0637315 
-0.0165764 0.115114 0.0713554 
-0.0695063 0.0516236 0.073494 
-0.0451098 0.191982 0.0344906 
-0.0298746 0.148822 0.0997128 
-0.0438869 0.0692791 0.072282 
-0.0412837 0.150068 0.0515836 
-0.00677566 0.11171 0.0644393 
0.00978248 0.064427 0.0618707 
-0.000141518 0.154327 0.102429 
0.022728 0.0537096 0.068307 
-0.0476754 0.0410355 0.0227487 
-0.0477762 0.0423331 0.0238342 
0.0162053 0.0421696 0.0681716 
-0.0133787 0.0805273 0.0826951 
0.014042 0.0485805 0.0696619 
-0.0277181 0.0747133 0.0840342 
-0.0230583 0.200436 0.0280365 
-0.0491884 0.091753 0.0594496 
0.0058778 0.15155 0.096557 
-0.00876502 0.131547 0.0453282 
-0.0203768 0.0562645 0.0790241 
-0.028084 0.155675 0.0975064 
-0.00419465 0.170902 0.0321383 
-0.0481639 0.0880964 0.0624757 
0.0105995 0.0727619 0.052258 
-0.0326342 0.0559126 0.0767116 
0.00442795 0.0736369 0.059957 
-0.0137041 0.0975026 0.079526 
-0.170316 0.0527979 0.075002 
-0.0555717 0.0822905 0.0577707 
-0.0167519 0.195746 0.0948979 
-0.0548949 0.086342 0.0575622 
-0.0450948 0.160628 0.0284441 
-0.00914411 0.164826 0.0476333 
-0.00050521 0.0611293 0.068282 
-0.0380109 0.0570802 0.0736725 
-0.0188222 0.0936102 0.0817088 
-0.0337394 0.130413 0.0534928 
-0.00378897 0.0496028 0.065556 
-0.0284457 0.0421166 0.0632101 
0.0221231 0.0480207 0.0682881 
0.00349807 0.066861 0.0673087 
0.0396396 0.0928538 -0.0553023 
-0.040103 0.14435 0.0329381 
-0.0229267 0.16231 0.0972846 
0.0231065 0.0619361 0.0644884 
-0.0247937 0.124676 0.0637717 
-0.0170618 0.0791473 0.0843082 
-0.066001 0.0482389 0.0728606 
-0.0512463 0.0471578 0.0804399 
-0.0280424 0.114448 0.0724155 
-0.00506161 0.185481 0.0901089 
-0.0171954 0.0443407 0.0681579 
-0.00677588 0.119248 0.0570184 
0.014891 0.0702062 0.0514923 
-0.060192 0.0477232 0.0803451 
-0.00955178 0.0741958 0.0807909 
0.0196668 0.063866 0.0603597 
-0.0225183 0.0972089 0.0817001 
-0.0377489 0.12933 0.0504221 
-0.00682111 0.0467908 0.0656416 
-0.0245403 0.0455156 0.0700081 
-0.0385485 0.0438854 0.0557408 
-0.00179518 0.0974529 0.0627652 
-0.0234822 0.142589 0.0442309 
-0.0637922 0.0604129 0.0604503 
-0.0105736 0.0485722 0.0704147 
-0.00621999 0.0738793 0.0778476 
0.0300641 0.0556738 0.0678768 
-0.0233428 0.0405414 0.0626144 
-0.0487121 0.0816712 0.0633051 
-0.0649822 0.0522718 0.0718475 
0.00505685 0.0429737 0.0631328 
-0.015549 0.0469143 0.0708644 
-0.0148262 0.121261 0.0649486 
0.000326908 0.072944 0.0681273 
-0.0463342 0.070308 0.0680619 
-0.0675097 0.0480549 0.0738623 
-0.0191123 0.0660198 0.0826089 
-0.0552599 0.063761 0.0528803 
-0.00929807 0.0795444 0.0809149 
-0.0510515 0.0636328 0.0542603 
-0.0368093 0.052466 0.0714227 
0.0439185 0.100107 -0.0597263 
-0.0089819 0.0441584 0.063835 
-0.00123732 0.0969716 0.0624727 
-0.0506146 0.0602385 0.0601086 
0.0215258 0.0694392 0.0475727 
-0.0030831 0.172847 0.0624525 
-0.0272256 0.087071 0.0840788 
0.00441934 0.0901475 0.0552441 
-0.0420342 0.0874276 0.0756336 
-0.00551308 0.167182 0.0460912 
-0.000123031 0.0675516 0.0688484 
-0.0535651 0.0889992 0.0572505 
0.0210336 0.065767 0.056016 
-0.0222193 0.0424916 0.0653885 
-0.0722306 0.0562011 0.0675864 
-0.0380575 0.0453653 0.0600855 
-0.0067762 0.0510903 0.070349 
-0.0464581 0.0818454 0.069243 
-0.0313709 0.0513636 0.0744159 
-0.0259533 0.051544 0.0761421 
-0.0101339 0.170211 0.112334 
-0.0480117 0.0620096 0.0582562 
-0.029911 0.0459105 0.0694607 
-0.000627761 0.048281 0.061641 
-0.0592456 0.0789163 0.0525538 
-0.0140312 0.0679687 0.0822239 
-0.0351076 0.0427343 0.0577406 
0.0038158 0.0482293 0.064475 
-0.0092521 0.0931368 0.0780088 
0.0240656 0.0426078 0.0642445 
-0.0302099 0.105799 0.0769217 
0.0172232 0.0479479 0.0695837 
-0.0369584 0.0495772 0.0683986 
-0.0441921 0.0525561 0.0711947 
-0.0405908 0.132183 0.0422698 
0.0218404 0.0681876 0.0491518 
-0.020837 0.0867232 0.084057 
-0.0581011 0.0619407 0.0638266 
0.0041732 0.0552144 0.0668126 
-0.0119954 0.147995 0.0834347 
0.00129891 0.0183524 0.172844 
-0.0454593 0.0629651 0.0674159 
-0.0589353 0.0514925 0.0791254 
-0.0696741 0.0545662 0.0703347 
-0.0303921 0.146489 0.0974523 
-0.0430746 0.105736 0.065216 
-0.0245989 0.0484647 0.0728574 
-0.0695472 0.0477675 0.0745445 
-0.0202266 0.0619929 0.0817567 
-0.0214308 0.200602 0.0270753 
-0.0497938 0.0929421 0.0571024 
-0.0138117 0.138635 0.0441063 
-0.0324309 0.146581 0.0965836 
-0.00901905 0.137607 0.0392427 
0.0141036 0.0532272 0.0695588 
0.000133924 0.0446475 0.059243 
-0.0331322 0.0627912 0.0797873 
-0.0361482 0.179845 0.0843053 
-0.0584204 0.0709353 0.048454 
-0.021552 0.0521023 0.0768437 
-0.037051 0.117164 0.0640039 
-0.0134069 0.0509807 0.0744664 
-0.0637009 0.0574901 0.0717784 
-0.0385479 0.0874967 0.0785562 
0.0470813 0.0922187 -0.0579369 
-0.0154005 0.170852 0.0416578 
-0.0439755 0.088311 0.0721026 
-0.0242895 0.0599844 0.0814205 
-0.0722814 0.0545485 0.0677396 
0.0148666 0.0632394 0.0624149 
-0.00732238 0.16895 0.036525 
-0.0451915 0.0920628 0.0685046 
-0.168671 0.0526987 0.0745609 
-0.0687419 0.0576139 0.0693309 
-0.0217769 0.0686013 0.0839491 
-0.0583591 0.0420551 0.0211895 
0.0486968 0.0733303 -0.0538244 
-0.0123144 0.0550006 0.0765299 
-0.00890163 0.0527158 0.0737652 
-0.00126958 0.182956 0.0869317 
-0.0200173 0.0458937 0.0705148 
-0.0113432 0.104598 0.0748204 
-0.00561262 0.0552824 0.0720236 
0.0119521 0.0697733 0.0546956 
-0.00830583 0.0569304 0.0754327 
-0.0401496 0.165712 0.0424512 
0.0171429 0.0595184 0.0664548 
-0.0382408 0.162354 0.051974 
0.0398209 0.0972901 -0.0568998 
-0.019469 0.108998 0.0760901 
-0.0288433 0.111566 0.0737573 
-0.0577213 0.0823936 0.0540291 
-0.00631343 0.0439482 0.0616969 
-0.00597272 0.196006 0.0268865 
-0.0462679 0.0754927 0.0699108 
-0.0313253 0.048654 0.0714184 
0.0275555 0.0543162 0.0685687 
-0.100085 0.046465 0.142732 
-0.0168469 0.162064 0.101068 
0.00976471 0.054535 0.0682772 
-0.00935165 0.175332 0.0656835 
-0.050251 0.0719616 0.0590878 
-0.0568801 0.0760915 0.0546617 
-0.0483335 0.15808 0.0198841 
-0.0592808 0.0745487 0.0486034 
-0.0537125 0.0729081 0.0570248 
-0.0339956 0.0442232 0.0628251 
0.00533642 0.0502921 0.066436 
0.016936 0.0546407 0.0691066 
-0.0145497 0.101968 0.077253 
-0.0644115 0.0600137 0.0618587 
-0.00944585 0.0852787 0.0802626 
0.00169409 0.0526767 0.0644068 
-0.0609153 0.06125 0.0733944 
-0.0573156 0.0614082 0.0741181 
-0.0512721 0.0695129 0.0566077 
-0.0155469 0.0575828 0.0793836 
-0.0485474 0.0597398 0.0649726 
-0.0232936 0.0634176 0.0821901 
-0.0104844 0.136106 0.0426878 
-0.0306935 0.20416 0.0249737 
-0.0096254 0.0685209 0.0806955 
-0.0383287 0.0642577 0.0769937 
-0.0163669 0.167403 0.0449878 
-0.0275146 0.217398 0.0166084 
-0.0215131 0.0916497 0.0829369 
-0.0241614 0.105577 0.0781346 
-0.00174229 0.199119 0.0214412 
-0.0133464 0.0865653 0.0821474 
-0.0388991 0.0752552 0.0789867 
0.00733676 0.0613966 0.0652125 
-0.0468043 0.061864 0.0638594 
-0.0275076 0.0625375 0.0815775 
-0.0518986 0.0823638 0.0614064 
-0.00559164 0.165003 0.0505358 
-0.0340093 0.111309 0.0716103 
-0.00274477 0.0674375 0.0730407 
-0.0431965 0.0632641 0.0712955 
0.0197287 0.0622266 0.0627983 
0.00947419 0.0842272 0.0525458 
0.0450144 0.0804663 -0.053991 
0.00691417 0.0388519 0.061101 
-0.0381616 0.151976 0.0602649 
0.00982657 0.0486967 0.0684413 
-0.0391067 0.0616101 0.0754453 
-0.0295308 0.211269 0.021931 
-0.0184424 0.099212 0.0799501 
-0.0388232 0.0690542 0.0779285 
-0.035701 0.0605027 0.0772278 
-0.0471528 0.05614 0.0746963 
-0.0479323 0.161983 0.0230016 
-0.0319438 0.0588567 0.0790006 
-0.028201 0.0586805 0.0802828 
-0.0492137 0.178706 0.0222582 
0.0100092 0.0423778 0.0664269 
-0.0349596 0.143244 0.0402447 
-0.00791202 0.061975 0.0774103 
-0.000172606 0.0872899 0.0663789 
-0.0108262 0.174898 0.0632339 
0.00480599 0.0877241 0.0570507 
-0.0407871 0.0925993 0.0756752 
-0.0322755 0.0935949 0.0809231 
-0.0262462 0.093294 0.0823789 
-0.00293491 0.197225 0.0244327 
-0.00938217 0.0890486 0.0796216 
-0.042698 0.0944418 0.0719521 
-0.00674438 0.0916245 0.0762991 
-0.0335933 0.157429 0.0658301 
0.0208376 0.0428316 0.0670678 
-0.0526151 0.0921915 0.0545766 
-0.0473876 0.0929526 0.0591253 
-0.0256892 0.173555 0.0831117 
0.00751415 0.0889968 0.0531368 
0.0509797 0.0796032 -0.056369 
-0.0282129 0.131194 0.0558952 
0.0478568 0.0833715 -0.0557434 
-0.0245688 0.127715 0.0612051 
-0.0128991 0.156396 0.105082 
-0.0413914 0.0998766 0.0714044 
-0.0290409 0.211956 -0.0189445 
-0.0436872 0.0569223 0.0706937 
-0.0150318 0.106059 0.0761857 
-0.037324 0.10072 0.0750629 
-0.00844286 0.126076 0.0521831 
-0.0359718 0.0986973 0.0773945 
0.0111373 0.0607541 0.0650915 
-0.0315083 0.09896 0.0795044 
-0.0260527 0.0982288 0.0811377 
-0.00615499 0.117712 0.0576544 
-0.0359553 0.16429 0.0476974 
-0.0101225 0.0989769 0.0764938 
-0.0245124 0.100805 0.0797949 
-0.00664234 0.100215 0.072494 
0.0475357 0.0882011 -0.0569439 
0.0496055 0.0897692 -0.0584148 
-0.0121509 0.16855 0.111707 
-0.0427569 0.102413 0.0670446 
-0.0386688 0.142927 0.0365291 
-0.049505 0.203856 0.0208596 
-0.0395445 0.105991 0.0703343 
-0.0356886 0.106036 0.073596 
-0.0186494 0.104989 0.0777804 
-0.0325907 0.118328 0.0669087 
-0.0331627 0.0875036 0.0821017 
-0.00748208 0.104888 0.0707903 
-0.0263247 0.185804 0.0954659 
-0.0106456 0.127597 0.0540187 
0.0128237 0.0656251 0.0583507 
0.0490192 0.0941109 -0.0594426 
-0.0308116 0.124688 0.0619027 
-0.0154686 0.153165 0.0995197 
-0.0408628 0.050658 0.0664521 
-0.00997401 0.161431 0.102214 
-0.00628285 0.107366 0.0670258 
-0.0160835 0.166165 0.104207 
-0.0417922 0.112832 0.0604494 
-0.0157229 0.133653 0.050865 
0.00317816 0.0742742 0.0611908 
-0.036465 0.17016 0.0704229 
0.0441992 0.0845213 -0.0552663 
-0.0236987 0.110467 0.0752687 
-0.0314242 0.137133 0.0476881 
-0.01188 0.108386 0.072714 
0.0260604 0.0467094 0.0650559 
-0.00956809 0.110593 0.0693432 
-0.0216139 0.112676 0.0739317 
-0.0120604 0.0452599 0.0680716 
-0.0125455 0.149467 0.0883264 
-0.0295412 0.143009 0.0432791 
-0.0303135 0.207134 0.023715 
-0.00682602 0.0675739 0.077794 
-0.0345342 0.113791 0.0694806 
-0.0166286 0.164449 0.101316 
0.0400814 0.100997 -0.0581103 
-0.0122907 0.113238 0.0702774 
-0.00517828 0.112621 0.0610348 
-0.0403033 0.115594 0.0612705 
-0.00669327 0.0860708 0.0775973 
-0.0214154 0.117103 0.0708137 
-0.0137091 0.117437 0.0675639 
-0.00978665 0.114831 0.0666511 
-0.0124574 0.195814 0.0941792 
-0.00769492 0.115357 0.0627783 
-0.0377377 0.0938133 0.0777167 
-0.00975687 0.118171 0.0632475 
0.0031329 0.0852028 0.0601554 
-0.0185473 0.11948 0.0683275 
-0.0211493 0.192258 0.0964032 
-0.0259603 0.136558 0.0500779 
-0.0386942 0.122977 0.0558056 
-0.0301518 0.121956 0.0654492 
-0.0497374 0.0498166 0.080001 
-0.0127271 0.159017 0.104636 
0.0239565 0.0595402 0.0672037 
-0.0257412 0.121764 0.0673282 
-0.0121639 0.122713 0.0614675 
0.012447 0.0570301 0.0683651 
-0.0175018 0.15919 0.103539 
0.0427588 0.0955454 -0.0579477 
-0.0163791 0.125048 0.0620239 
-0.0365819 0.126471 0.0552417 
-0.00882415 0.179266 0.0765209 
-0.0289792 0.127971 0.05965 
-0.022179 0.130482 0.0575373 
-0.0169919 0.053537 0.0771379 
0.0421609 0.100502 -0.0591019 
-0.0170911 0.127939 0.0591357 
0.0461115 0.0963267 -0.059211 
-0.012658 0.126701 0.0577529 
-0.0350659 0.155965 0.0648007 
-0.0381992 0.132012 0.0472139 
-0.0144751 0.130373 0.0545072 
-0.0284795 0.146734 0.0415635 
-0.00890843 0.128257 0.050055 
-0.0108476 0.131283 0.0494233 
-0.00795279 0.130021 0.0456952 
-0.0192296 0.132696 0.0549807 
-0.0416779 0.133858 0.0373164 
-0.0400663 0.137294 0.0381928 
-0.0198968 0.19578 0.0959305 
-0.0202083 0.135436 0.0510399 
-0.0132999 0.134861 0.0475921 
-0.0370171 0.16944 0.0668335 
-0.0183856 0.14102 0.0443547 
-0.0150644 0.142652 0.0417846 
-0.0498664 0.177165 0.0215542 
-0.0353374 0.162573 0.0536247 
-0.0115323 0.140361 0.0402559 
-0.0361498 0.136589 0.044907 
-0.00975854 0.141111 0.0372783 
-0.0418566 0.141996 0.0285307 
-0.0309176 0.145381 0.0966263 
-0.019777 0.144755 0.0419548 
-0.0373866 0.146752 0.0367577 
-0.0341216 0.146881 0.0388522 
-0.0378582 0.119496 0.0610934 
-0.0232716 0.146545 0.0419249 
-0.0466305 0.0680332 0.066572 
0.00720524 0.0661908 0.0650871 
-0.0013355 0.0548831 0.0669471 
-0.0174436 0.145787 0.0411894 
-0.00287048 0.0857273 0.0731933 
-0.00431136 0.15536 0.103376 
0.00288854 0.14643 0.0873289 
-0.0253069 0.150268 0.104138 
-0.0178932 0.148255 0.0848268 
0.00508397 0.148597 0.0957116 
-0.0172442 0.137665 0.047289 
-0.0483986 0.168543 0.0232603 
-0.0390894 0.151136 0.0587551 
-0.0456824 0.166359 0.0271265 
-0.00507711 0.0974097 0.0715874 
-0.00683803 0.149718 0.0879311 
-0.0461594 0.0592813 0.0680003 
-0.00946981 0.164604 0.102066 
-0.0262093 0.210646 0.0229752 
0.00273191 0.149608 0.0983712 
-0.0468626 0.167527 0.0259383 
-0.014789 0.150737 0.0935247 
-0.021405 0.151163 0.105545 
-0.0435247 0.168305 0.0361963 
-0.0408194 0.120773 0.0544201 
-0.00678023 0.0962365 0.0744728 
-0.0107719 0.150617 0.0930824 
-0.0516156 0.0572421 0.0740941 
-0.0499067 0.0473339 0.0803254 
-0.00540899 0.164267 0.0965224 
-0.0178706 0.149616 0.0898498 
-0.0364608 0.152415 0.0663968 
-0.0276931 0.154698 0.100632 
-0.0192168 0.155274 0.105834 
-0.0142622 0.151636 0.094139 
-0.00378687 0.151123 0.0918019 
-0.0108735 0.060547 0.078951 
-0.0435135 0.153241 0.0397071 
-0.0455908 0.157326 0.0285605 
-0.037013 0.156117 0.0605897 
-0.0220381 0.159755 0.101054 
-0.0384425 0.175223 0.0769138 
0.0018709 0.0899941 0.0591782 
-0.0104713 0.154632 0.101489 
0.0438191 0.0902657 -0.0570496 
-0.00484068 0.152475 0.0958232 
-0.0420622 0.156328 0.0428683 
-0.0463365 0.154949 0.0264339 
-0.01582 0.111017 0.0733583 
-0.0449945 0.0607958 0.0670291 
-0.0498338 0.156942 0.0159302 
-0.0485761 0.156304 0.0167534 
-0.00558884 0.163737 0.0539697 
-0.0379747 0.160301 0.0561518 
0.0105978 0.0388501 0.0642183 
-0.0370475 0.138835 0.0416905 
-0.0461891 0.162637 0.0261074 
-0.035345 0.160224 0.0593418 
-0.0263816 0.16004 0.0952224 
-0.0395536 0.124845 0.0528316 
-0.00486701 0.159279 0.102414 
0.0155005 0.0385406 0.0662429 
-0.000453958 0.158082 0.102 
-0.00433511 0.0927564 0.0728582 
-0.0193274 0.122864 0.0652682 
-0.00513011 0.151192 0.0921608 
-0.0393073 0.171491 0.0667098 
-0.0328414 0.133603 0.0503082 
0.000844836 0.158027 0.100152 
-0.0405656 0.127695 0.0479209 
-0.00251222 0.161236 0.0982025 
-0.0284912 0.162417 0.0833569 
-0.0317291 0.185665 0.0955256 
-0.0410574 0.1628 0.0477658 
-0.0554864 0.0652726 0.049477 
-0.0540821 0.0481372 0.0726558 
-0.00579081 0.16288 0.0548661 
-0.0296113 0.165317 0.0459699 
-0.00407708 0.164214 0.0955463 
-0.0300721 0.167252 0.0442409 
-0.00988041 0.199036 0.0224042 
0.0188297 0.0697195 0.0486292 
-0.0121391 0.166686 0.106642 
-0.0142427 0.165019 0.0527964 
-0.0503008 0.168597 0.0196037 
-0.0347129 0.167647 0.0424199 
-0.0136183 0.168455 0.0420246 
-0.0276176 0.0809529 0.0843703 
-0.0355315 0.124211 0.0587109 
-0.0344924 0.170207 0.0730985 
0.000785222 0.0524336 0.0640758 
-0.0100742 0.168807 0.112333 
-0.0246822 0.154874 0.104147 
-0.0194242 0.16923 0.0427232 
-0.0282287 0.170164 0.0820912 
-0.0042916 0.169209 0.0320178 
-0.0283944 0.163938 0.0496066 
0.00757691 0.0461612 0.0667469 
-0.0441824 0.0985856 0.0677309 
-0.049386 0.174482 0.0234398 
-0.00827762 0.152403 0.0961839 
-0.0379734 0.172746 0.0723296 
-0.034422 0.171435 0.0750217 
-0.0288742 0.173122 0.083091 
