-0.100995 0.0955396 0.0328249 
-0.0991852 0.0964637 0.0333216 
-0.0990938 0.0952799 0.0351648 
-0.111971 0.0560316 0.0262987 
-0.110878 0.0575021 0.0255164 
-0.105113 0.0646952 0.0248609 
-0.0906794 0.100104 0.0303236 
-0.0891 0.101011 0.0267258 
-0.0867664 0.101824 0.0272227 
-0.0872305 0.100211 0.031182 
-0.0811712 0.0884712 0.047774 
-0.0938708 0.101601 0.00683242 
-0.0789006 0.0885781 0.0493311 
-0.0654665 0.157476 0.0321199 
-0.0787436 0.0904299 0.0463098 
-0.0871394 0.106233 0.00802116 
-0.0650381 0.167484 0.020416 
-0.0644254 0.166572 0.0241338 
-0.0757339 0.0900943 0.0495223 
-0.0750055 0.0947727 0.0426227 
-0.0749567 0.0924603 0.0466191 
-0.069092 0.114588 0.0396769 
-0.0630792 0.167126 0.0196106 
-0.0723381 0.0968151 0.0423243 
-0.0711651 0.0941752 0.0468248 
-0.0672615 0.114299 0.0406434 
-0.0663981 0.113005 0.0416665 
-0.0616377 0.165568 0.0224918 
-0.0656007 0.112015 0.0418592 
-0.062368 0.166286 0.0166997 
-0.0598913 0.164428 0.0199947 
-0.0592529 0.163078 0.0277086 
-0.056759 0.161877 0.0317344 
-0.0508742 0.159651 0.0434639 
-0.0604949 0.125063 0.0426237 
-0.0681032 0.0958126 0.0460531 
-0.0649129 0.0969425 0.0449253 
-0.0600973 0.16359 0.0139909 
-0.0489202 0.160981 0.0415999 
-0.066764 0.0866714 0.0432167 
-0.0557766 0.160616 0.0253529 
-0.0518861 0.160478 0.0351242 
-0.0585557 0.12147 0.0423517 
-0.0559339 0.159944 0.0217694 
-0.0954235 0.0992269 0.00888966 
-0.0595306 0.108573 0.0417565 
-0.0638828 0.0997206 0.0427885 
-0.0590883 0.16021 0.0111387 
-0.0566546 0.151538 0.0203012 
-0.0559782 0.150001 0.0230296 
-0.0524464 0.15924 0.0310412 
-0.0486963 0.15739 0.0333855 
-0.0934689 0.0991915 0.011635 
-0.0582915 0.10903 0.040927 
-0.0636763 0.0894474 0.0421099 
-0.0485782 0.156852 0.0313459 
-0.0462321 0.155927 0.0370318 
-0.0578358 0.156762 0.00898154 
-0.0544391 0.159363 0.0155363 
-0.0551412 0.146461 0.0217652 
-0.0536646 0.144596 0.0239072 
-0.0574975 0.154238 0.00741796 
-0.0600454 0.0909486 0.0406171 
-0.0434203 0.153964 0.0394687 
-0.0555257 0.152092 0.00764805 
-0.0540178 0.155989 0.0121849 
-0.0547905 0.149995 0.0161873 
-0.054367 0.134798 0.0180099 
-0.0453246 0.15387 0.0334811 
-0.0429327 0.149847 0.0364368 
-0.0603867 0.0803547 0.0399538 
-0.0507094 0.15009 0.0119423 
-0.0547264 0.131008 0.0146052 
-0.042184 0.150702 0.0319581 
-0.0417835 0.146083 0.0356812 
-0.0412979 0.143683 0.0382823 
-0.0491939 0.107183 0.0385213 
-0.0505174 0.150604 0.0102873 
-0.0506587 0.150892 0.00828278 
-0.0407922 0.139466 0.0368212 
-0.0591352 0.110194 0.00493106 
-0.0566665 0.11031 0.0130718 
-0.0344452 0.17553 0.022685 
0.0312516 0.130264 -0.0143951 
-0.0246299 0.106112 0.00531701 
0.0195541 0.114335 -0.0406618 
0.0512829 0.122717 -0.0277194 
0.0304236 0.129768 -0.0135028 
0.0354171 0.107059 0.00812872 
-0.0514456 0.162395 0.0415047 
0.0184025 0.10864 -0.0484129 
-0.0533737 0.163312 0.0402854 
-0.0111004 0.149246 0.0266489 
0.020518 0.11205 -0.0448649 
0.0229672 0.114257 -0.0419624 
0.0609153 0.0863702 0.00946555 
-0.040509 0.102994 0.0304887 
0.0154232 0.112434 -0.0421986 
-0.106713 0.0627825 0.0247194 
0.0403045 0.12851 -0.0184013 
0.0404695 0.0861825 0.0131037 
0.0732081 0.10719 -0.00041534 
0.0435464 0.0912805 0.0095088 
-0.0555689 0.112858 0.0035378 
0.0287319 0.101616 0.00934054 
-0.0639106 0.155257 0.0357503 
0.0263134 0.110357 -0.0476446 
0.0328193 0.0913044 0.0134544 
0.00238168 0.12069 0.00432186 
-0.0447602 0.105437 0.0258593 
-0.0549 0.137382 0.0146333 
0.0264092 0.11918 -0.036745 
0.0329197 0.116694 -0.0421234 
0.00274 0.104812 0.0138873 
0.0411309 0.127497 -0.0226274 
0.0465494 0.111795 0.00167323 
0.046763 0.120775 -0.0053223 
-0.0834424 0.10018 0.0310804 
0.0239245 0.12984 -0.0158468 
0.0300453 0.111137 -0.0509323 
0.0469032 0.12613 -0.0210216 
0.0445633 0.0946586 0.00640516 
0.0428712 0.119002 -0.0737575 
0.0303277 0.119721 -0.0656942 
0.0485688 0.0862771 0.00559366 
0.0489462 0.0811443 0.00576646 
0.0271889 0.10972 -0.0578532 
0.0338931 0.0978536 0.0109987 
0.0507208 0.122654 -0.0124515 
-0.0832569 0.0980046 0.0332565 
0.0343844 0.1225 -0.0351997 
0.0516548 0.118968 -0.00785787 
-0.012978 0.115653 -0.0120928 
0.0274322 0.116717 -0.0664932 
-0.0301436 0.113522 0.0275132 
0.0696132 0.103033 0.00806826 
-0.0539032 0.140573 0.0209286 
0.0209131 0.123446 0.00285656 
0.0416192 0.116663 -0.0469339 
0.0303506 0.124917 -0.0685209 
-0.0224846 0.088026 0.0176894 
-0.0524664 0.086554 0.0362319 
0.020961 0.108406 0.0113596 
0.0413358 0.122608 -0.0025167 
-0.0558311 0.110076 0.0142242 
0.05978 0.0939147 0.00548448 
-0.0903569 0.102955 0.00994744 
0.0442177 0.0975181 0.00403375 
0.0591253 0.085214 0.00758375 
0.0437034 0.126533 -0.0157972 
-0.0287917 0.0238581 -0.106082 
0.0160312 0.111191 0.0118401 
0.0467823 0.108412 0.00249421 
0.0668095 0.0992204 -0.0186 
-0.0548376 0.142563 0.018391 
0.0292176 0.12388 -0.0327059 
-0.0339422 0.10364 0.00401744 
-0.0455555 0.0772487 0.0321858 
0.0351926 0.125508 -0.0688569 
0.0695413 0.105936 -0.0034172 
0.0513939 0.110808 -0.00121953 
0.0612559 0.112624 -0.0307718 
0.0582463 0.0928026 0.00212906 
0.0315612 0.127196 -0.0278059 
-0.0275666 0.166536 -0.000135048 
0.0330131 0.12576 -0.0710869 
-0.0464531 0.0997532 0.0300652 
0.0383546 0.128294 -0.0130549 
-0.0612654 0.108489 0.00201093 
-0.0359244 0.0233284 -0.105858 
0.0104311 0.112574 0.0115288 
0.0237853 0.107513 -0.0613598 
0.0709263 0.102852 0.00109374 
-0.0960403 0.0966703 0.0107057 
0.076579 0.0962518 0.0122714 
0.0236305 0.115826 -0.0394042 
0.0668644 0.102984 0.00699116 
0.0636985 0.0546795 -0.0117153 
0.0415019 0.11297 0.0041165 
0.0724374 0.101916 0.00274099 
0.108085 0.0639965 0.103237 
0.0412028 0.10932 0.0052501 
0.0599217 0.115657 -0.0200829 
0.0455864 0.118802 -0.0392505 
0.0417178 0.117705 0.00145737 
0.0631605 0.102991 -0.0395885 
0.00218911 0.125252 -0.00565174 
0.0763607 0.0956852 0.014684 
-0.0679645 0.0988253 0.0433919 
-0.013524 0.15406 0.0263732 
0.0518777 0.106983 -0.000667829 
-0.0267804 0.106571 0.026276 
-0.000404509 0.121466 -0.0171981 
0.0346969 0.114336 -0.0520677 
-0.0274159 0.167669 0.00319792 
0.0419042 0.122199 -0.0664843 
0.0614858 0.0543242 -0.0200951 
0.0607413 0.0555648 -0.0192242 
0.0541737 0.11738 -0.0656209 
0.0352415 0.129132 -0.0204214 
0.0497664 0.119417 -0.0607127 
0.0455938 0.124299 -0.00998128 
-0.0849172 0.102138 0.0261631 
0.0296658 0.0983959 0.0105506 
-0.0289454 0.16371 -0.00453966 
-0.0234968 0.107676 -0.0113739 
0.0576633 0.118151 -0.0252438 
-0.0208717 0.154137 0.0271822 
-0.063952 0.10574 -0.001831 
0.0335371 0.100704 0.00879036 
0.0239146 0.107649 -0.0514197 
0.061311 0.11187 -0.0151509 
0.0277714 0.11281 -0.0439412 
0.0193982 0.129831 -0.0137344 
0.109607 0.0636599 0.103926 
0.0395524 0.0926677 0.0118201 
-0.0607063 0.164278 0.0334301 
0.0357003 0.0935869 0.0128753 
-0.0424576 0.0864702 0.0289278 
-0.051814 0.116913 0.00338881 
0.0431676 0.116037 -0.0430089 
0.0610781 0.107554 -0.0106176 
0.0252545 0.129267 -0.0103918 
-0.0114216 0.106546 0.0118581 
0.0534796 0.109937 -0.0455525 
0.0675325 0.0979299 -0.0275764 
0.0470939 0.120739 -0.0683378 
0.0364722 0.117735 -0.0443372 
-0.0391746 0.0235024 -0.0922299 
-0.0283499 0.0886906 0.0187323 
-0.0284968 0.157104 0.0253855 
0.0332884 0.120632 -0.064218 
-0.00596995 0.117668 0.0038816 
0.0382226 0.129074 -0.0174122 
0.0779468 0.095539 0.0100538 
0.0764696 0.107151 -0.00166611 
0.00696672 0.122247 0.00436058 
-0.0572046 0.16157 0.017826 
0.0634543 0.106689 -0.035421 
-0.00948533 0.116333 -0.0156828 
0.0244656 0.107825 -0.0564218 
0.078939 0.104201 0.00639545 
0.0388843 0.12729 -0.0268468 
0.0313757 0.116134 -0.0613052 
0.0233313 0.12881 -0.0056466 
-0.0101479 0.102167 0.014244 
0.0569921 0.10839 -0.0440505 
0.0654984 0.106183 -0.028079 
0.0668841 0.0881215 -0.0196245 
0.00988503 0.118491 -0.0279002 
-0.0286217 0.104168 0.00591075 
0.0623994 0.0875985 0.0104696 
0.0582711 0.111884 -0.0389604 
0.0370682 0.125645 -0.0305512 
0.0375793 0.124684 -0.0721919 
0.0670076 0.098746 -0.0328424 
0.0396359 0.099877 0.0067665 
0.0737292 0.0958336 0.0106237 
0.0555296 0.109232 -0.0566189 
0.0615427 0.110272 -0.0351909 
-0.00592058 0.121326 -0.00602965 
0.0324673 0.11875 -0.0388304 
0.0503929 0.102536 0.000977447 
0.0789466 0.0959099 0.0115212 
0.0498677 0.123974 -0.0214806 
0.0540878 0.0842645 0.0027156 
0.0341459 0.128654 -0.0248045 
0.0532486 0.0869019 -0.000724491 
0.0639783 0.104894 -0.0140985 
-0.0484443 0.022473 -0.093925 
0.0594267 0.105444 -0.0436554 
0.0100234 0.118305 -0.0286554 
0.0580239 0.0916482 -0.00123649 
0.0216141 0.106293 -0.0634271 
-0.0559636 0.134219 0.00470003 
0.0345968 0.127199 -0.00523378 
0.0117171 0.112104 -0.0380672 
0.0364406 0.114621 0.00603914 
-0.0556112 0.117231 0.000849576 
0.0375906 0.118083 -0.0405324 
0.0328189 0.0943258 0.0127518 
0.0278065 0.113039 -0.0626677 
0.0658408 0.10208 -0.0323995 
0.0712936 0.0903792 0.0176841 
0.0668637 0.0925758 -0.0184769 
0.0547668 0.113641 -0.0412521 
0.0407 0.10609 0.0061733 
0.064118 0.109203 -0.0186687 
0.0627179 0.112628 -0.0229637 
-0.0347205 0.176842 0.0207932 
0.054982 0.0912119 -0.00318746 
0.0667694 0.103976 -0.0233242 
0.0522804 0.107129 -0.0497423 
0.0420124 0.0859411 0.0124792 
0.0463267 0.125744 -0.0252067 
0.0674058 0.0908455 -0.0226824 
0.0517782 0.11119 -0.0530356 
0.0212347 0.12898 -0.0198003 
0.0498512 0.116514 -0.0731986 
0.0167812 0.123752 0.0036382 
0.0492298 0.12027 -0.0637847 
0.0655596 0.101453 -0.0158437 
0.0662972 0.102241 -0.00763586 
-0.0144071 0.0943956 0.01613 
0.0231317 0.107567 -0.063878 
0.0327544 0.129237 -0.0109873 
0.060273 0.0929151 0.0068626 
0.0463038 0.114967 -0.0499109 
-0.0241946 0.144984 0.00675217 
0.114838 0.202796 -0.0394029 
0.0563304 0.100637 -0.00300427 
0.0748044 0.104329 0.0066008 
0.0727849 0.093386 0.0153646 
-0.0120536 0.151314 0.025352 
0.0172595 0.108753 0.0123108 
0.0638759 0.109409 -0.0261649 
0.080108 0.0957899 0.0133386 
0.0534926 0.121946 -0.0223759 
-0.0859276 0.10184 0.0245931 
0.0280454 0.0963097 0.0110608 
-0.028433 0.106421 -0.00425235 
-0.0117398 0.14986 0.0269869 
-0.0307516 0.103356 -0.00995965 
0.0456329 0.120357 -0.0588456 
0.054418 0.104401 -0.0524597 
0.0564618 0.116013 -0.0111576 
-0.0437693 0.144661 0.041452 
0.0473794 0.0807319 0.00751167 
0.0609862 0.11486 -0.0264356 
0.00480749 0.11215 0.0115409 
0.058452 0.115164 -0.0345734 
0.0686966 0.0973364 0.0116676 
0.0361825 0.118468 0.00365551 
-0.0419855 0.0234426 -0.0996041 
-0.0569915 0.110681 0.0100777 
0.0351428 0.11094 0.00733191 
0.056505 0.119844 -0.0197269 
0.0728121 0.0901417 0.0170711 
0.0342166 0.116272 -0.0569035 
-0.0597332 0.108276 0.00106383 
0.0310622 0.108067 0.00917354 
0.108996 0.0637848 0.102344 
0.069464 0.0934452 0.0156004 
0.0489397 0.124872 -0.0177678 
0.0636526 0.0495556 -0.0106424 
-0.0245818 0.0236179 -0.108015 
0.055243 0.118289 -0.0333945 
0.0551867 0.116406 -0.0379538 
-0.0573139 0.159384 0.0127423 
0.0638194 0.108238 -0.031776 
0.0108166 0.12787 -0.0138757 
0.0512535 0.116473 -0.0401492 
0.0268943 0.109674 -0.0533181 
0.0518417 0.119047 -0.0363451 
-0.0439248 0.102022 0.0298096 
0.0380617 0.119909 -0.0595648 
-0.0384535 0.110623 0.0288326 
-0.0436597 0.0230716 -0.0908857 
0.0100983 0.127276 -0.00462761 
0.010211 0.122576 0.00415326 
0.0389395 0.0885557 0.0129226 
0.058007 0.104337 -0.0465557 
-0.0871347 0.105826 0.00907058 
0.046434 0.105378 0.00349631 
0.0654855 0.10589 -0.0205039 
0.0398412 0.124182 -0.0704069 
0.11413 0.147579 0.0546302 
-0.0290619 0.162536 0.0207858 
0.0455131 0.118023 -0.0547759 
-0.0549707 0.135618 0.0119504 
0.0472732 0.0933942 0.00312335 
0.0443993 0.0880397 0.00968812 
-0.0419792 0.0770162 0.0288129 
0.0445457 0.0813692 0.00981086 
0.0469171 0.090561 0.00609991 
0.0674152 0.0961847 -0.0219124 
0.0501094 0.113938 -0.0530734 
0.0432931 0.121198 -0.0608384 
0.0150069 0.128447 -0.0116263 
0.0634251 0.0885908 0.0111567 
0.0289455 0.12926 -0.0224201 
0.0485627 0.111389 -0.0493293 
0.0649999 0.100562 0.0111541 
0.0638953 0.102459 0.00822285 
0.0489409 0.0902544 0.0024471 
0.0550073 0.120379 -0.0288491 
0.0593844 0.0966715 -0.0021844 
0.0534135 0.121628 -0.0189943 
-0.0277992 0.105685 -0.00854169 
-0.0866446 0.0976038 0.0337414 
0.0438584 0.12594 -0.0291773 
0.0559878 0.112046 -0.00660312 
-0.0525348 0.112647 0.0102178 
-0.102108 0.0939132 0.0346444 
0.0282848 0.129062 -0.00858074 
0.015353 0.12683 -0.00149209 
-0.0930933 0.102945 0.0054605 
0.029749 0.129959 -0.0180447 
0.0471879 0.116074 -0.00106233 
0.0392861 0.115911 -0.0504526 
0.0565663 0.0967002 -0.00307039 
0.0553944 0.11947 -0.0158017 
0.039465 0.0972302 0.00943181 
-0.052196 0.120788 0.000988051 
0.011454 0.118834 0.00810291 
0.0399615 0.121011 -0.0373552 
0.0565983 0.105001 -0.00400739 
0.0336039 0.118024 -0.061507 
0.0143238 0.110036 -0.0455729 
-0.0296669 0.0237926 -0.101837 
0.0578503 0.107098 -0.0604207 
-0.0266181 0.115957 0.0262525 
0.0506713 0.116921 -0.0572363 
0.058058 0.109795 -0.00737021 
-0.0942845 0.0967639 0.0350238 
0.0196262 0.129009 -0.00876982 
0.0522538 0.113781 -0.00395659 
0.058481 0.112318 -0.010427 
0.0653064 0.105232 -0.00276683 
-0.0445034 0.0808482 0.0307816 
0.0592557 0.114833 -0.0140196 
0.0585822 0.117215 -0.0170929 
-0.0589995 0.0833889 0.0387372 
0.0554875 0.113764 -0.0604846 
-0.0266752 0.096839 0.0153713 
0.0479387 0.122084 -0.0341436 
0.019462 0.120116 -0.032777 
-0.0549096 0.132794 0.0125215 
0.0143146 0.113354 -0.0390212 
0.0314972 0.116203 0.00711807 
0.0295144 0.124054 0.00122779 
0.028242 0.127331 -0.00386477 
-0.0900382 0.104865 0.00637481 
0.0254023 0.129518 -0.0210404 
0.0292836 0.112567 0.00874289 
0.021154 0.127926 -0.0230098 
-0.0310863 0.123754 0.0257553 
0.0516739 0.118063 -0.0696505 
0.0288105 0.0928974 0.0126636 
0.0279018 0.0989626 0.00940142 
-0.0421488 0.145691 0.0293838 
0.0109903 0.110962 -0.0417281 
-0.0316978 0.0234245 -0.107954 
-0.0131609 0.110756 0.00786801 
-0.0337513 0.023775 -0.103501 
-0.00956486 0.116063 0.00438896 
-0.0240765 0.166282 0.0158381 
0.0238936 0.113688 0.00974955 
-0.108628 0.0597497 0.0258578 
0.0621293 0.102904 -0.00636278 
0.0112235 0.128204 -0.00972786 
0.0230054 0.118571 0.00734279 
-0.0165262 0.11285 -0.0124318 
0.0251024 0.120711 0.00582521 
0.0385364 0.116929 -0.0540815 
0.0240771 0.124185 0.00248609 
0.0234335 0.127339 -0.00224419 
-0.00813396 0.116786 -0.0167296 
-0.0423397 0.107903 0.0266943 
0.0158971 0.12858 -0.0169282 
0.0202099 0.127188 -0.00281372 
0.0123156 0.126359 -0.0203456 
-0.0382816 0.0236248 -0.101464 
-0.0408399 0.0233146 -0.102948 
-0.0327944 0.175233 0.0217287 
0.0206768 0.109804 0.0110458 
-0.0263884 0.0921384 0.0176718 
-0.0814412 0.0874996 0.0492048 
0.0175528 0.114661 0.0104512 
0.0173048 0.118937 0.00780806 
0.0139042 0.128219 -0.00665052 
0.00325682 0.116545 0.00875678 
0.0355497 0.123506 -0.000282029 
0.00792994 0.125542 -0.0180305 
-0.0485844 0.159433 0.0377928 
-0.0165132 0.114123 -0.00945843 
0.0314572 0.112399 -0.055011 
-0.0447957 0.0231273 -0.100845 
-0.00458471 0.113955 0.00875205 
-0.0222272 0.159641 0.0155124 
0.0652726 0.0986075 -0.0123969 
-0.0304284 0.165739 0.0147459 
0.00410248 0.123045 -0.0188766 
-0.0318749 0.166551 0.0225247 
0.00901786 0.106376 0.0131023 
-0.0211751 0.110868 -0.00316812 
0.0280406 0.113658 -0.042306 
-0.0397731 0.129766 0.0346137 
-0.0333766 0.0232403 -0.0997067 
0.00995335 0.125434 -0.000484755 
-0.020024 0.103484 0.0113574 
0.00697193 0.126593 -0.0122851 
0.0458522 0.118816 -0.0730532 
0.00314049 0.124768 -0.0141337 
0.00687221 0.125391 -0.00168446 
0.0608984 0.108526 -0.0395593 
-0.0236779 0.149588 0.00893038 
-0.0272766 0.101368 0.0111905 
-0.0898004 0.0972298 0.0343743 
0.0427879 0.124019 -0.0326692 
0.00874434 0.117255 0.00913126 
-0.0311456 0.163354 0.0216464 
-0.0474032 0.0228617 -0.0898306 
0.00204171 0.125289 -0.0104333 
-0.00286953 0.119089 -0.0189698 
0.00636751 0.108225 0.0131331 
0.0264428 0.127917 -0.0250914 
0.00188414 0.123576 -0.000694789 
-0.0020705 0.123254 -0.00803141 
-0.00139976 0.123161 -0.0127637 
-0.0624441 0.165071 0.0295336 
-0.00384856 0.120438 -0.0152332 
0.030088 0.11935 0.005402 
-0.00547236 0.120791 -0.0121437 
0.0181194 0.115081 -0.0379231 
-0.00198838 0.122781 -0.00276508 
-0.0556718 0.163424 0.0361603 
-0.0205559 0.107365 0.00685214 
-0.00246712 0.105382 0.013604 
-0.00122972 0.116818 0.00781332 
0.0734845 0.107834 -0.00197413 
-0.0265828 0.166505 0.0166854 
0.0360085 0.122873 -0.0653663 
-0.00191516 0.119965 0.00427955 
-0.00924321 0.119353 -0.00852577 
0.0424536 0.119543 -0.0560653 
-0.0254994 0.163946 0.0207032 
-0.0434608 0.0227151 -0.0944237 
-0.00969595 0.118963 -0.00372892 
-0.00642886 0.106334 0.0130884 
-0.0550017 0.146549 0.0155263 
-0.00882857 0.113226 0.00802103 
-0.0140122 0.114114 0.00264056 
0.0582967 0.116964 -0.0297699 
-0.0479941 0.0225424 -0.0920807 
-0.0129541 0.116718 -0.00253272 
-0.0456895 0.0228512 -0.0973163 
-0.0138121 0.116666 -0.00724396 
-0.0296496 0.122003 0.0262072 
-0.0134166 0.0996719 0.0150526 
-0.0175042 0.113896 -0.00483072 
-0.0314715 0.100968 0.0114388 
-0.0189909 0.111227 -0.0115811 
-0.0212073 0.110663 -0.0087537 
-0.0223073 0.107949 -0.0126438 
-0.0177929 0.113247 0.000415575 
-0.0171586 0.0898747 0.0166909 
-0.0204233 0.0919624 0.0169082 
-0.0593401 0.164179 0.0364308 
-0.0211792 0.10992 0.00155043 
-0.0241342 0.108952 -0.00551039 
-0.040148 0.126146 0.0340042 
-0.0289116 0.105641 0.000811946 
-0.0323098 0.104759 -0.00198594 
-0.0576618 0.0821918 0.0385095 
-0.0390703 0.113147 0.0267422 
-0.0319902 0.104042 -0.00637965 
-0.0188865 0.0992477 0.0146604 
-0.034232 0.102079 -0.00827885 
-0.02716 0.0835669 0.0183126 
-0.0111796 0.150143 0.0251672 
-0.0325202 0.103799 0.00306466 
-0.0300991 0.0936093 0.0181976 
-0.0306111 0.0966405 0.0158505 
0.00206441 0.109731 0.0125819 
-0.0329311 0.102996 0.00687218 
0.051994 0.100581 -4.31643e-05 
0.0350804 0.116798 -0.0483594 
0.0484849 0.113178 -0.0451883 
-0.0344626 0.104105 0.00128108 
0.0240008 0.125097 -0.0295601 
-0.0266108 0.167366 0.00749594 
-0.0265152 0.153168 -0.00609675 
-0.0148542 0.159941 0.0239488 
-0.0219847 0.144343 0.0123411 
-0.0263678 0.162029 -0.00526558 
-0.0253746 0.10797 -0.000944855 
-0.0500193 0.0823595 0.033992 
-0.0260707 0.114085 0.0263812 
-0.0477283 0.0863207 0.0315496 
0.0139527 0.125442 -0.0230922 
-0.0259422 0.151188 0.00394249 
0.0599924 0.100134 -0.00380226 
-0.0334316 0.166464 0.0155984 
-0.0945043 0.0986907 0.0320807 
-0.0255844 0.163893 -0.00219231 
-0.0487525 0.0850963 0.0328109 
-0.0223147 0.153863 0.0125771 
-0.0164796 0.162724 0.0212114 
-0.0471475 0.0957482 0.0324737 
-0.000280374 0.102927 0.0142399 
0.0165114 0.127252 -0.0214522 
-0.0237019 0.154774 0.00890583 
0.0656343 0.103432 0.00147544 
0.0758281 0.107532 -0.00279269 
-0.036337 0.162683 0.0106717 
-0.0215182 0.149234 0.0139994 
-0.0255363 0.12222 0.0262979 
-0.0191067 0.15691 0.0271208 
-0.0207251 0.164615 0.0210759 
-0.0230757 0.154796 0.0126265 
-0.0269113 0.156048 0.00270834 
0.050696 0.122191 -0.0318035 
-0.0327628 0.0956725 0.0269371 
-0.0393543 0.0856907 0.0280072 
-0.0305291 0.11754 0.0270487 
-0.0253004 0.160286 0.0243697 
-0.0413986 0.136137 0.0398989 
0.0140123 0.114812 -0.0350277 
-0.0245343 0.163427 0.0121775 
-0.0388836 0.0227378 -0.097364 
-0.0264099 0.159663 0.00508615 
-0.0349084 0.0997171 0.0276533 
-0.0377244 0.0829813 0.0271974 
0.00619666 0.12644 -0.00758665 
0.0579503 0.099966 -0.00440477 
-0.0417903 0.0726563 0.0287795 
-0.0413783 0.0736887 0.0275913 
-0.0499451 0.123649 0.00121402 
-0.0353533 0.114079 0.0286628 
0.0576531 0.111174 -0.0629641 
-0.0216262 0.0965007 0.0156776 
-0.0446302 0.0844091 0.0302121 
-0.0351072 0.117853 0.0270284 
-0.0260318 0.153572 0.0270109 
-0.00480626 0.102787 0.0144824 
-0.0301844 0.167156 0.00941053 
0.0569546 0.114592 -0.0669466 
-0.0307499 0.167991 0.00494799 
0.0182105 0.125835 -0.025409 
-0.00571347 0.120465 -0.00134053 
-0.0264029 0.155942 0.00399466 
-0.0412221 0.125716 0.0368436 
-0.0155807 0.104634 0.0117022 
-0.0317501 0.166725 0.00337764 
-0.00860013 0.098586 0.0154784 
-0.0340899 0.164524 0.00723432 
-0.0313528 0.142551 0.0272363 
-0.0466316 0.157652 0.0424877 
-0.0392996 0.105937 0.0305609 
0.0517065 0.0814107 0.00279529 
0.0739747 0.0993093 -0.000487653 
-0.0488277 0.124213 0.0012306 
-0.0459398 0.108667 0.0211781 
-0.037061 0.162225 0.00926589 
-0.0480584 0.107356 0.0220101 
-0.0899743 0.101089 0.0127762 
0.0226223 0.106419 -0.060712 
-0.0328449 0.170205 0.0198206 
-0.0485605 0.119967 0.00908128 
-0.0506444 0.0783971 0.034876 
-0.0474554 0.10423 0.0258438 
-0.0553633 0.111089 0.00759302 
0.0401951 0.126 -0.00738499 
-0.00364491 0.10936 0.0119876 
-0.0395865 0.132878 0.0334939 
0.0489708 0.11073 -0.0487069 
-0.0335083 0.176555 0.0201534 
-0.0191034 0.161163 0.0253297 
-0.0538658 0.109957 0.0131634 
-0.0386606 0.143172 0.0299673 
-0.0624737 0.105229 -0.00248072 
-0.0439295 0.112094 0.0203368 
0.0530878 0.114069 -0.0566979 
0.0247418 0.10912 0.0108464 
-0.0548418 0.0834891 0.0373822 
-0.0250751 0.158829 0.00814999 
-0.040904 0.131567 0.0374392 
-0.0400494 0.134926 0.0343704 
-0.0407084 0.144515 0.0319914 
