-0.0404208 0.197687 -0.00410734 
-0.0424054 0.197141 -0.00193953 
-0.0405996 0.194585 -0.00350221 
-0.0424996 0.194205 -0.000923498 
-0.0438223 0.192568 0.000814667 
-0.0455288 0.192558 0.00186875 
-0.0160269 0.194004 -0.0245929 
-0.0177448 0.193426 -0.0225693 
-0.0194612 0.192466 -0.0205099 
-0.018083 0.190035 -0.0224431 
-0.0413455 0.189998 -0.00127196 
-0.0198278 0.189356 -0.0200757 
-0.0225376 0.188601 -0.0166463 
-0.0254867 0.189153 -0.013728 
-0.0268629 0.187805 -0.0118584 
-0.0301316 0.187689 -0.00890538 
-0.0333354 0.187298 -0.00617196 
-0.0392837 0.187372 -0.00181233 
-0.0390475 0.186597 -0.00161623 
-0.0300945 0.186505 0.0119409 
-0.0390596 0.185825 -0.00162787 
-0.0312397 0.18312 0.0110149 
-0.0316833 0.183773 0.0141676 
-0.0562762 0.181836 0.0201915 
-0.0601823 0.181821 0.0219481 
-0.0302523 0.183554 -0.00859271 
-0.0478921 0.181543 0.0123869 
-0.0317418 0.180452 -0.00884635 
-0.0603896 0.180317 0.0233629 
-0.0618187 0.179512 0.0251288 
-0.0643001 0.180062 0.0253006 
-0.0797964 0.180359 0.0412913 
-0.0366026 0.17849 -0.00368406 
-0.0137212 0.176638 -0.00310323 
-0.0167164 0.176627 -0.000137903 
-0.0290756 0.179326 0.00912896 
-0.0281442 0.176582 0.0104776 
-0.0313377 0.17935 0.0111059 
-0.0331192 0.178649 0.0128813 
-0.0479481 0.179891 0.0145149 
-0.0357036 0.178783 0.016448 
-0.0396159 0.17786 0.0194778 
-0.0453283 0.177923 0.0210603 
-0.0296654 0.186512 0.0109345 
-0.0745824 0.177849 0.0428032 
-0.0777358 0.178864 0.0462002 
-0.0767629 0.177863 0.0508285 
-0.0704577 0.174897 0.032714 
-0.0136651 0.174718 -0.00360345 
-0.0676469 0.174083 0.0312394 
-0.0166315 0.174025 9.99758e-05 
-0.0194931 0.173373 0.00253251 
-0.0355676 0.173473 0.0168733 
-0.0438484 0.173065 0.0237069 
-0.0478307 0.173554 0.0268758 
-0.05228 0.173499 0.0295856 
-0.0648062 0.17354 0.0292107 
-0.067338 0.172502 0.0353993 
-0.0669599 0.172403 0.0477097 
-0.0751352 0.174067 0.052093 
-0.0595823 0.170385 0.0330967 
-0.0629676 0.170091 0.0394688 
-0.0590403 0.169541 0.0385532 
-0.0761122 0.169347 0.0493592 
-0.0937848 0.172359 0.0385238 
-0.0211364 0.168677 0.00080323 
-0.0384983 0.169406 0.0197861 
-0.0163481 0.166657 0.000154197 
-0.0203767 0.168535 0.00270084 
-0.0291663 0.186835 0.00869169 
-0.0745336 0.179906 0.039418 
-0.0236888 0.168592 0.00591655 
-0.0312208 0.168508 0.0139234 
-0.0170439 0.190669 -0.0235566 
-0.0354653 0.168581 0.0172835 
-0.0366355 0.166652 0.0197669 
-0.0395721 0.168038 0.0220862 
-0.0430127 0.168169 0.0254122 
-0.0507735 0.167256 0.0331549 
-0.0666868 0.168299 0.047535 
-0.0552069 0.165187 0.0391726 
-0.0263015 0.165237 0.00887281 
-0.0624038 0.164514 0.0437002 
-0.0378406 0.162931 0.019699 
-0.0720164 0.176423 0.0407758 
-0.0574708 0.163003 0.0394071 
-0.0589461 0.164161 0.0411096 
0.0294049 0.16176 -0.0336162 
0.0267477 0.162033 -0.0315128 
0.0209199 0.162233 -0.0297615 
-0.0128894 0.163381 -0.00305874 
-0.0137828 0.164149 -0.00186914 
-0.0155602 0.163521 0.000155072 
-0.0193793 0.163662 0.00328804 
-0.0247548 0.161691 0.00883941 
-0.0274072 0.163268 0.0108532 
-0.0313104 0.163543 0.0140792 
-0.035017 0.163491 0.0174986 
-0.0393284 0.163715 0.0216542 
-0.0431718 0.163176 0.025109 
-0.0462341 0.162956 0.0284193 
-0.0478225 0.163713 0.0305706 
-0.0505946 0.163249 0.0333596 
-0.0542567 0.163283 0.0369247 
-0.0754795 0.161009 0.0205898 
-0.077657 0.161085 0.0223266 
-0.0811017 0.161521 0.0250545 
-0.0830686 0.161756 0.0315689 
-0.0684115 0.16357 0.0454031 
-0.0754352 0.160232 0.0199455 
-0.056097 0.169825 0.0322411 
-0.0698656 0.160597 0.0454067 
-0.0159337 0.160321 0.000613568 
-0.0445187 0.159742 0.0207117 
-0.0781872 0.159751 0.0217493 
0.0270902 0.159627 -0.0311028 
-0.0237584 0.173599 0.00614092 
0.0215547 0.159554 -0.0288094 
0.0173897 0.159675 -0.0269278 
-0.048996 0.159473 0.0197747 
-0.0503108 0.158914 0.0196559 
-0.0815902 0.159451 0.0237662 
0.0188187 0.158106 -0.0249507 
0.0120096 0.157421 -0.0236728 
-0.0692937 0.157109 0.0114156 
-0.0853067 0.157894 0.0516849 
0.0397011 0.157405 -0.0367114 
0.0390338 0.156759 -0.0356615 
0.0320391 0.159441 -0.0332046 
0.0104412 0.156934 -0.0211156 
0.00310762 0.158477 -0.0214937 
-0.00640555 0.156855 -0.0185094 
-0.0704858 0.158532 0.013898 
-0.0741081 0.158393 0.017131 
-0.0943201 0.158637 0.0569382 
0.0314187 0.157324 -0.0315979 
0.0274172 0.157241 -0.0287775 
0.0286686 0.156047 -0.0248496 
0.0208375 0.156641 -0.0203099 
0.0159331 0.156324 -0.0184027 
-0.0227573 0.157943 0.00684419 
-0.0312298 0.158232 0.0142713 
-0.0431968 0.157063 0.0247679 
-0.0506617 0.156153 0.0303207 
-0.0908116 0.158144 0.0553311 
0.0306298 0.155278 -0.0269706 
0.00233769 0.155626 -0.020652 
-0.0179086 0.155183 0.000206468 
-0.0896655 0.155288 0.0541761 
0.0216436 0.15501 -0.0178796 
0.0329137 0.15491 -0.0304065 
0.0262449 0.154898 -0.020459 
0.0163468 0.154619 -0.0156953 
0.0113556 0.154356 -0.0146236 
-0.00106743 0.155076 -0.0186448 
-0.0506156 0.154245 0.0308235 
-0.0879372 0.153655 0.0525407 
0.0723736 0.15211 -0.0381874 
0.0709755 0.151769 -0.0371185 
0.0452074 0.152205 -0.0387237 
-0.024114 0.176853 0.00648793 
0.0445238 0.152556 -0.0375882 
0.0409607 0.152832 -0.0355949 
0.0375536 0.152063 -0.0282179 
0.0346357 0.152846 -0.0252084 
0.0312999 0.152179 -0.0201254 
0.0268679 0.152714 -0.0178407 
0.0131824 0.152184 -0.012366 
0.00900055 0.151515 -0.011203 
0.00759353 0.152889 -0.0124991 
-0.00601396 0.151259 -0.0158127 
-0.00604344 0.153658 -0.017114 
-0.0106572 0.152133 -0.0158701 
-0.0244153 0.153496 0.00915192 
-0.0637278 0.152943 0.0322171 
-0.0269702 0.158219 0.0113195 
-0.0781227 0.153189 0.045715 
0.0403644 0.150763 -0.0311671 
-0.00792582 0.150483 -0.0153572 
-0.0270204 0.152956 0.0111769 
-0.0311031 0.152995 0.014351 
-0.035254 0.153078 0.0175037 
-0.0367729 0.152392 0.0197735 
-0.0390982 0.153042 0.0217865 
-0.0430735 0.152988 0.0251623 
-0.0561929 0.180302 0.0211664 
-0.0478313 0.151047 0.030304 
-0.0551137 0.152351 0.0347164 
0.0238693 0.157569 -0.0260431 
-0.0585181 0.151222 0.0377413 
-0.0472073 0.156663 0.0277783 
-0.0691655 0.151863 0.0380398 
-0.0680261 0.152572 0.0442067 
-0.0689227 0.152402 0.0454522 
0.0301764 0.1543 -0.0231406 
-0.0717651 0.151467 0.0487059 
-0.0758284 0.152493 0.0520954 
-0.0768076 0.151187 0.053919 
-0.0831572 0.150984 0.0569867 
0.00598735 0.150362 -0.0102975 
-0.0687565 0.150009 0.0383606 
-0.071477 0.173105 0.0498191 
-0.0740024 0.150255 0.0520088 
-0.00642261 0.149892 -0.0152691 
-0.0451118 0.149858 0.0283276 
-0.0199546 0.149776 0.00246088 
0.00310821 0.149642 -0.00972909 
-0.0617765 0.149093 0.0412185 
0.0739913 0.148942 -0.0401679 
0.049141 0.14727 -0.0402393 
0.0403165 0.149652 -0.0268825 
-0.0107322 0.149072 -0.0146613 
-0.0282191 0.147239 -0.0122072 
0.0839173 0.148342 -0.0405098 
-0.0725607 0.177514 0.0375611 
0.0794622 0.147356 -0.0387661 
0.0731224 0.148636 -0.0381365 
0.070415 0.148169 -0.0366927 
0.0655217 0.147144 -0.0383548 
0.064412 0.148411 -0.0368812 
0.0639654 0.147192 -0.0351329 
0.043254 0.147635 -0.0296345 
0.0430903 0.146353 -0.0261955 
0.0279774 0.148683 -0.0154783 
0.023376 0.148631 -0.0134011 
0.0136661 0.148451 -0.0102246 
0.00414817 0.147232 -0.00783954 
-0.0110154 0.146673 -0.0134508 
-0.0128816 0.145903 -0.0126646 
-0.0139836 0.147101 -0.0130305 
-0.0279839 0.146226 -0.0032231 
-0.0276145 0.146116 0.00109304 
-0.0235068 0.148604 0.00613512 
-0.0344773 0.148173 0.0178955 
-0.0364414 0.148244 0.0196889 
-0.0792836 0.151475 0.0556525 
-0.0589582 0.148697 0.0392747 
0.0658959 0.145675 -0.036574 
-0.0823629 0.155187 0.0498584 
0.0284585 0.145662 -0.0144948 
-0.0270915 0.145456 0.00993613 
-0.0387779 0.147796 0.0221899 
-0.0439451 0.185784 0.00385778 
-0.0423557 0.147927 0.0261595 
-0.0440221 0.146249 0.0285861 
-0.0812045 0.162206 0.0297469 
-0.0462569 0.147761 0.0305952 
-0.0333571 0.183232 -0.00522811 
0.0351967 0.158512 -0.0349914 
0.00197465 0.0973327 -0.0109394 
-0.00263962 0.056812 0.0289926 
0.0375209 0.156755 -0.0348729 
0.00215996 0.097805 -0.00696593 
0.0014222 0.0971939 -0.00406557 
0.0812431 0.0954819 -0.0274484 
0.029896 0.081768 0.0057664 
-0.000505697 0.157986 -0.019612 
0.0409342 0.0974136 0.00829594 
0.0699389 0.096724 -0.01293 
0.0241666 0.156207 -0.0227409 
-0.00104121 0.0972499 0.00311677 
-0.00609571 0.0568106 0.0325565 
-0.00261691 0.0971841 0.00555413 
0.0469768 0.123152 -0.0217165 
-0.0362344 0.0941048 0.00765454 
0.0542217 0.0619706 0.00293786 
0.0459428 0.148088 -0.0370431 
-0.0372886 0.0941214 0.00848239 
-0.0588941 0.102216 0.0398601 
0.0777398 0.0974905 -0.0165799 
-0.027905 0.094446 0.0137513 
-0.037236 0.0682016 0.0584117 
0.0449552 0.14285 -0.0255891 
0.0679831 0.133185 -0.0383859 
-0.0468904 0.180351 0.0123073 
-0.0398933 0.0943367 0.0263417 
0.0636085 0.0671246 0.00175209 
-0.0484753 0.0970193 0.0375945 
-0.06272 0.123054 0.0296838 
0.0608369 0.0533742 -0.00423529 
0.0535252 0.0963977 0.00879029 
-0.00439428 0.0771536 0.00201404 
0.000541764 0.0932133 -0.0132691 
0.0442226 0.0926916 -0.0283825 
0.0814064 0.0775973 -0.0111154 
-0.0218664 0.0726279 0.0344411 
-0.0401757 0.0935721 0.0295084 
0.0423848 0.0919613 -0.0267743 
-0.000541789 0.0895108 -0.011799 
-0.0761704 0.152511 0.0435033 
0.0805321 0.0979753 -0.0230784 
0.000512393 0.0921964 -0.00455556 
-0.0383858 0.0929104 0.0353313 
0.081988 0.0930801 -0.0232197 
-0.054465 0.107112 0.0366102 
-0.0474331 0.122344 0.0275692 
-0.0461782 0.185158 0.00500146 
0.0409321 0.121357 -0.00647037 
-0.00857398 0.0924135 0.0115608 
-0.0892445 0.154537 0.053518 
-0.00943298 0.0915752 0.0143848 
0.0420914 0.0864785 -0.0253953 
-0.0467791 0.117253 0.0287885 
-0.042133 0.0941558 0.0380872 
-0.0326373 0.0902734 0.0243821 
0.0476342 0.0972761 0.0125615 
-0.0350676 0.0752572 0.0546051 
0.081442 0.0922373 -0.0184652 
0.0705216 0.0914446 -0.00928786 
-0.00743575 0.0821344 0.0118523 
-0.0168986 0.0892421 0.0164341 
0.0672124 0.0561872 -0.0320994 
-0.00390393 0.0671347 0.0249056 
-0.0587567 0.115296 0.0349597 
-0.0672263 0.118563 0.0321032 
-0.0622125 0.0918145 0.0439034 
0.0544011 0.0924207 0.00909984 
-0.0424166 0.0665925 0.063269 
-0.034927 0.123655 0.00949005 
-0.0343399 0.0891931 0.0279526 
0.0508004 0.117862 -0.0269281 
-0.000911474 0.0884463 -0.00075622 
0.0474417 0.142622 -0.0316104 
0.0174321 0.162218 -0.0280101 
-0.0153593 0.0888115 0.0155751 
0.0433505 0.0886429 -0.0273889 
-0.0326657 0.12765 -0.00197255 
-0.000777343 0.0871634 -0.00397514 
-0.0572947 0.0918764 0.0426035 
-0.0224748 0.104219 0.00785703 
-0.00200593 0.0871637 0.00223619 
-0.0384472 0.0616118 0.0599303 
-0.00691093 0.112705 0.00590711 
0.017856 0.152471 -0.0137607 
-0.00547816 0.0870903 0.00906402 
-0.00591166 0.0971694 0.00813103 
-0.0180693 0.086969 0.0182251 
0.0664746 0.0568672 -0.0294697 
-0.0485756 0.115085 0.030461 
-0.0080915 0.136208 -0.00190971 
0.00876679 0.148438 -0.00920469 
-0.0268225 0.0871301 0.0233984 
0.0641911 0.0536252 -0.00661572 
-0.0839868 0.156047 0.0514035 
0.0706026 0.106509 -0.0209593 
-0.0149405 0.0923709 0.0139919 
-0.0309203 0.0877831 0.0258218 
-0.0664493 0.0870253 0.0451439 
0.00165597 0.136864 -0.00232425 
-0.0695163 0.0873439 0.04472 
-0.000210087 0.138589 -0.00258288 
0.04142 0.104033 -0.0196696 
0.033385 0.138227 -0.015588 
0.0186825 0.139036 -0.00988749 
0.0709131 0.0875566 -0.00690936 
-0.0190566 0.0920281 0.0158898 
0.0134283 0.0564156 0.0226035 
0.0676361 0.086286 -0.00604479 
-0.0110773 0.0901748 0.0164149 
-0.0294192 0.0863254 0.0307331 
0.0447887 0.074131 0.0122387 
-0.0638985 0.171412 0.0463323 
0.0100939 0.138166 -0.00576336 
-0.040491 0.0951311 0.0228371 
0.000456034 0.146455 -0.00706 
0.07137 0.10321 -0.0182129 
-0.0516337 0.152268 0.032273 
0.080716 0.0828271 -0.0108345 
-0.0763159 0.145972 0.0594005 
0.0484423 0.106772 -0.00119149 
-0.0728293 0.0870177 0.0439202 
-0.0593501 0.107046 0.0383175 
-0.0502326 0.0865694 0.0431251 
0.0143383 0.0650105 0.0126797 
-0.000245804 0.092608 -0.000400492 
0.051628 0.0875769 0.0126359 
0.00629746 0.117118 -0.00589551 
-0.0265084 0.0614006 0.0501519 
0.067213 0.121483 -0.0359854 
-0.0617545 0.0868875 0.0447286 
-0.0261215 0.12269 -0.00374544 
0.0724089 0.0602855 -0.00620261 
-0.0031661 0.0821117 0.00232064 
-0.0388996 0.157809 0.0214238 
0.0720415 0.0623793 -0.00376704 
-0.0492248 0.181413 0.014392 
-0.0177573 0.0821293 0.0196797 
-0.00446514 0.0801005 0.00566389 
-0.0313009 0.0569726 0.0522546 
-0.0217111 0.0821416 0.0226022 
-0.0278676 0.094056 0.0155934 
0.0616714 0.0782087 -0.00159008 
-0.0230498 0.153049 0.0064881 
-0.0696389 0.0824782 0.0449965 
-0.0406662 0.122782 0.021832 
-0.0265945 0.172605 0.00886271 
-0.072551 0.0821721 0.0444087 
-0.0271909 0.184709 -0.0114422 
0.0828808 0.0824839 -0.0184793 
0.0824362 0.0822744 -0.0144042 
0.0425728 0.0988291 -0.0244357 
-0.0398869 0.094395 0.0194237 
0.0502562 0.0522864 -0.00179011 
0.0784401 0.0917275 -0.0130079 
0.0665231 0.0829802 -0.00416109 
0.0634728 0.0806696 -0.00305343 
0.0281541 0.0817952 0.00526686 
0.0583973 0.0669901 0.0025879 
0.0421853 0.0868277 0.0126956 
-0.0246269 0.0819804 0.0286812 
0.0446244 0.135191 -0.0215441 
0.055433 0.0926857 0.00550593 
0.0827525 0.0837437 -0.0220559 
-0.0314063 0.0822952 0.0384954 
0.0467321 0.107425 0.00193201 
0.0222552 0.152854 -0.0155716 
-0.0502841 0.0821207 0.0431442 
-0.0286891 0.109631 -0.000666038 
-0.0568066 0.0817327 0.0439455 
0.0761747 0.103206 -0.0205595 
0.0337935 0.133152 -0.0160302 
0.0249347 0.0815103 0.0034197 
-0.0634568 0.101988 0.041245 
-0.065692 0.0953641 0.0436883 
-0.030333 0.111763 -0.000577788 
0.0530361 0.0822995 0.00701833 
0.0614213 0.118426 -0.0302384 
0.0519574 0.080605 0.00819179 
-0.0621915 0.143557 0.044627 
0.0510625 0.0825528 0.0113819 
-0.0603029 0.171275 0.038053 
0.00508422 0.112453 -0.00648789 
0.0470962 0.0825315 0.0143266 
-0.0391079 0.0963324 0.00810892 
0.0424335 0.107854 -0.0197701 
-0.0677934 0.150002 0.0374716 
0.0417647 0.143411 -0.0221947 
-0.0690389 0.0924568 0.0439417 
-0.0385936 0.0715627 0.0614665 
-0.0893083 0.167029 0.03746 
-0.00120485 0.153782 -0.0178048 
-0.00430309 0.0781057 -0.00673637 
0.0441028 0.112591 -0.00203733 
-0.0217223 0.0790596 0.0297473 
0.0126385 0.159331 -0.0251907 
-0.0531169 0.0789236 0.0432258 
-0.0853511 0.154079 0.0534092 
0.0653468 0.0536218 -0.0313501 
-0.0118929 0.133298 -0.00234097 
0.0447111 0.0774108 -0.012715 
-0.0455748 0.0532332 0.0561591 
-0.0346753 0.0906314 0.0335616 
0.00803858 0.117457 -0.0131683 
-0.00727358 0.0777933 0.0117212 
-0.0530906 0.177443 0.0287016 
0.0111121 0.12441 -0.0116634 
-0.0571041 0.0781698 0.0442674 
0.0424448 0.0961276 -0.0264891 
-0.0546575 0.168059 0.036592 
-0.0678118 0.139882 0.00750419 
-0.0295287 0.183983 0.00870619 
0.0454833 0.0758837 -0.00680597 
0.00353365 0.108729 -0.00299609 
0.0456273 0.0753399 -0.00449518 
-0.0348114 0.0765992 0.0513252 
0.0298685 0.0617719 0.0121439 
0.0813599 0.132758 -0.0443492 
0.082361 0.0773536 -0.0176891 
0.0470212 0.0923866 0.0136559 
0.0702862 0.0844825 -0.0051454 
-0.0151256 0.176633 -0.00154312 
-0.0241292 0.0961717 0.0138216 
0.0304441 0.0773242 0.00637793 
-0.00655858 0.0769325 0.019844 
-0.0151579 0.0971407 0.0122453 
-0.0607606 0.177066 0.0310417 
-0.0113087 0.0744841 0.0214739 
-0.0284775 0.091627 0.0194133 
-0.0280391 0.0663571 0.0498508 
-0.0193299 0.0742835 0.0227298 
-0.0271366 0.0822067 0.0353884 
-0.0286022 0.1465 -0.0091641 
-0.0408099 0.0821647 0.0420583 
-0.019395 0.0759876 0.0303947 
0.00603984 0.113683 -0.00954711 
0.0427127 0.149285 -0.0339903 
-0.034424 0.0901267 0.0359762 
-0.000650815 0.0582772 0.024577 
-0.0440931 0.0611523 0.0609901 
-0.0166294 0.111732 0.00660378 
0.0432854 0.0881106 0.0131294 
0.0453518 0.0538913 0.0113893 
-0.0347976 0.14317 0.016187 
-0.0283401 0.141523 -0.0111848 
0.0417752 0.0800825 0.0125775 
-0.0287537 0.0530268 0.049517 
-0.000476541 0.0620028 0.0235707 
-0.0211091 0.0706305 0.0381253 
-0.0279836 0.173885 0.0107813 
0.0770384 0.0770718 -0.00566601 
0.0168004 0.129801 -0.0138813 
0.0726032 0.0771501 -0.00304711 
-0.0360951 0.0822195 0.040502 
-0.0264231 0.0771865 0.0366859 
0.045428 0.0531006 -0.00162885 
0.0737616 0.0946526 -0.0122571 
-0.0420597 0.0973958 0.0251813 
0.0415202 0.0828279 -0.0239051 
-0.0408452 0.0595424 0.0604251 
0.0475181 0.0708985 0.000461891 
-0.017069 0.0739795 0.0271476 
0.000290392 0.0909827 -0.00850008 
-0.0428692 0.0634181 0.061576 
-0.0179265 0.113817 0.005441 
-0.0236614 0.0919606 0.0175657 
0.0293162 0.0736788 0.00538288 
-0.0310921 0.146179 0.0110487 
0.038673 0.128081 -0.0172996 
-0.0249755 0.062792 0.0388919 
0.0354607 0.123775 -0.0167931 
-0.0527636 0.12587 0.0274272 
0.0679945 0.0809372 -0.00296472 
-0.00900017 0.087063 0.0152755 
0.081587 0.0740143 -0.0147073 
0.0492617 0.105948 0.000110318 
-0.0107404 0.0818932 0.0205758 
0.0820519 0.140232 -0.04393 
0.0674031 0.114372 -0.0272871 
0.0569522 0.0760046 -0.00121818 
0.0236017 0.136961 -0.0125687 
-0.0366967 0.158113 0.0197282 
0.0775399 0.0844723 -0.00828912 
-0.0716831 0.0767664 0.0446698 
-0.0469761 0.166793 0.0303784 
-0.0511078 0.0741202 0.0474397 
-0.0346798 0.0523918 0.0252286 
0.00931936 0.14359 -0.00693304 
0.0427301 0.0766564 0.0135424 
-0.000882027 0.0872855 -0.00906941 
-0.0209373 0.101757 0.00992216 
0.0767325 0.0636764 -0.0142151 
0.0453213 0.0717767 0.00999349 
-0.0102133 0.0972574 0.0106849 
-0.0306784 0.135 -0.00428603 
-0.0712383 0.0726987 0.0442914 
-0.047187 0.0548117 0.0574654 
-0.0316492 0.148093 0.0142089 
0.0632938 0.061992 0.00101795 
0.0514141 0.0619327 0.0029396 
0.0224212 0.0756762 0.00406965 
0.0286066 0.143319 -0.0141253 
-0.00539032 0.0725665 -0.00144301 
0.0449024 0.0551149 -5.38123e-05 
0.0494835 0.138293 -0.0314976 
-0.0714812 0.164099 0.0471436 
-0.00504849 0.0739775 0.0165218 
0.0476691 0.0732632 0.00776343 
-0.0323408 0.0869646 0.0370801 
-0.0410551 0.0872608 0.0418255 
0.0258349 0.0574727 0.0165278 
-0.00208222 0.0628073 0.0260079 
-0.0133817 0.0739716 0.0204989 
0.0113332 0.155989 -0.0167483 
0.0678719 0.0619543 -0.00113642 
0.063364 0.0533372 -0.0283582 
0.0415804 0.112974 -0.000338123 
0.0404849 0.0769813 0.0128127 
0.0485033 0.0540809 -0.000608162 
0.0476851 0.143602 -0.0359157 
0.0145613 0.0639499 0.0128534 
0.0424354 0.0625892 0.00397703 
-0.030342 0.0727088 0.0498615 
-0.0128717 0.0649968 0.0328237 
-0.0147511 0.119453 0.00383551 
0.0217042 0.0618803 0.020036 
0.0440546 0.0591576 0.00182229 
-0.00669574 0.0693212 -0.000613833 
0.018424 0.133142 -0.0118327 
0.0682612 0.0584075 -0.0329404 
-0.0302331 0.138055 0.00710837 
-0.0483334 0.0550726 0.057706 
0.0369959 0.150853 -0.0240876 
-0.0272923 0.0671918 0.0468106 
-0.0322254 0.137843 0.0108233 
-0.0030819 0.0821137 -0.00837394 
0.0328564 0.0821418 0.00673453 
-0.0684198 0.0976197 0.0427063 
-0.0459305 0.0820479 0.0429644 
0.0494796 0.078557 0.0108484 
0.0471209 0.0621742 0.00254009 
-0.0401929 0.0534703 0.0554937 
0.0523838 0.0717596 0.000913723 
-0.020769 0.138407 -0.00991117 
0.0439211 0.0688385 0.00107213 
0.0475265 0.075107 0.0105108 
0.00735531 0.115987 -0.0174088 
-0.0401566 0.0951554 0.010534 
-0.0153124 0.0619331 0.0366916 
0.0372305 0.153832 -0.0330333 
0.050413 0.136659 -0.0346692 
0.0357257 0.0614939 0.0107561 
-0.0794524 0.18234 0.0407066 
0.000564589 0.097671 -0.000150175 
0.0248724 0.126951 -0.0195448 
-0.0202837 0.0619056 0.0381003 
-0.0108779 0.0843625 0.0192794 
0.0288115 0.0605049 0.0138583 
-0.0622022 0.114268 0.0359306 
-0.0264757 0.0748491 0.0431282 
-0.0260859 0.0625433 0.0473957 
-0.0711523 0.147103 0.0522294 
0.0730121 0.0591138 -0.0101882 
0.059451 0.124256 -0.0339913 
-0.0112006 0.0618695 0.0337746 
-0.0660135 0.113041 0.0364438 
-0.0244587 0.0598268 0.0473174 
0.032702 0.124632 -0.0173575 
0.046504 0.127892 -0.0216937 
-0.00557889 0.0920657 0.00852092 
-0.0309348 0.0618786 0.0528936 
-0.0178472 0.0721165 0.0313259 
-0.0332944 0.0919852 0.021679 
0.0724298 0.0583838 -0.0124974 
0.0550562 0.0876496 0.00639543 
0.0818555 0.0867966 -0.0147087 
0.0428888 0.102769 -0.0222056 
-0.00230501 0.0828739 -0.00465409 
-0.01982 0.0963548 0.0135019 
0.0498171 0.0770121 0.00821706 
0.0269347 0.063806 0.0140332 
0.0258406 0.123986 -0.0204986 
-0.0427084 0.0972204 0.0136178 
-0.0361663 0.13794 0.0153355 
0.0749592 0.0612112 -0.0132156 
-0.00889095 0.0639655 0.0279756 
-0.0395561 0.173763 0.0200566 
0.0404946 0.154988 -0.0369911 
-0.0280776 0.139239 -0.010972 
0.0626507 0.0582343 -0.000562561 
0.0447171 0.0539627 0.0125353 
0.0521611 0.0568637 0.00112116 
0.0213153 0.072145 0.00340761 
0.0581759 0.0583301 0.00117595 
0.0334349 0.0853458 0.00644829 
0.0772719 0.0720713 -0.00536281 
-0.0119801 0.0869498 0.0177772 
-0.0269538 0.0840594 0.0315613 
-0.013015 0.0671249 0.0291771 
0.0204408 0.0637076 0.00418785 
0.0403184 0.147549 -0.0239454 
-0.00634778 0.0531526 0.0318235 
-0.0322921 0.0885999 0.0328882 
-0.0791159 0.178633 0.0519789 
-0.0152229 0.173652 -0.0016874 
0.0661453 0.0587079 -0.00240127 
0.0517615 0.116313 -0.0304255 
0.055041 0.0589098 0.00223684 
0.0638752 0.054996 -0.0278189 
-0.0704238 0.148654 0.0496437 
-0.00812135 0.0870763 0.0117735 
0.0340889 0.065536 0.0105802 
-0.0501862 0.1383 0.0191 
-0.00309375 0.0612665 0.0284742 
-0.0346753 0.179417 -0.0054516 
0.00324773 0.102472 -0.0114529 
-0.0538061 0.102646 0.0377647 
0.0805967 0.0983954 -0.0275439 
-0.0222543 0.0772847 0.0334817 
-0.0166323 0.152557 0.000423171 
0.0182899 0.0647292 0.0207284 
0.0670436 0.123395 -0.039417 
-0.024196 0.0580619 0.0475199 
0.0702547 0.0578759 -0.0078142 
-0.0324173 0.0554477 0.0271419 
-0.0194041 0.153381 0.00286829 
0.0584778 0.0618615 0.00244339 
0.0272174 0.076675 0.00550908 
-0.0532256 0.0872118 0.0428278 
0.0789046 0.14336 -0.039165 
-0.0279427 0.0720025 0.0465191 
0.0138845 0.0596384 0.0221898 
0.0440106 0.0571944 0.0112459 
0.0675994 0.0772203 -0.00134372 
-0.00775917 0.0822945 0.0157737 
0.0471408 0.118024 -0.0217944 
0.0683588 0.0721076 -0.000274691 
-0.0695392 0.143005 0.053288 
0.0533436 0.083812 0.00878655 
-0.0166852 0.107243 0.00838251 
0.065444 0.108413 -0.0229312 
0.0648484 0.0538945 -0.0296239 
-0.00880035 0.132449 -0.000179263 
0.0194921 0.136993 -0.0108686 
0.040651 0.0623821 0.00760664 
0.0143692 0.0538759 0.0219035 
-0.0670771 0.177008 0.0284267 
0.0274724 0.129253 -0.017696 
-0.0252883 0.0717109 0.0430377 
-0.00267138 0.0923867 0.00564197 
0.067412 0.128185 -0.0394899 
-0.0790062 0.144217 0.0596937 
0.0721643 0.082025 -0.00433984 
0.082671 0.137726 -0.042936 
-0.0261746 0.0751196 0.0413892 
0.0689183 0.0558213 -0.0112031 
0.0524497 0.113346 -0.0331223 
-0.0374357 0.0725711 0.0585891 
0.0463805 0.138156 -0.0244603 
0.0688727 0.138667 -0.0368764 
0.0698151 0.0938433 -0.0109602 
-0.00514255 0.076628 0.00498758 
-0.0275008 0.148192 0.0111512 
0.0688359 0.0607375 -0.0325981 
0.00145509 0.0943274 -0.00741053 
-0.0462327 0.0915275 0.0417935 
-0.0258858 0.184234 -0.0136657 
0.0431634 0.0542943 0.0129592 
0.0797307 0.0876115 -0.0119105 
-0.0223627 0.0795758 0.0272651 
0.0505823 0.128222 -0.027117 
0.0297574 0.0850886 0.00464478 
-0.0331635 0.0747293 0.0518604 
0.0691581 0.143274 -0.0364044 
-0.00650062 0.0717078 0.00434594 
0.0383086 0.11848 -0.00411414 
-0.00441874 0.0789317 -0.00848213 
0.0477253 0.0875533 0.0147583 
-0.0241842 0.0577594 0.0481868 
0.00698933 0.16194 -0.0243279 
0.0412542 0.0531037 -0.00199565 
0.0669925 0.0548367 -0.00909991 
-0.070146 0.160602 0.0458443 
0.0542457 0.0877072 0.00914281 
-0.0148583 0.071965 0.0255487 
-0.0246167 0.0670086 0.0411337 
0.0255844 0.0616741 0.0164759 
0.0561318 0.0735295 0.000339216 
-0.0695708 0.0765842 0.0450812 
-0.0407085 0.0942249 0.0136436 
0.0462914 0.0773446 0.0128258 
0.066387 0.145065 -0.0371211 
0.0526051 0.118078 -0.0331498 
0.0684976 0.060027 -0.0302726 
0.0551507 0.0697004 0.00201235 
0.0304803 0.05594 0.0121807 
-0.0700065 0.173702 0.0410783 
0.0594994 0.134454 -0.0374698 
-0.00122074 0.0924394 0.00271003 
0.0746493 0.0922352 -0.0108303 
-0.0442003 0.0568809 0.0589859 
-0.0298073 0.0899572 0.0224097 
-0.0152285 0.0535747 0.0342945 
0.0516382 0.12885 -0.0305969 
-0.00374941 0.0535461 0.0267393 
-0.0240369 0.0808762 0.0325617 
0.0826226 0.0883161 -0.0244139 
-0.0363869 0.0873303 0.0398911 
0.0654414 0.0534624 -0.00966265 
0.080632 0.0723562 -0.0116251 
0.0416703 0.0595874 0.00817575 
-0.0391693 0.056536 0.0583532 
0.0471782 0.0671808 0.00204659 
0.0543052 0.0975607 0.00541739 
-0.0464161 0.0785708 0.0434381 
-0.0443596 0.107679 0.0284808 
-0.0664733 0.158312 0.00979749 
-0.0177812 0.143208 -0.0109422 
0.0200882 0.0662826 0.00257013 
0.0647095 0.1248 -0.0361326 
-0.0423227 0.0969014 0.0293342 
-0.0359524 0.0527185 0.0519994 
-0.0283286 0.0637184 0.0396723 
0.0110125 0.121705 -0.0200162 
0.0824868 0.0876275 -0.0182267 
-0.0492771 0.129227 0.024452 
0.0455275 0.0724329 -0.000929135 
0.0563578 0.0531732 -0.00232885 
-0.0551357 0.166536 0.0392303 
-0.0779692 0.158025 0.0201027 
-0.00423212 0.053447 0.028991 
-0.0286474 0.06953 0.0496416 
0.0288075 0.13865 -0.0141427 
0.0472718 0.0574378 0.00141734 
0.0411829 0.0568662 0.000464001 
0.0354243 0.0571277 0.0109708 
-0.0375822 0.0933418 0.0237599 
-0.0246676 0.122918 -0.00446666 
-0.0665025 0.0820357 0.0452683 
0.0432389 0.128098 -0.0193034 
0.0821318 0.0917359 -0.0256093 
0.0492861 0.104942 0.00342097 
0.0445477 0.0556834 0.0124952 
-0.0331519 0.052954 0.0248171 
0.0330005 0.0562139 0.0110966 
0.0234908 0.0637147 0.00381619 
0.00272021 0.101929 -0.0149582 
0.0526284 0.122703 -0.033623 
0.0290639 0.0575114 0.0137421 
-0.040251 0.0790771 0.0422745 
0.0349261 0.128549 -0.0166168 
0.0517535 0.0534724 -0.00130655 
-0.0456062 0.188486 0.00360928 
0.0425408 0.116177 -0.00333112 
-0.0618523 0.0817413 0.044976 
-0.01992 0.066945 0.0390041 
-0.0323851 0.12907 0.00313646 
-0.00546057 0.082178 0.00873675 
-0.032614 0.0544366 0.0510914 
0.0654309 0.13956 -0.0357609 
-0.0372833 0.0584893 0.0589458 
-0.0516484 0.169876 0.0306013 
-0.0671673 0.147977 0.0464805 
-0.00160729 0.056142 0.0259833 
-0.00477083 0.0732299 0.0160817 
-0.0440206 0.095681 0.0360532 
0.0403776 0.0573986 0.0117985 
-0.0579957 0.0968905 0.0412762 
-0.0295984 0.053765 0.0501705 
-0.0200099 0.157138 0.000919972 
0.0430842 0.0553646 0.012899 
0.0548184 0.133116 -0.0396034 
-0.0322282 0.142754 0.0106714 
-0.0321955 0.0530937 0.0503893 
-0.0187721 0.0695023 0.0353527 
0.0816309 0.0940708 -0.0264892 
0.0460298 0.150302 -0.0390673 
-0.038702 0.093815 0.0103723 
-0.0155399 0.0569085 0.0358303 
0.0665202 0.0538413 -0.0121045 
-0.0348041 0.126458 0.0129702 
0.0795977 0.0726249 -0.00812356 
0.000655006 0.0927081 -0.0108252 
0.047256 0.10556 0.00621604 
-0.0293796 0.137781 0.0029568 
0.042128 0.0542391 0.0128036 
0.016731 0.0568709 0.021956 
0.044601 0.0973419 -0.0284261 
0.0753088 0.0623723 -0.00954088 
0.0756958 0.0877417 -0.0085756 
0.0510293 0.0976694 0.0113578 
0.0198099 0.064699 0.0196205 
0.0748852 0.0636541 -0.00609562 
0.0629225 0.0762968 -0.000571832 
-0.0253843 0.083138 0.0249847 
-0.0258256 0.0569154 0.0504495 
-0.0160649 0.144055 -0.0122257 
-0.00619063 0.0772729 0.00862848 
-0.0258959 0.147968 0.00870958 
0.0688693 0.0608483 -0.0313447 
-0.0867477 0.157253 0.053166 
-0.0207056 0.0776029 0.0228732 
0.00585936 0.112925 -0.017936 
-0.0386205 0.0666925 0.0604995 
0.04561 0.144145 -0.0288588 
-0.0418411 0.110987 0.0098349 
-0.0309202 0.133446 0.00691066 
0.0732451 0.0975461 -0.0141125 
0.00737738 0.15894 -0.0233437 
-0.0277716 0.0537935 0.0496331 
0.00147175 0.127912 -0.000235366 
0.0439495 0.0780972 -0.0154909 
-0.00747565 0.127251 0.00206104 
0.0746368 0.0856075 -0.00665734 
-0.00320086 0.0877673 0.00576159 
0.03649 0.148481 -0.0211544 
-0.0280561 0.0666647 0.0419848 
-0.0291079 0.0855625 0.0343417 
-0.0107722 0.0642994 0.0294581 
0.0405335 0.0716877 0.0123219 
-0.00648629 0.0698162 0.000921223 
0.0398302 0.0667775 0.0106064 
-0.0346076 0.0567653 0.0558004 
-0.052814 0.134799 0.0202579 
-0.0418728 0.0962168 0.0189475 
0.0514701 0.0676968 0.002376 
-0.0666016 0.072772 0.044893 
-0.0355546 0.0972812 0.00498398 
-0.0667787 0.077164 0.0451503 
-0.0416886 0.0918897 0.040342 
-0.00668302 0.109522 0.0064368 
0.049789 0.0740512 -0.00173425 
-0.0149298 0.142425 -0.0114982 
-0.0319115 0.0764896 0.0492784 
-0.0147462 0.122637 0.00213219 
0.0429614 0.065805 0.00476675 
0.00185771 0.117894 0.000502985 
-0.0765898 0.182097 0.0392768 
-0.0234161 0.163524 0.00654783 
0.0805743 0.0707376 -0.0155095 
-0.0168243 0.0685338 0.031932 
0.00721111 0.120999 -0.00537336 
-0.0352448 0.158337 0.0171104 
0.0762727 0.0821652 -0.00658464 
0.040301 0.0616872 0.00168729 
-0.0400873 0.052389 0.0542252 
0.0537044 0.123963 -0.0368203 
-0.0341561 0.18245 0.0176036 
-0.0353215 0.0618868 0.0583121 
0.0363591 0.0666652 0.0112754 
-0.0492738 0.136535 0.0201571 
0.076456 0.067311 -0.00585671 
-0.0335049 0.0618381 0.0565776 
0.0686902 0.111877 -0.0250638 
-0.0178617 0.141409 -0.010502 
0.0773877 0.0659563 -0.00884579 
0.0457608 0.132164 -0.0216459 
-0.0833033 0.156619 0.0503445 
-0.00294678 0.107084 0.00516661 
-0.019803 0.0581026 0.036496 
-0.0699559 0.174358 0.0379898 
0.0264239 0.0724983 0.00483529 
0.0802661 0.0965157 -0.0192148 
0.0171927 0.064831 0.0113054 
0.0487884 0.137334 -0.0278627 
-0.0383273 0.117089 0.00691305 
0.0788998 0.0677309 -0.0114571 
-0.066586 0.159614 0.0111862 
-0.0440203 0.102542 0.0136707 
-0.0320968 0.124575 -0.00518948 
-0.0622733 0.072934 0.0448989 
-0.0436949 0.12721 0.0235349 
0.0153009 0.0654579 0.00421777 
-0.0295224 0.136643 -0.000772833 
0.0158079 0.0639636 0.0047101 
-0.0497571 0.0906298 0.0422804 
0.0401947 0.108603 -0.0179927 
0.0694791 0.117821 -0.0348815 
0.0129631 0.0535441 0.0223012 
-0.00794242 0.0672364 0.000430915 
-0.0436297 0.175345 0.0221853 
-0.00786259 0.123051 0.00340449 
-0.0570605 0.0867503 0.0435269 
-0.0389697 0.122522 0.0193305 
-0.0635545 0.111178 0.0375478 
0.0632023 0.128117 -0.0369226 
0.058639 0.0714693 0.00154688 
-0.0507094 0.0768432 0.0451828 
-0.0227052 0.0869884 0.0206 
-0.0234162 0.0952397 0.0145211 
0.0323906 0.0786878 0.0066825 
-0.0472142 0.112113 0.030364 
-0.00781104 0.0679153 0.00353865 
0.0533538 0.128249 -0.0370218 
-0.0477066 0.0937525 0.0405878 
-0.0498812 0.141398 0.0175266 
-0.0237941 0.0721334 0.0408537 
0.0711712 0.115564 -0.0377201 
-0.0761041 0.143667 0.0597509 
0.0421813 0.0843135 -0.0261227 
-0.00324243 0.0709055 0.0187851 
-0.0630911 0.147396 0.0434471 
-0.00646062 0.0614256 0.0314894 
0.0380321 0.122738 -0.00596459 
-0.0479482 0.057621 0.0588485 
-0.0621909 0.168176 0.0451715 
0.0111123 0.141371 -0.00666566 
-0.0403212 0.13788 0.018224 
-0.0361875 0.165132 0.0196592 
0.0633248 0.0721286 0.000968188 
0.0290677 0.116965 -0.0179121 
-0.0104082 0.0772911 0.0215428 
-0.0819378 0.159847 0.0299223 
0.0804291 0.141397 -0.0435046 
0.0422162 0.066907 0.00152665 
-0.0642214 0.0982335 0.0423984 
-0.0173979 0.0769885 0.0207194 
-0.0694522 0.0725597 0.0444468 
-0.0367082 0.0915326 0.0269688 
-0.0199843 0.133839 -0.00808342 
-0.0397547 0.0780048 0.0457808 
-0.0147153 0.0708286 0.0281543 
-0.0659321 0.178659 0.0273587 
-0.00743933 0.0715772 0.0267544 
0.0314283 0.131582 -0.0161469 
0.0261078 0.0694622 0.00383916 
-0.0461366 0.0871167 0.0428133 
0.00195699 0.112613 0.000359518 
0.0695244 0.116267 -0.0314388 
0.0434414 0.070261 0.0010252 
-0.0107479 0.0568591 0.0346378 
-0.0520233 0.181604 0.0164532 
-0.0670091 0.109556 0.0380969 
0.0237187 0.0709564 0.00404486 
0.0812834 0.0728759 -0.0166945 
0.0760643 0.100635 -0.0178707 
-0.0172425 0.0733826 0.0207492 
-0.00538386 0.0729447 0.00138385 
-0.0158043 0.152751 -0.00108082 
0.052013 0.108259 -0.0325505 
-0.0359698 0.0651767 0.0584618 
-0.072298 0.139435 0.0133845 
-0.00263051 0.0697692 0.0217174 
0.0428752 0.0740537 0.0131027 
-0.0216398 0.0892324 0.0186288 
0.00973635 0.121021 -0.0122434 
-0.0377266 0.0748481 0.0579837 
-0.0431996 0.107032 0.0203293 
0.0169921 0.0614401 0.0214323 
0.0771182 0.0643339 -0.0126409 
0.0479257 0.0979064 -0.0302364 
-0.0568197 0.10032 0.0398273 
0.00819264 0.124205 -0.00515881 
-0.0220911 0.0984278 0.0117505 
0.0782994 0.135154 -0.0416343 
0.00175047 0.097973 -0.0144615 
0.0401754 0.0993441 0.00775167 
0.0520951 0.0995061 0.00846978 
-0.0441173 0.076879 0.0462317 
-0.0461516 0.10758 0.0305245 
0.0538672 0.099587 0.00190316 
-0.0481849 0.139841 0.0184293 
0.0682611 0.098982 -0.0152573 
-0.0471336 0.0990994 0.0351545 
-0.0638642 0.159438 0.00910969 
0.0495922 0.107636 -0.0306047 
0.0413287 0.100106 0.00767531 
0.0447531 0.103299 0.00801315 
-0.042195 0.0985163 0.00996607 
0.0496148 0.101149 0.0106723 
-0.0681571 0.106156 0.0397853 
0.0497524 0.102954 0.0075896 
-0.0541687 0.100338 0.0388044 
-0.0280787 0.0766473 0.0429897 
-0.0381221 0.119196 0.0154997 
-0.0500708 0.0998481 0.0367966 
0.0500141 0.113026 -0.0270985 
-0.0494091 0.102259 0.0352587 
-0.028159 0.113088 -0.00110152 
-0.0407953 0.159681 0.0208193 
0.0417279 0.103072 0.00672013 
-0.0432611 0.122413 0.0245346 
0.0435093 0.0995294 -0.025984 
0.0681016 0.102466 -0.0177306 
-0.0148863 0.101361 0.0106636 
-0.0308953 0.128444 -0.00629435 
-0.00170599 0.147451 -0.00927469 
0.0729214 0.100707 -0.0165199 
-0.0540856 0.0737586 0.047925 
0.0786864 0.102372 -0.0234857 
0.0413626 0.116657 -0.00233597 
-0.0724028 0.10019 0.0412745 
0.0799271 0.0773106 -0.00821806 
0.0739157 0.143469 -0.037709 
-0.0685874 0.102214 0.0411892 
-0.0306879 0.106991 0.000816319 
-0.00681842 0.130491 0.00117555 
-0.04363 0.101054 0.028933 
-0.0225954 0.109275 0.00437642 
-0.00293093 0.12308 0.00224281 
-0.0282604 0.14802 -0.0114466 
0.0570516 0.0560601 -0.000269013 
-0.0208147 0.10597 0.00787747 
-0.0437778 0.0996361 0.0167377 
0.0629005 0.116513 -0.0289137 
-0.0802483 0.180948 0.0494454 
0.0665232 0.056616 -0.00503892 
-0.0108597 0.102404 0.00948875 
-0.0061049 0.102412 0.00749786 
-0.00309877 0.10212 0.0053574 
-0.00107286 0.102297 0.00370507 
-0.0197394 0.158405 0.00366034 
0.0741246 0.108628 -0.0254028 
0.00117032 0.102505 0.000140199 
-0.0715713 0.168 0.0487234 
0.0789609 0.102936 -0.0276881 
-0.028903 0.108523 -0.000167056 
-0.0426338 0.102284 0.00997203 
-0.0347284 0.100736 0.00310539 
-0.00822693 0.0811104 0.0192566 
0.0398594 0.101931 0.00677148 
-0.0317017 0.102795 0.00239368 
0.0648616 0.143545 -0.0352314 
-0.017016 0.102812 0.010137 
-0.0637276 0.160215 0.00922339 
0.00220995 0.101888 -0.0036036 
0.00301168 0.102821 -0.00642841 
0.0721274 0.128234 -0.0416568 
0.0451271 0.103213 -0.0254494 
-0.0445269 0.0979187 0.0326459 
0.00560414 0.137725 -0.00386054 
0.048878 0.102788 -0.0307345 
-0.0722322 0.101648 0.0407558 
0.0619336 0.0559333 -0.00221864 
0.0386549 0.12317 -0.0172717 
-0.0235925 0.18548 -0.0164084 
-0.0467733 0.169068 0.0284622 
-0.0713283 0.103483 0.0399935 
-0.035004 0.102098 0.00224263 
0.0332138 0.14295 -0.0160331 
0.043057 0.107085 0.00349859 
0.0454144 0.105753 0.00709455 
0.0779723 0.104496 -0.0307753 
0.0383898 0.133034 -0.017369 
-0.0642898 0.107111 0.0393016 
-0.050086 0.107046 0.0339947 
0.0340449 0.15161 -0.0221066 
-0.0419038 0.104175 0.00719723 
-0.0597908 0.111917 0.0366982 
-0.00129101 0.0663615 0.0220871 
-0.0677143 0.143266 0.0500333 
-0.0307319 0.108377 0.000359404 
-0.0708152 0.107701 0.0380323 
-0.0435017 0.107607 0.0255829 
0.0514728 0.10447 -0.0322984 
-0.00998098 0.105952 0.00847023 
-0.00629636 0.107011 0.00691655 
-0.00125564 0.107972 0.00376753 
-0.0357743 0.0787373 0.0406601 
-0.0350906 0.143465 0.0196409 
0.0793005 0.0934358 -0.0151102 
0.0509776 0.112581 -0.0308805 
0.00172885 0.107357 0.000109388 
-0.0762405 0.175661 0.0450211 
0.00277898 0.10506 -0.00321096 
-0.073023 0.0918767 0.0432371 
0.0393603 0.0616839 0.00977902 
0.0412391 0.108604 0.000981364 
0.0438991 0.106643 -0.0213429 
0.067362 0.105901 -0.0198915 
0.0513657 0.103236 0.00159339 
-0.0690387 0.14002 0.0535949 
-0.0570206 0.122162 0.0306423 
-0.00736265 0.117869 0.00477567 
0.0397971 0.14044 -0.019407 
-0.0418761 0.144405 0.0262361 
0.0496815 0.0752036 -0.00349659 
0.0609903 0.122303 -0.0326439 
-0.0436365 0.143961 0.0288672 
-0.0433113 0.107374 0.0139537 
-0.042571 0.107449 0.00986076 
-0.0435703 0.102376 0.0256092 
-0.0244898 0.120139 -0.0032736 
-0.0410282 0.108004 0.00688509 
0.00396929 0.107676 -0.00653373 
0.0124859 0.162276 -0.0264162 
0.00442626 0.107171 -0.0110108 
-0.0174233 0.124959 -0.000132572 
0.0433089 0.0678173 0.00856348 
0.00416457 0.107604 -0.0164744 
0.0464579 0.109127 -0.00115696 
0.0465129 0.107664 -0.0244436 
-0.016237 0.0664991 0.0356307 
0.00592069 0.12311 -0.00287631 
-0.0735034 0.179074 0.0355313 
0.0239482 0.0779134 0.00420362 
0.0693817 0.108901 -0.0228541 
-0.0223341 0.191802 -0.0175243 
0.00471245 0.108412 -0.0133393 
0.0330423 0.0617932 0.0109358 
0.0742333 0.106443 -0.0224911 
0.048685 0.108931 -0.0278192 
-0.0617798 0.076619 0.0450037 
-0.0427838 0.108557 0.0179368 
-0.0438914 0.102616 0.0166557 
-0.0184347 0.11724 0.00326113 
0.0433503 0.123219 -0.0192201 
-0.00439192 0.0730451 0.0200355 
0.0760191 0.108282 -0.0314315 
-0.0550187 0.112209 0.0353004 
-0.0505745 0.112158 0.0329261 
-0.0623934 0.0963002 0.0427941 
-0.0456262 0.10251 0.0314649 
-0.0392783 0.127657 0.0198165 
-0.0692103 0.11246 0.0361798 
0.0524389 0.101539 0.00476379 
-0.0452961 0.11282 0.0286753 
-0.0431483 0.112787 0.0251693 
-0.0422111 0.111441 0.0214843 
-0.0312085 0.132593 -0.00230748 
0.0219447 0.0577301 0.0206547 
-0.0413462 0.112777 0.0186986 
0.0248674 0.0630141 0.00746626 
0.00597887 0.127909 -0.00270169 
-0.041238 0.112172 0.013694 
-0.0393331 0.109598 0.00412989 
-0.0319239 0.071394 0.0516389 
-0.0613079 0.117469 0.0339774 
0.0418001 0.0986788 0.008041 
-0.00213853 0.112684 0.00388527 
-0.0597896 0.172914 0.0322478 
0.00411959 0.112976 -0.00282211 
0.0362336 0.111515 -0.00288405 
-0.040939 0.171795 0.0215423 
0.0397452 0.112928 -0.0175008 
-0.0400589 0.113986 0.0110294 
-0.0608708 0.121137 0.0315659 
0.0431644 0.112746 -0.0194136 
-0.0664346 0.152068 0.0352816 
0.0430917 0.138957 -0.0212888 
0.0185778 0.148617 -0.0116875 
-0.00717774 0.0730336 0.00819923 
0.0462111 0.113192 -0.0215615 
0.0477952 0.112194 -0.0236714 
0.0542751 0.066399 0.00295123 
-0.0410707 0.071501 0.064665 
0.0632565 0.113055 -0.0266406 
-0.00572684 0.0748977 0.0146699 
0.0655303 0.111195 -0.0243783 
0.0720386 0.111452 -0.0268486 
-0.0740723 0.175328 0.0431059 
0.071951 0.113319 -0.030045 
-0.00261385 0.117847 0.00317471 
-0.0501381 0.143684 0.0345502 
0.0487076 0.147254 -0.0393952 
0.0742358 0.111617 -0.0325459 
-0.0520348 0.178014 0.0257467 
-0.0469269 0.153295 0.0282944 
0.0731223 0.112909 -0.0354768 
0.037953 0.144107 -0.0194259 
-0.0399059 0.112619 0.00653752 
-0.0490264 0.176736 0.0254619 
-0.0532506 0.08153 0.0430337 
0.0172414 0.124777 -0.0234876 
-0.0027419 0.0814067 -0.00216712 
0.0242686 0.142805 -0.0123963 
-0.0388432 0.111836 0.00352307 
-0.0487296 0.178456 0.0239542 
0.0226645 0.124601 -0.0210376 
0.00615413 0.112898 -0.0127919 
0.0437172 0.114489 -0.00488172 
-0.0294276 0.143085 0.00718224 
-0.0382419 0.114431 0.00239731 
-0.0747502 0.145976 0.0586565 
0.0718932 0.114702 -0.0344039 
-0.0512706 0.116334 0.0320115 
-0.0623851 0.153923 0.0300646 
0.0237943 0.0677215 0.00296347 
0.078115 0.138294 -0.040696 
0.0467799 0.0943328 -0.0300986 
0.0422448 0.118123 -0.00521834 
0.0459896 0.102037 -0.0285951 
-0.0657103 0.116806 0.0339907 
-0.00818733 0.139337 -0.0047051 
-0.0409792 0.118115 0.0220125 
0.0428415 0.132986 -0.0196756 
0.03027 0.134892 -0.0150587 
-0.0191815 0.13741 -0.00937954 
-0.039574 0.115519 0.0148394 
-0.0640866 0.171273 0.0396252 
0.0276714 0.133115 -0.01562 
-0.0286471 0.0761956 0.0460198 
-0.0382037 0.117622 0.0120385 
0.0391371 0.118168 -0.017217 
-0.0436042 0.102226 0.0200042 
-0.0156317 0.115842 0.00540537 
-0.0582318 0.167324 0.042048 
0.00512951 0.118016 -0.00286198 
0.0073948 0.118034 -0.00886164 
0.037023 0.142239 -0.0177944 
-0.0119707 0.107975 0.00807073 
0.0062474 0.114781 -0.0213924 
-0.0322828 0.132761 0.0103383 
0.0432374 0.117961 -0.0191278 
0.0489858 0.117685 -0.0236316 
0.0666027 0.116949 -0.0294294 
0.0229544 0.133174 -0.0141972 
-0.00630725 0.0774784 0.0152889 
-0.056435 0.118275 0.0329571 
-0.0508381 0.118678 0.031 
-0.0363968 0.117794 0.00151178 
0.0221104 0.0635585 0.00957716 
-0.0275033 0.118019 -0.00237449 
0.00871335 0.118283 -0.0195835 
0.0683931 0.0671632 -7.88176e-05 
0.0789286 0.0672171 -0.015007 
0.00680637 0.115539 -0.0216074 
-0.0340587 0.137774 0.0130902 
-0.0373819 0.118777 0.00432207 
-0.0583643 0.126966 0.0267169 
-0.0429376 0.11764 0.024901 
0.0657509 0.119394 -0.0315965 
0.0686752 0.119223 -0.0384107 
-0.056129 0.125255 0.0283821 
-0.0309096 0.0779546 0.0387718 
0.00917378 0.119199 -0.0155505 
-0.05199 0.122334 0.0296346 
-0.039712 0.117667 0.0187148 
-0.0345483 0.119786 -0.00190728 
-0.065521 0.120656 0.0308026 
-0.0368169 0.123161 0.0157885 
-0.0359286 0.122217 0.0120739 
-0.0354481 0.122439 0.0052013 
-0.0527623 0.0921716 0.0413736 
0.0177681 0.0638776 0.011296 
0.0522464 0.128023 -0.0335292 
-0.0881211 0.140651 0.0342427 
0.00177833 0.123056 0.000218617 
-0.0538193 0.1553 0.0323483 
0.00909582 0.122832 -0.00844943 
0.0114696 0.122823 -0.014978 
0.0826604 0.0879544 -0.0227839 
-0.0480014 0.126747 0.0258038 
-0.0322722 0.144406 0.0141507 
0.0488841 0.123278 -0.0235189 
0.0509084 0.123072 -0.0269127 
-0.0869484 0.163635 0.034855 
-0.00360505 0.0837026 0.00577406 
0.064325 0.122631 -0.0339253 
-0.0351632 0.122356 0.00089271 
-0.033455 0.122975 -0.00176481 
0.0519466 0.12333 -0.0304772 
-0.00479367 0.0717041 0.0241379 
0.0767804 0.106953 -0.0277552 
0.0132791 0.123601 -0.0219255 
-0.00838004 0.0669665 0.0271824 
-0.0287544 0.143024 -0.00868399 
-0.060053 0.124442 0.0288058 
0.0380753 0.138205 -0.0176327 
0.0726066 0.12482 -0.042093 
-0.0156633 0.15005 -0.00107585 
-0.0360938 0.127783 0.0159116 
0.0132859 0.128171 -0.010846 
-0.0540429 0.0761039 0.047106 
0.0140733 0.124733 -0.0179445 
0.0745837 0.12488 -0.0435761 
0.0725638 0.133169 -0.040496 
-0.0443024 0.104346 0.0285118 
-0.0410255 0.126582 0.0218375 
-0.0427514 0.188983 0.00151523 
-0.0617274 0.125845 0.0271494 
-0.0540466 0.128266 0.0258092 
-0.0333783 0.127997 0.00983677 
-0.033119 0.127151 0.00498311 
-0.0342659 0.125426 0.00123091 
0.0047941 0.161615 -0.022498 
0.0822626 0.0777552 -0.0142361 
-0.0319139 0.126004 -0.00493893 
-0.0314824 0.125198 -0.00633273 
0.0423691 0.0870057 -0.0262969 
-0.0235345 0.128084 -0.00621953 
-0.0100935 0.12839 0.00127793 
-0.0242475 0.0595456 0.0481412 
-0.00351766 0.127917 0.00123886 
0.0729791 0.0670918 -0.00249731 
0.00931695 0.128397 -0.00535308 
-0.0313425 0.0667274 0.051888 
0.0106738 0.127247 -0.00760082 
0.0210044 0.127812 -0.0183307 
-0.0165834 0.150038 0.000216105 
0.0138067 0.126243 -0.0140414 
-0.0723648 0.097167 0.0421531 
0.00538351 0.110781 -0.00987564 
-0.0846323 0.140619 0.0310074 
0.0183259 0.125619 -0.0219075 
0.0483562 0.128304 -0.0234494 
-0.083261 0.159578 0.0313055 
0.0549552 0.128512 -0.0383879 
-0.00160629 0.068062 0.0201612 
0.0748592 0.109813 -0.0346901 
0.0817566 0.129579 -0.0442916 
-0.0438043 0.1297 0.0226433 
-0.0341771 0.129263 0.013223 
-0.0531174 0.0970506 0.0395948 
-0.0284411 0.142736 0.00354756 
-0.088688 0.139313 0.0338556 
0.0223004 0.130292 -0.0165951 
0.0537881 0.137956 -0.0404923 
-0.0537852 0.131232 0.0232155 
-0.0496127 0.132527 0.0223513 
-0.0444093 0.132653 0.0215965 
-0.0398875 0.132755 0.0193399 
0.0010441 0.132828 -0.00110818 
-0.0358942 0.132637 0.0157524 
0.07631 0.128724 -0.0432336 
-0.0349848 0.07191 0.0556724 
-0.0700918 0.140961 0.0111763 
-0.0337715 0.132652 0.0131572 
-0.0539194 0.143621 0.0375673 
0.0598576 0.127893 -0.0358457 
-0.0033472 0.132001 0.00014562 
0.00563509 0.13276 -0.00298183 
0.0101749 0.132783 -0.00541369 
0.0147667 0.132296 -0.00920405 
0.0474531 0.133238 -0.0235641 
0.0498527 0.13306 -0.0272086 
-0.0556957 0.132216 0.0217542 
-0.0414199 0.114873 0.0221543 
-0.0307613 0.132998 0.00319175 
-0.0300668 0.133002 -0.00719803 
-0.043027 0.0985169 0.0200742 
-0.0230474 0.131831 -0.00750021 
0.0321282 0.127723 -0.017029 
-0.0412363 0.141604 0.0176093 
-0.0118646 0.11264 0.00680996 
0.0136083 0.133856 -0.00748899 
0.0509397 0.133388 -0.031072 
0.0513822 0.133024 -0.0338742 
-0.0761493 0.140462 0.0199969 
0.0815185 0.0948034 -0.0265751 
0.0522737 0.133529 -0.0374573 
0.0629449 0.133082 -0.0371309 
-0.00544628 0.133746 -0.000582697 
-0.0360273 0.0535958 0.0535801 
-0.0239358 0.132899 -0.00823427 
0.0828121 0.135172 -0.0435849 
0.0851996 0.135176 -0.0447668 
-0.0451947 0.137736 0.0194493 
0.0728751 0.0721804 -0.00246783 
-0.00443812 0.137637 -0.00208917 
-0.012373 0.117412 0.00520496 
0.0146178 0.137967 -0.00788813 
0.027469 0.136355 -0.0141581 
-0.0522063 0.18062 0.0176995 
0.0418463 0.137364 -0.0197365 
0.0633021 0.137533 -0.0366966 
0.0678503 0.136442 -0.0373817 
-0.0114335 0.144656 -0.0126018 
-0.0276054 0.146065 0.00372673 
-0.0135156 0.127003 0.000839167 
0.0723763 0.135877 -0.0393933 
-0.0169856 0.125712 -0.000449955 
0.073416 0.138457 -0.0386445 
0.085469 0.137263 -0.0445967 
0.0859454 0.13792 -0.0455044 
-0.0295287 0.138135 -0.00307513 
-0.0291705 0.137994 -0.00819676 
0.0513803 0.138238 -0.0379452 
0.0594843 0.138063 -0.0375442 
-0.0202503 0.077216 0.0268274 
0.0240666 0.139358 -0.0123372 
-0.0553109 0.115852 0.0338556 
-0.0931994 0.138409 0.0365302 
-0.0158687 0.138982 -0.00987768 
-0.0289721 0.139136 -0.000141779 
0.0493479 0.139655 -0.035433 
-0.0852214 0.139514 0.0313563 
-0.0257838 0.0738489 0.036599 
-0.0740955 0.139539 0.0166896 
-0.0345625 0.0670263 0.0560837 
0.0774255 0.133103 -0.0421107 
-0.0705088 0.139826 0.0110551 
-0.0660995 0.0918244 0.0443046 
0.00375892 0.139976 -0.00385107 
-0.0289881 0.168984 0.011269 
-0.0375064 0.0910705 0.0382449 
-0.0736052 0.143028 0.0586407 
-0.0273417 0.168465 0.00905188 
0.0516061 0.0927422 0.0126404 
-0.0721272 0.143261 0.0564486 
-0.0764446 0.139711 0.0204318 
-0.076134 0.139705 0.0200076 
-0.0446243 0.141708 0.0180208 
-0.0660137 0.143374 0.048055 
-0.0318011 0.173513 0.0132303 
-0.0764949 0.140467 0.020392 
-0.0740592 0.140725 0.017169 
-0.0717263 0.140815 0.0133843 
0.0465182 0.0762926 -0.00829662 
-0.0470577 0.142556 0.0176294 
-0.0280117 0.14327 0.000725529 
-0.0283928 0.142873 -0.00344891 
-0.0045634 0.141848 -0.00464802 
-4.674e-05 0.143007 -0.00476125 
0.00467215 0.143281 -0.00552655 
0.0070296 0.14107 -0.00502869 
-0.0113957 0.122087 0.00349252 
0.0150995 0.141942 -0.00832592 
0.0195999 0.142018 -0.0103346 
-0.0748133 0.180973 0.036151 
0.0229732 0.144577 -0.0121942 
-0.0567815 0.17325 0.0314886 
0.00323808 0.104163 -0.0160977 
0.01895 0.144213 -0.0105587 
-0.0108959 0.0529647 0.0338311 
0.0504962 0.142877 -0.0391261 
-0.0582077 0.143555 0.0411943 
-0.0672718 0.141532 0.00744393 
0.0823437 0.144409 -0.0408134 
0.0325033 0.148709 -0.017965 
-0.0556784 0.143735 0.0391423 
-0.0458015 0.143868 0.0312381 
0.0140721 0.144368 -0.00859429 
-0.0811229 0.144588 0.0600916 
0.0166254 0.127238 -0.0165337 
-0.0385848 0.144454 0.0222625 
0.0333673 0.145489 -0.0167822 
0.00395974 0.151701 -0.0116353 
-0.00392437 0.0771167 -0.00270618 
-0.0820901 0.148385 0.059211 
0.0792542 0.0813902 -0.00838692 
-0.0787263 0.148259 0.0580379 
-0.0742766 0.148045 0.0551489 
-0.0806609 0.153604 0.053293 
-0.058723 0.146185 0.0409824 
-0.0568959 0.177666 0.0308841 
-0.0545747 0.14791 0.0369198 
-0.0239682 0.158954 0.00886871 
-0.0503037 0.147908 0.033842 
