-0.0256828 0.193347 -0.0174427 
-0.0286511 0.187099 -0.0138437 
-0.0306321 0.187572 -0.0163753 
-0.0202381 0.183895 -0.000453948 
-0.029559 0.184056 -0.0125332 
-0.0752891 0.182303 0.00522335 
-0.0262318 0.180803 0.000801361 
-0.072644 0.181918 0.00756139 
-0.0739301 0.181296 0.0072256 
-0.0757827 0.181299 0.00522586 
-0.0797026 0.179615 0.0116008 
-0.0866971 0.177512 0.000165294 
-0.0759473 0.177345 0.0189824 
-0.0817643 0.179285 0.00677055 
-0.0638061 0.171662 0.019086 
-0.0656365 0.172257 0.0186477 
-0.0739818 0.173886 0.019208 
-0.0762787 0.17369 0.0155851 
-0.0780212 0.174072 0.0109621 
-0.0725297 0.171677 0.0039196 
-0.079878 0.173904 0.00631484 
-0.072414 0.170979 0.0176534 
-0.0854072 0.170569 -0.00254975 
-0.0692556 0.169923 0.00561697 
-0.0746242 0.170167 0.0154742 
-0.065614 0.167784 0.00410132 
-0.070129 0.169256 0.00276293 
-0.0724788 0.167855 0.0153185 
-0.0662489 0.167134 0.00174977 
-0.0846963 0.168028 -0.0049279 
-0.0644566 0.165997 -0.000310816 
-0.0548289 0.165494 0.0158093 
-0.060144 0.164708 0.0160159 
-0.0456957 0.162753 -0.00715741 
-0.0793496 0.164911 -0.00108663 
0.0435247 0.158907 -0.0190466 
-0.0561095 0.163426 0.0144949 
-0.043545 0.161672 -0.00648271 
-0.044803 0.161438 -0.00966332 
-0.0655593 0.164884 0.0162442 
-0.0695806 0.164595 0.0143879 
-0.078093 0.163993 -0.00526236 
-0.0214622 0.159672 0.00162374 
-0.0749935 0.160764 -0.00223341 
-0.0760593 0.16105 -0.0034815 
0.0371089 0.155735 -0.017457 
-0.019192 0.158538 0.00106816 
-0.0295676 0.158833 0.0041691 
-0.0407078 0.159644 -0.00210442 
-0.0661631 0.165137 -0.00245441 
-0.0437566 0.156803 -0.0248488 
0.0313601 0.153782 -0.01213 
-0.0322445 0.158473 0.00378584 
-0.0419003 0.156789 0.00685343 
-0.0384492 0.158656 0.00101989 
-0.0435346 0.156512 0.00421764 
-0.045776 0.156438 -0.00717147 
-0.0463406 0.156425 -0.00954039 
-0.0452564 0.158648 -0.0112371 
-0.0464421 0.157866 -0.0157069 
-0.0440087 0.15648 -0.0238262 
-0.0244862 0.179599 0.00319149 
-0.0875133 0.158299 0.0166908 
-0.0911417 0.15901 0.0163287 
-0.0430978 0.155781 0.00217986 
-0.0479753 0.155575 -0.00688545 
0.0282967 0.152991 -0.0106904 
-0.0480212 0.155293 0.00774082 
-0.0523817 0.154559 -0.00553457 
0.0335453 0.152079 -0.00810426 
0.0302498 0.151001 -0.00749614 
0.0263836 0.150252 -0.00741068 
0.0241173 0.151887 -0.0102501 
0.0187381 0.150821 -0.0116821 
-0.0377727 0.154433 0.00715716 
-0.0849023 0.154605 0.00409512 
-0.0424864 0.154522 0.00829906 
-0.0502345 0.152972 0.0103862 
-0.0812138 0.155082 0.0179227 
0.0444396 0.14804 -0.00540475 
0.0168461 0.149108 -0.0109886 
-0.0458023 0.151105 0.0101868 
-0.0841751 0.153492 0.0179024 
-0.0867326 0.154824 0.0145447 
-0.0426004 0.150654 0.00984188 
0.0864974 0.144525 -0.00899758 
-0.0632097 0.164212 -0.00331186 
0.0803318 0.144979 -0.0105307 
0.0298321 0.148165 -0.00531502 
0.0412635 0.146592 -0.00426793 
0.0366334 0.146977 -0.00431587 
0.028173 0.144825 -0.00372585 
0.0257679 0.147209 -0.0054712 
0.0214831 0.146101 -0.00548049 
-0.0786933 0.148 0.0252819 
-0.0860313 0.149902 0.0193071 
0.0443806 0.14949 -0.00647869 
-0.0906254 0.14944 0.00585404 
0.0808247 0.140834 -0.00998234 
-0.0889104 0.146694 0.00883482 
0.042263 0.141675 -0.00292265 
0.0166698 0.141748 -0.00386283 
0.0142086 0.143344 -0.00574259 
0.0119892 0.1412 -0.00490987 
-0.0833711 0.144743 0.00381268 
0.085331 0.137264 -0.00863955 
-0.0756818 0.144285 0.0139358 
-0.0771819 0.144142 0.0109125 
-0.091711 0.145554 0.00551397 
0.00333666 0.139266 -0.0106136 
-0.0750056 0.143436 0.0261779 
0.0250826 0.142868 -0.00337143 
-0.0727707 0.142433 0.0090392 
-0.0750063 0.142458 0.00521864 
-0.0781863 0.142502 0.000305647 
-0.0818121 0.143607 0.00342072 
-0.0802066 0.144799 0.0246367 
-0.0886674 0.142839 0.0018386 
-0.0682536 0.162089 0.0146664 
0.0812309 0.135947 -0.0103192 
-0.070872 0.141908 0.0230925 
-0.0715819 0.141931 0.0227886 
0.0538902 0.13473 -0.00261891 
0.052332 0.136425 -0.0027391 
0.0474601 0.136857 -0.00242135 
0.0840468 0.132814 -0.00969968 
0.0424328 0.137094 -0.00275568 
0.0399303 0.13527 -0.00313961 
-0.0316375 0.182844 -0.01273 
0.0266612 0.137661 -0.00226952 
0.0235321 0.136383 -0.00199427 
0.0399251 0.14301 -0.00323933 
0.0122128 0.136817 -0.00253657 
0.00974111 0.137907 -0.00364958 
-0.0874266 0.141191 -0.000310059 
-0.0448052 0.155478 -0.0229553 
-0.0307238 0.139257 0.00135048 
-0.046076 0.155571 -0.020605 
-0.0348985 0.138751 0.0010041 
-0.0385811 0.137871 0.000309471 
-0.0409846 0.138937 -0.00217476 
-0.0437065 0.13866 -0.00633564 
-0.0449361 0.138531 -0.0112861 
-0.0450844 0.13772 -0.0152923 
0.0817897 0.131556 -0.0105801 
0.082071 0.128532 -0.0109049 
0.0558928 0.132371 -0.00267901 
-0.0819697 0.172857 0.00274247 
0.0512882 0.131683 -0.0022618 
0.03034 0.154893 -0.0143469 
-0.0469634 0.135877 -0.0119351 
0.0200067 0.132956 -0.00136785 
0.0163475 0.132913 -0.00116596 
0.0211273 0.129815 -0.00125514 
0.0111469 0.132624 -0.00128847 
0.00807694 0.131258 -0.001394 
-0.0737808 0.168924 3.82054e-05 
0.00410608 0.137677 -0.00844264 
0.00185714 0.130964 -0.00407634 
-0.0352827 0.134778 0.00264287 
-0.0332938 0.133 0.00318997 
-0.0474112 0.13428 -0.00509209 
0.0510766 0.155835 -0.0181089 
-0.0485395 0.134016 -0.00965257 
-0.0467049 0.134744 -0.0160337 
0.0563934 0.126873 -0.00224528 
0.0532188 0.12683 -0.00198944 
0.0470162 0.127217 -0.00319946 
0.0403446 0.125762 -0.0084205 
-0.0470627 0.154891 -0.0154219 
-0.0512045 0.131053 -0.00972 
0.0163081 0.128185 -0.000549857 
0.0531426 0.123638 -0.00194795 
0.00682535 0.12737 -0.000553565 
-0.0399535 0.13049 0.00414001 
-0.0855036 0.158109 0.0166601 
0.056875 0.122794 -0.00220262 
-0.034894 0.129508 0.00445694 
-0.0526601 0.129679 -0.00320581 
-0.0323537 0.185041 -0.0176949 
0.0413143 0.122726 -0.00908091 
-0.0483402 0.127732 0.00418663 
0.0364619 0.132518 -0.00423512 
-0.0508098 0.128837 0.00128333 
-0.0536809 0.127056 0.000454239 
-0.0553082 0.127084 -0.00218365 
-0.0559185 0.127045 -0.00563657 
-0.0545189 0.127895 -0.0116177 
0.0459304 0.121451 0.00740068 
0.0444909 0.121603 0.00552941 
-0.0798061 0.153109 0.0208703 
0.0504621 0.122134 -0.00198774 
0.047366 0.122376 -0.00334097 
-0.0518283 0.126335 0.00357589 
-0.00264836 0.124305 -0.00450073 
0.085485 0.14264 -0.00908795 
0.0420072 0.119162 -0.00917 
-0.0793618 0.170756 0.00463376 
0.011377 0.123203 0.000504092 
-0.07318 0.170795 0.00266532 
0.00639852 0.123153 0.000471626 
0.0029183 0.1218 0.000524974 
-0.0481519 0.155483 -0.00943841 
7.62331e-05 0.123121 -0.00128201 
-0.0510173 0.154487 -0.00826697 
-0.00292427 0.121316 -0.00268329 
-0.0492149 0.132954 -0.0135394 
-0.00430031 0.122397 -0.00468891 
-0.0396671 0.124839 0.00669752 
0.0753949 0.116603 -0.00706625 
-0.0431841 0.124027 0.00741236 
-0.0468257 0.122728 0.00814828 
-0.0532108 0.123354 0.00611167 
-0.0598869 0.122835 -0.000221713 
0.0431795 0.132925 -0.00331946 
-0.0593705 0.123507 -0.0100601 
-0.0908579 0.157705 0.0120931 
-0.0563139 0.125111 -0.0129842 
0.0454653 0.117632 0.00840452 
0.0469662 0.117175 -0.00308852 
0.0434728 0.117754 -0.00620283 
0.042112 0.116058 -0.00737021 
-0.0780734 0.178567 0.0161995 
0.0411743 0.116491 -0.00915899 
-0.0567335 0.121837 0.00546264 
0.0436544 0.114185 -0.00472277 
0.0102116 0.118537 0.00141814 
0.00666934 0.118479 0.00148604 
-0.00567939 0.1185 -0.00340209 
-0.000870496 0.115337 0.001425 
-0.0827899 0.146192 0.0124594 
0.0501791 0.112541 -0.0016819 
0.0464318 0.112404 -0.00279139 
-0.0432969 0.119597 0.00900909 
-0.0828281 0.16858 -0.00276821 
-0.0479963 0.119429 0.0096294 
-0.0513862 0.118234 0.00986652 
-0.0626893 0.120334 0.000419384 
-0.0523827 0.0823325 0.0199635 
-0.0434534 0.158902 -0.00686862 
-0.0727342 0.105186 -0.00108737 
-0.0753953 0.0852629 -0.00913253 
-0.0701635 0.10965 0.00316121 
0.0611745 0.072041 0.0222999 
-0.0695032 0.0854758 0.0149 
-0.0806072 0.146251 0.0250444 
-0.065062 0.0989542 0.0149353 
0.0421242 0.0928543 -0.00287178 
-0.0716186 0.0859094 0.0132675 
-0.077021 0.0858152 0.000476279 
0.0668747 0.0682916 0.0245086 
0.0435973 0.072565 0.0266153 
-0.0599002 0.0574087 0.0047846 
-0.0338433 0.181398 -0.0319574 
0.0381489 0.159265 -0.0188716 
-0.0835388 0.149251 0.0231235 
0.0318312 0.137514 -0.00269367 
-0.0667943 0.104626 0.0115034 
0.0393511 0.0979354 -0.00407682 
-0.0829749 0.147551 0.0156763 
-0.0782278 0.067255 -0.0236795 
-0.0352061 0.159492 0.00224888 
-0.0379075 0.0818403 0.0238235 
-0.080217 0.0647064 -0.0230669 
0.0453165 0.158855 -0.0187007 
0.00492859 0.140645 -0.0100733 
-0.0707969 0.105083 -0.010935 
0.0367591 0.142147 -0.00309228 
0.0160639 0.137553 -0.0022622 
0.043496 0.107923 0.00975131 
-0.0416205 0.0801618 0.0291136 
0.043981 0.126048 -0.00544413 
0.0745837 0.0688306 0.024248 
0.057529 0.069558 0.0218515 
0.0333287 0.0941707 -0.00580406 
0.0283018 0.0707113 0.011188 
-0.0386349 0.0809779 0.0298626 
0.0773161 0.120901 -0.0081853 
-0.0439351 0.0813935 0.0250971 
-0.0758402 0.0808655 -0.00564389 
-0.0436306 0.0783295 0.0379389 
-0.0472754 0.0623356 0.0397384 
-0.0570185 0.0660664 0.025644 
-0.0592649 0.0936388 0.0177114 
-0.047181 0.0792988 0.0257259 
0.0415069 0.127513 -0.00667065 
0.0700821 0.0680954 0.0245874 
0.0408276 0.131531 -0.00453006 
-0.0472523 0.131155 0.000535035 
-0.0467485 0.0772401 0.0370247 
0.0427738 0.0696208 0.0252769 
-0.0511085 0.0778809 0.0247176 
-0.0391874 0.0794984 0.0323804 
0.0467705 0.112294 0.0128397 
-0.0546603 0.0794031 0.0231567 
-0.0596765 0.08012 0.0191403 
-0.0413984 0.161286 -0.00312214 
0.0602695 0.06814 0.0230504 
-0.0766941 0.163915 -0.00122117 
0.0441288 0.055409 0.0275165 
-0.0717305 0.167749 -0.000281315 
-0.047018 0.057651 0.0364814 
0.0429863 0.145252 -0.00379843 
-0.0573553 0.0786143 0.0224421 
-0.0609484 0.0629409 0.0132819 
0.0167231 0.124027 -0.00049544 
-0.0696395 0.0806982 0.0150416 
0.0442038 0.112528 0.0090864 
-0.0719079 0.107871 -0.00450834 
0.0570749 0.0666012 0.0224223 
-0.0819213 0.14641 0.0160259 
0.0790434 0.0745599 0.0231588 
-0.0461447 0.0774719 0.0363232 
-0.0664527 0.0808551 0.0165686 
-0.0548349 0.116624 0.0101028 
-0.0777434 0.177941 0.015801 
-0.0470007 0.0772016 0.0314212 
-0.0612496 0.165003 -0.000963904 
-0.0661789 0.0759508 0.0162963 
-0.039516 0.133915 0.00217981 
-0.0741856 0.0771684 -0.009073 
0.0643067 0.063305 0.0239516 
-0.074772 0.0992099 0.00151776 
-0.0629686 0.0808961 0.0180466 
-0.0684987 0.0711098 0.0130875 
0.0846709 0.13536 -0.00916689 
-0.048928 0.0773095 0.0263237 
-0.0621122 0.113755 0.00927295 
-0.0512716 0.0751382 0.0325658 
-0.0495908 0.0809977 0.021944 
0.0206435 0.150449 -0.00979863 
0.0373586 0.0688809 0.0217696 
-0.0580842 0.0746579 0.0195749 
-0.0466534 0.154117 0.0090878 
-0.0592645 0.0759282 0.019644 
-0.0751377 0.0701883 -0.021349 
0.0409104 0.0738853 0.0254619 
-0.0526377 0.0730278 0.0351407 
-0.0297851 0.160975 0.00407242 
0.048621 0.110975 0.0155736 
0.0416602 0.0786744 0.0253557 
-0.0746025 0.0757986 -0.00566958 
-0.0733078 0.073441 -0.00807493 
0.0650064 0.0730675 0.0230799 
-0.0431968 0.132618 0.00183038 
-0.0735885 0.0754923 -0.010011 
-0.0565029 0.0623233 0.0262469 
-0.0730601 0.073363 0.00791316 
0.0062176 0.113772 0.00250251 
0.0630979 0.0599534 0.0229078 
-0.0629847 0.0623004 0.010684 
0.0405669 0.062975 0.0235808 
0.0716689 0.0773347 0.0230058 
-0.0844776 0.174959 0.002369 
0.0469882 0.132032 -0.00261361 
0.0380141 0.0639654 0.0225848 
-0.0527905 0.0750884 0.0282911 
0.0667947 0.064726 0.0244042 
0.0506835 0.127361 -0.00208086 
0.0172913 0.0642647 0.0244517 
-0.0494586 0.0571688 0.0111305 
-0.0791495 0.062467 -0.021856 
-0.0565594 0.0575705 0.0095201 
-0.0874843 0.154191 0.00954124 
-0.0438657 0.137689 -0.0183066 
0.0599581 0.0595973 0.0224409 
-0.0642256 0.0872422 -0.0243206 
-0.0691069 0.0708215 -0.0162799 
-0.0715838 0.142868 0.0125797 
0.04367 0.103516 0.0133662 
-0.0727646 0.141741 0.00826302 
0.0153838 0.0624284 0.024408 
-0.0374502 0.156844 0.00640797 
-0.0649164 0.0622725 -0.0131282 
-0.0667162 0.0716108 -0.0228916 
-0.0713369 0.0629273 -0.0143225 
-0.0608452 0.166952 0.0176293 
-0.00713413 0.114958 -0.00245863 
0.0343646 0.0657887 0.0162872 
-0.0775644 0.0646021 -0.0156283 
-0.0750597 0.141776 0.00489125 
-0.0680179 0.0624667 -0.0137728 
0.0389327 0.149901 -0.00548659 
-0.0383337 0.0850302 0.0235782 
-0.00840219 0.112927 -0.00207573 
0.0171087 0.0630102 0.0192436 
0.0198844 0.129302 -0.00112212 
0.0283056 0.0825431 0.00433636 
0.0495259 0.0925035 0.0304741 
-0.0528125 0.0618583 0.0165097 
0.0166586 0.0609057 0.0192733 
-0.0749849 0.0809982 -0.00916691 
-0.0790392 0.177222 0.0112447 
-0.137692 0.0600811 -0.0400948 
-0.0447699 0.0614203 0.0394172 
0.0335302 0.0862178 0.00897896 
-0.0577369 0.166023 0.01682 
-0.0618949 0.0577736 -0.00428818 
0.00523154 0.132807 -0.00330969 
-0.0593292 0.124462 -0.00581219 
-0.0681667 0.109055 0.00738417 
0.00121738 0.103728 0.00441332 
0.0341164 0.0721266 0.0146744 
-0.0705988 0.172155 0.0197872 
0.0693192 0.0640882 0.0242371 
0.0455364 0.0835132 0.029279 
-0.0842103 0.147554 0.013351 
-0.0574034 0.0757121 0.0225812 
-0.0262558 0.190691 -0.0154413 
-0.073816 0.0626197 -0.0146784 
-0.0349663 0.14146 0.000206914 
0.0366891 0.0690628 0.0164147 
-0.0561938 0.0815119 0.0199208 
-0.071529 0.0806052 0.0130012 
-0.0524914 0.114686 0.0113932 
-0.0880352 0.152543 0.00561887 
-0.0650942 0.0617879 0.00659271 
-0.0754624 0.0663871 -0.0311915 
-0.0626707 0.0705476 0.0166857 
-0.0687023 0.0656218 -0.012848 
-0.0711675 0.165525 -0.00161233 
-0.0462306 0.0594482 0.0384283 
-0.0661476 0.0600909 -0.00282895 
-0.0571714 0.100673 0.0158031 
-0.056266 0.0661743 0.0182144 
-0.0610011 0.0569066 -0.00188439 
0.0376511 0.0559409 0.0226089 
-0.0343604 0.0575289 0.035434 
-0.0268826 0.189984 -0.0151275 
-0.0782788 0.0620748 -0.0153228 
-0.0943456 0.159859 0.015724 
0.0743041 0.111927 -0.00651583 
0.0354159 0.0592806 0.0220498 
0.00168788 0.0994482 0.00491482 
-0.056332 0.0715268 0.023999 
-0.0565291 0.126314 -0.00909943 
0.0428665 0.102427 -0.00318329 
-0.0694892 0.111574 -0.00272429 
0.014724 0.147117 -0.00981097 
-0.0336292 0.0636733 0.0370138 
-0.0575422 0.0616914 0.0139549 
-0.0615591 0.0589872 0.0053306 
0.0469668 0.105 0.0160898 
-0.0618716 0.0580788 -0.0031216 
0.0470462 0.141572 -0.00313704 
0.0473867 0.0930095 0.0283874 
0.0320094 0.133222 -0.00353506 
-0.062777 0.0857356 0.0180391 
-0.0546438 0.0581155 0.011523 
0.0257087 0.154318 -0.0142329 
-0.0478931 0.0695544 0.0409412 
-0.0525173 0.0589108 0.0355435 
-0.0718034 0.0747916 0.0104883 
-0.0453289 0.133655 -0.00101984 
-0.0771849 0.062647 -0.0213573 
-0.0753959 0.162253 -0.00726666 
-0.0507259 0.0561765 0.00843218 
-0.0491658 0.0596489 0.0142295 
-0.0758198 0.0808423 0.00520057 
-0.0565015 0.0612954 0.0297567 
-0.0343888 0.08535 0.0236309 
-0.0556153 0.124606 0.00320533 
-0.0522955 0.0570683 0.0338995 
-0.0557453 0.0659395 0.0345011 
-0.0696209 0.075675 0.0137843 
-0.0327188 0.183827 -0.0344789 
-0.0513901 0.0753228 0.0426086 
0.0490108 0.0856122 0.0304654 
-0.0500341 0.0588597 0.0129194 
-0.0774228 0.141795 0.000367456 
-0.0771807 0.0866486 -0.00331041 
-0.0851621 0.146986 0.0210486 
-0.0809172 0.0617659 -0.0228719 
-0.0289901 0.179191 -3.34373e-05 
-0.0684649 0.166762 -0.00053355 
0.00861217 0.134535 -0.00250337 
-0.0729998 0.100543 -0.0102867 
-0.0675065 0.110563 -0.0108824 
0.0642324 0.0682449 0.0242049 
-0.0455521 0.136948 -0.00700343 
0.046195 0.098076 0.0232478 
-0.0718956 0.0671624 -0.000812418 
-0.0812186 0.16928 0.00159637 
-0.0736452 0.0990015 -0.00930365 
-0.0603699 0.119712 0.00484144 
-0.0478052 0.0660842 0.0402538 
-0.073331 0.0862504 -0.0124883 
-0.0583602 0.122734 0.00251214 
-0.0545494 0.0578977 0.0330293 
-0.0294821 0.134882 0.00183781 
0.0449082 0.103786 0.0138045 
0.0362156 0.102416 -0.00712867 
-0.0751965 0.075044 -0.000528443 
-0.0592976 0.0717842 0.0191592 
-0.00743201 0.0944132 0.00680219 
-0.052976 0.0621443 0.0371442 
-0.0775814 0.0642035 -0.0313257 
0.0422101 0.0830728 0.0239635 
0.0796006 0.141026 -0.0128227 
-0.0639501 0.0592405 0.00112806 
-0.0804725 0.177091 0.00750617 
-0.0781131 0.061613 -0.0309633 
-0.0553516 0.0580077 0.0305137 
0.0428086 0.156642 -0.0183263 
0.0253526 0.0751074 0.00656811 
-0.06928 0.108532 -0.0111097 
-0.0533049 0.0659797 0.0384507 
-0.0598563 0.0599837 0.0102778 
0.0470559 0.102438 0.0224758 
0.0444104 0.0749903 0.027601 
0.0274133 0.141931 -0.00294978 
0.0803932 0.0769548 0.0224548 
0.0538269 0.063445 0.0209904 
-0.0358212 0.0569725 0.0345589 
-0.0628865 0.0722145 -0.0235316 
-0.0447734 0.0686648 0.0401059 
0.086034 0.144534 -0.00961889 
-0.0648587 0.0651824 0.0123046 
-0.0346932 0.125794 0.00488501 
-0.0655291 0.116654 -0.00590654 
-0.0547771 0.0577481 0.026055 
0.041654 0.092355 0.0161056 
-0.0644622 0.117756 0.00134986 
0.0189286 0.0633509 0.026623 
-0.0557565 0.0950582 0.0176623 
0.0393167 0.0931362 -0.00322579 
-0.0748231 0.0762507 0.00492236 
-0.00335766 0.10372 0.00419931 
0.022573 0.152907 -0.012918 
-0.0554294 0.0606849 0.0243151 
0.000301529 0.131974 -0.00702259 
0.0570418 0.0640238 0.0224271 
0.0333109 0.0644124 0.0151769 
0.0329234 0.0840886 -0.00181761 
-0.0570631 0.0704963 0.0244565 
0.0431865 0.0930386 0.0195872 
-0.0658912 0.0716939 0.0154068 
0.0737779 0.108854 -0.00692556 
-0.0444445 0.0562475 0.0109374 
-0.0338623 0.0606523 0.0367334 
-0.0296473 0.137489 0.0016139 
-0.0760209 0.0858034 0.00532971 
-0.049994 0.0606594 0.0379607 
0.0320275 0.146361 -0.00427877 
0.0281498 0.078718 0.00932425 
-0.0741513 0.0691651 -0.0316082 
0.0464347 0.107672 -0.00245008 
-0.0741633 0.161297 -0.00834549 
0.030784 0.154882 -0.0140813 
0.0477481 0.116718 0.0111353 
-0.067691 0.0621151 -0.00276133 
-0.074811 0.0742242 0.00265429 
-0.074374 0.0954012 -0.00967443 
-0.068108 0.113698 -0.0068285 
-0.0613752 0.116712 0.00703231 
-0.0764514 0.0660321 -0.0211223 
-0.0548634 0.063079 0.0163948 
-0.0810225 0.16579 -0.00399641 
-0.0791226 0.0643532 -0.0219854 
-0.0715948 0.0657896 -0.013714 
-0.07563 0.0908127 0.0050861 
-0.0428689 0.0898045 0.0228781 
-0.06716 0.0643513 0.00769142 
0.0437614 0.122045 -0.00669038 
-0.00923968 0.103929 0.00201485 
0.00559299 0.108701 0.00331445 
-0.0506328 0.104088 0.0147115 
-0.073777 0.0808436 0.00968494 
0.0543964 0.0599294 0.0209313 
0.0732603 0.110079 -0.0080238 
0.0375475 0.0589038 0.0228185 
0.0795779 0.144236 -0.0127754 
-0.0690912 0.0641761 0.00251354 
-0.00306224 0.0989018 0.00546464 
0.0440736 0.0571087 0.0274757 
0.0484418 0.103916 0.0235001 
-0.0542133 0.0599287 0.0139086 
0.0433895 0.0754444 0.027462 
-0.0621181 0.0663125 0.0152042 
-0.0502357 0.12114 0.00844665 
-0.0547087 0.0758197 0.0242009 
-0.0484007 0.153631 -0.0151279 
-0.0543671 0.128805 -0.00742427 
-0.0444674 0.0786439 0.0356907 
0.0377019 0.0867142 -0.00151802 
-0.0413467 0.0956117 0.0207528 
-0.0587307 0.0648764 0.0159938 
-0.0672387 0.0672804 0.0118588 
-0.067897 0.114664 -0.00264829 
-0.0688061 0.165667 0.0160242 
-0.0565265 0.0659132 0.0231421 
0.0769224 0.0722927 0.0236873 
-0.0554481 0.0591095 0.0272372 
-0.0609227 0.122538 -0.00401414 
-0.0488827 0.0577944 0.0359856 
-0.0448675 0.126042 0.00629563 
-0.0578862 0.125089 -0.00138718 
-0.0571969 0.0659832 0.0299131 
0.0404324 0.0870405 0.0200211 
-0.021647 0.184266 -0.0020137 
0.0407326 0.058634 0.0248201 
0.0705417 0.0731839 0.0240759 
0.0156906 0.146017 -0.00778323 
-0.0761501 0.0851391 -0.00587414 
-0.0703465 0.0708215 -0.0218461 
-0.0611871 0.121208 -0.01029 
-0.0554097 0.0729946 0.0270245 
-0.0694946 0.0696913 -0.0140601 
-0.0542873 0.0572149 0.0281228 
0.0475222 0.156508 -0.018333 
-0.0505072 0.0651494 0.0396255 
-0.0693191 0.0668728 0.00802776 
-0.01224 0.101976 0.00122354 
0.00186479 0.10875 0.0034171 
-0.0882803 0.149984 0.0148783 
0.0798009 0.137581 -0.0123628 
-0.0612697 0.0576046 3.99817e-06 
0.0112524 0.127999 -0.000244552 
0.0364058 0.0848742 -0.000790822 
-0.0443837 0.0656846 0.0402587 
-0.00346532 0.117873 -0.000938833 
0.0384549 0.0737599 0.0213929 
0.0261138 0.0746444 0.00839578 
-0.0534886 0.0636799 0.0182046 
-0.0709279 0.0667269 0.00354605 
-0.0707561 0.0614892 -0.0150227 
-0.0699777 0.0661377 -0.0069157 
0.0170349 0.060237 0.0261017 
-0.0683743 0.0648407 -0.00904932 
0.0460477 0.145543 -0.00422329 
-0.0593123 0.0683165 0.0175083 
-0.0276301 0.178235 0.00253846 
0.0511551 0.112477 -0.00158164 
-0.0460346 0.0822714 0.0226335 
0.0185183 0.0598615 0.0270581 
0.0598334 0.0633382 0.0232609 
-0.074018 0.0988383 0.00424105 
0.0370641 0.129376 -0.00636738 
-0.0015442 0.128154 -0.00563063 
-0.0110711 0.0970619 0.00545702 
0.0351649 0.063948 0.0211251 
-0.0233435 0.182049 0.000940561 
0.0354251 0.0561562 0.0216569 
0.00220434 0.117985 0.00138539 
-0.0768569 0.0701259 -0.0244766 
-0.0734549 0.069438 -0.0158395 
0.0342091 0.0648786 0.0180818 
-0.0538498 0.120035 0.00821339 
-0.0738734 0.0733649 0.00583537 
-0.0720984 0.0705072 -0.00777174 
-0.0735659 0.0711045 -0.00433818 
-0.0716313 0.0776137 0.0126192 
0.0512488 0.116535 -0.00162922 
-0.0614211 0.104786 0.0140568 
-0.0580497 0.0579263 0.00862357 
-0.054752 0.0707879 0.0340783 
-0.0109152 0.106075 -0.000198334 
-0.000558386 0.118752 0.000104271 
0.0276375 0.0741885 0.0105353 
-0.0551317 0.0611987 0.0343587 
0.0719352 0.0806463 0.021828 
-0.0331829 0.155067 0.00574907 
-0.051783 0.0715774 0.042375 
-0.0320882 0.0815882 0.0238786 
-0.0610077 0.121783 -0.00771406 
0.0349936 0.0984856 -0.00656049 
-0.0332194 0.182835 -0.0154676 
0.042132 0.120834 -0.00909462 
-0.0281542 0.0811474 0.0237095 
-0.0599694 0.0854451 0.018711 
0.033635 0.0749903 0.0154201 
-0.00957016 0.109159 -0.00115949 
-0.0306812 0.141256 0.00103178 
0.0675745 0.0720174 0.0240245 
0.0369125 0.0737562 0.016471 
-0.0554633 0.0855094 0.019324 
0.0517679 0.154852 -0.0176597 
-0.0524783 0.084986 0.0199259 
-0.0715001 0.10913 -0.00120769 
-0.07405 0.0858564 0.00983062 
-0.0493936 0.0853012 0.0212894 
-0.0827975 0.146136 0.023782 
-0.0904224 0.143978 0.00116129 
0.0431872 0.0582381 0.0266383 
-0.0251365 0.0808435 0.0234904 
0.0312082 0.0696886 0.0124719 
0.0387813 0.0898017 -0.00256233 
-0.0458635 0.0854522 0.0224806 
0.0212257 0.142272 -0.00359085 
-0.0714375 0.0711436 0.00898562 
0.0494901 0.101904 0.0262496 
0.0364563 0.0784122 0.0174029 
0.00948581 0.115004 0.00205609 
-0.0763064 0.0951969 0.000375299 
-0.0322481 0.0843903 0.0237597 
-0.0754338 0.0974227 -0.00191497 
-0.0292395 0.0837169 0.0235269 
0.025202 0.0769631 0.00554418 
0.00129921 0.12765 -0.00269292 
0.0576049 0.058852 0.0217172 
0.0263661 0.0791937 0.00546217 
-0.0446026 0.078503 0.0301932 
0.0312079 0.078543 0.0133853 
0.036534 0.150126 -0.00588524 
-0.0431537 0.0852368 0.0230928 
-0.076621 0.0937758 -0.00293581 
-0.0767735 0.0803122 -0.00277962 
0.0337642 0.0784528 0.015809 
0.0434879 0.0782855 0.0275007 
0.0449881 0.0789783 0.028478 
0.0340036 0.0845057 -0.00148611 
-0.0633183 0.0857075 -0.0252524 
-0.0740957 0.0787798 -0.0104784 
-0.0057728 0.0832979 0.0146128 
-0.0584805 0.115091 0.00987873 
0.0669386 0.0763228 0.0222341 
0.069328 0.0778084 0.0224617 
-0.0845789 0.178551 0.00339975 
-0.0737646 0.0889549 -0.0119712 
-0.0648278 0.168452 0.0182327 
-0.0080919 0.108357 0.000587602 
-0.00767427 0.0985703 0.00514796 
-0.0749687 0.091083 -0.00968259 
-0.069887 0.11019 -0.00693921 
-0.0762431 0.0906275 -0.00561847 
-0.0768507 0.0900121 -0.00297928 
0.0380524 0.107893 -0.00790908 
-0.0767417 0.0907214 0.000375384 
-0.0345414 0.0816948 0.0237208 
-0.0643103 0.0891124 -0.0240427 
-0.0735525 0.0907319 0.00957686 
-0.0713919 0.0904622 0.0127059 
-0.0693178 0.0908329 0.0144851 
-0.0660662 0.0903796 0.0165131 
0.0122764 0.0563323 0.024872 
-0.0493603 0.090126 0.0210328 
0.0316102 0.142116 -0.00305268 
0.0740605 0.0784889 0.0231301 
0.0742886 0.104099 -0.00440731 
-0.0386318 0.0898929 0.02306 
-0.0520515 0.091376 0.0194173 
-0.0348274 0.0892336 0.023029 
0.0362877 0.083328 0.0168961 
-0.00617666 0.0852344 0.0136668 
-0.0243194 0.195304 -0.0187094 
0.032386 0.0826303 0.0128378 
0.0413763 0.0556316 0.0253626 
-0.0714312 0.10063 0.00891668 
-0.0740305 0.161021 -0.00169032 
0.0400644 0.0833375 0.0201703 
0.0504062 0.117328 -0.00185537 
-0.0455484 0.0904773 0.0221851 
0.0435866 0.083781 0.0258339 
0.0339896 0.084968 0.0126549 
0.044158 0.119399 0.00585249 
-0.0745744 0.0661217 -0.0151148 
-0.0553747 0.0901379 0.0188737 
-0.0525931 0.105559 0.0144059 
-0.0283675 0.19128 -0.0172787 
0.0727618 0.0807032 0.0219592 
-0.0745425 0.100416 -0.0053997 
0.0755059 0.0818089 0.0218163 
-0.0756311 0.0956801 -0.00516469 
-0.065981 0.159708 -0.00923249 
-0.0752704 0.0954121 0.00505579 
-0.0627454 0.169767 0.0188479 
-0.0459236 0.156511 -0.0197022 
-0.0836617 0.145494 0.00829265 
0.0380635 0.0875319 0.0161686 
-0.0731203 0.095322 0.00937023 
-0.0713598 0.0942705 0.0122664 
-0.0688792 0.0957645 0.0136355 
-0.0466742 0.155702 -0.0125699 
0.00363454 0.125034 -0.000452827 
-0.00643651 0.08972 0.010901 
0.0141047 0.0593199 0.0252735 
-0.0485315 0.0943602 0.0200111 
0.0453691 0.0930645 0.023701 
0.0322626 0.0851474 0.00799647 
-0.0510311 0.0956196 0.0180772 
-0.0525107 0.162056 0.0129139 
-0.066732 0.0617942 0.00197111 
-0.0448691 0.0950564 0.0207145 
-0.0584653 0.0964833 0.016945 
-0.0441354 0.0773835 0.0385144 
-0.0424361 0.093084 0.02218 
-0.0343046 0.181965 -0.0341273 
-0.0493684 0.0749393 0.0438403 
-0.0402369 0.0935282 0.0219574 
0.0388732 0.0854485 -0.00075112 
0.0355423 0.0870027 0.0122576 
-0.0248524 0.182285 -0.00167285 
0.00435814 0.128532 -0.00141717 
-0.0534447 0.0706548 0.0390314 
-0.00486958 0.0799612 0.0158208 
-0.0694457 0.105081 0.00811172 
-0.0767172 0.0807463 0.000189268 
0.0423842 0.0870988 0.0245321 
0.0398822 0.0788103 0.0205448 
0.0437439 0.0887907 0.0252214 
-0.0663318 0.108108 0.010176 
-0.0528802 0.0751771 0.039296 
0.0460748 0.0880788 0.0290017 
-0.0728475 0.104493 -0.00541711 
0.0783189 0.0835643 0.0212104 
0.0432354 0.0554889 0.0269924 
-0.0726578 0.0981679 0.00772422 
0.0406787 0.0885168 -0.00213842 
-0.0492549 0.124527 0.00639725 
0.0488318 0.0883465 0.0306902 
-0.0710793 0.0974636 0.0106261 
-0.0272646 0.180803 -0.00140752 
-0.00521006 0.0925579 0.00932978 
0.0340526 0.0816565 0.0153624 
0.0420732 0.0893583 0.0200864 
-0.0747685 0.100492 -0.000598819 
0.0224409 0.132995 -0.00153496 
-0.0678502 0.100428 0.0127364 
0.0856492 0.141102 -0.00854696 
-0.0777755 0.14489 0.0258317 
-0.0617156 0.100163 0.0154039 
0.0211341 0.137649 -0.00214105 
0.0497793 0.0997766 0.0279868 
-0.0549263 0.099496 0.0163073 
-0.0032319 0.0947102 0.00846347 
-0.0595687 0.167632 0.0179028 
-0.0792384 0.143438 0.00605619 
-0.0510725 0.129939 -0.014642 
0.0401385 0.0898655 0.0154075 
0.00625251 0.10528 0.00331322 
0.0309873 0.073623 0.013416 
-0.0733497 0.100913 0.00441904 
-0.0511259 0.0998641 0.0163663 
-0.0471866 0.0997142 0.0162896 
0.0536152 0.131561 -0.00223554 
-0.0452396 0.0977814 0.0183999 
-0.064513 0.0708042 -0.0221052 
-0.0625731 0.090529 0.0177666 
-0.0132407 0.0960544 0.00499678 
0.0503046 0.140445 -0.00298195 
-0.00386421 0.0954445 0.00680016 
0.00213639 0.13416 -0.00697935 
-0.00653852 0.10259 0.00391769 
0.0359054 0.0929342 -0.00435877 
0.0259465 0.133594 -0.00208785 
-0.0662286 0.0856337 0.0167214 
-0.0645319 0.102251 0.0139111 
0.0449808 0.093292 -0.00281006 
0.0554495 0.0675297 0.0214525 
-0.0123849 0.0987628 0.0035829 
0.0507954 0.0995214 -0.00318896 
-0.0716418 0.105164 0.00372225 
-0.0316803 0.18327 -0.0330568 
-0.0793467 0.150297 0.0229789 
-0.0640779 0.105908 0.0125365 
0.0404359 0.0690508 0.0244681 
-0.0102676 0.100358 0.00367313 
-0.0597681 0.0904934 0.0183326 
-0.0567805 0.105102 0.0143986 
0.0229353 0.149385 -0.00731466 
0.0423644 0.0976556 -0.00287179 
-0.0480482 0.104385 0.0143946 
0.0301106 0.0828422 0.00858313 
0.0414722 0.0827702 0.0210034 
-0.0715972 0.1061 -0.00762288 
0.0405452 0.107648 -0.00556938 
-0.070607 0.0650277 -0.00219878 
-0.0658258 0.113361 -0.012175 
-0.0415461 0.127259 0.00594255 
-0.0639389 0.119674 -0.0042986 
0.0422159 0.0978232 0.0168414 
0.058684 0.0712065 0.0215719 
0.0430298 0.0983345 0.019562 
0.0485132 0.0976344 0.0275677 
-0.0630619 0.0755985 0.0176401 
0.0456516 0.0977141 -0.00263368 
-0.065611 0.0952264 0.0156493 
-0.0630182 0.110012 0.0108656 
-0.0603679 0.108342 0.0129188 
-0.05698 0.109595 0.012773 
-0.0519856 0.10976 0.0130141 
0.0745245 0.107829 -0.00472456 
-0.0464427 0.110189 0.0119984 
0.0743255 0.106092 -0.00466349 
-0.0898324 0.149301 0.0103773 
0.0367947 0.101368 -0.00644602 
0.0461322 0.102702 -0.00242303 
0.0442121 0.102776 0.0195574 
0.0486312 0.100892 0.025537 
-0.0441241 0.129223 0.00406574 
-0.0720003 0.0699968 -0.0123628 
-0.0562747 0.0708076 0.0295808 
-0.0638946 0.118886 -0.0086039 
-0.0632116 0.117432 0.00426957 
-0.0675309 0.110661 -0.0119535 
-0.0192995 0.184945 -0.00163274 
0.0507936 0.0638249 0.019461 
-0.0659579 0.111365 0.00734601 
-0.0445267 0.108292 0.0121709 
0.0419673 0.123468 -0.0085152 
-0.0059131 0.105432 0.00318306 
-0.0865377 0.171107 -0.00414391 
0.0500867 0.102995 -0.00226433 
-0.0347674 0.17996 -0.0307632 
0.0369144 0.15703 -0.0182117 
-0.0617712 0.0954934 0.0168585 
-0.0593974 0.111192 0.0116101 
-0.074007 0.071161 -0.000493318 
-0.061789 0.11816 -0.0135209 
-0.0696284 0.169062 0.0178822 
-0.068302 0.0627331 -0.00563382 
-0.00522469 0.10901 0.00191132 
-0.0731638 0.0763745 0.00897205 
-0.00242168 0.108165 0.00298938 
-0.0369375 0.0799772 0.0325001 
0.0446331 0.0891077 -0.00271512 
-0.0681309 0.11213 0.00275083 
0.0368717 0.13707 -0.0030057 
-0.0426002 0.13567 -0.000796342 
0.0435256 0.104607 0.0104364 
0.0370301 0.104835 -0.00738889 
-0.0113985 0.0951777 0.00612141 
0.0436883 0.104882 0.0113192 
0.0351319 0.0685965 0.0133397 
0.0352758 0.088096 -0.00271275 
-0.0668691 0.114908 0.00197571 
-0.0644401 0.114795 0.00625905 
-0.0660694 0.115675 -0.00865952 
-0.05602 0.11316 0.0115437 
-0.056891 0.123458 -0.0147834 
-0.076197 0.0773221 0.000831538 
0.0431769 0.107178 -0.00362238 
-0.0157585 0.152002 -0.000119119 
0.0459997 0.105324 0.0199171 
-0.0477288 0.114685 0.011233 
0.0505461 0.107206 -0.00192556 
0.0363399 0.0976742 -0.00546284 
0.0456155 0.107737 0.01336 
-0.0179034 0.15299 0.000418495 
0.0485953 0.10732 0.0169391 
-0.0731913 0.0710589 0.00423113 
-0.0578453 0.118813 0.0077411 
0.0737688 0.107219 -0.00626329 
-0.0864954 0.17375 -0.00097339 
-0.00761891 0.111662 -0.000810928 
-0.0045102 0.113497 0.000331216 
0.0394883 0.103019 -0.00504382 
-0.00170502 0.112268 0.00225454 
0.00162775 0.113564 0.00234222 
0.0192728 0.14807 -0.00800417 
-0.0576573 0.0704472 0.019202 
-0.063003 0.11647 -0.0131853 
0.00636321 0.136639 -0.00478303 
-0.0422838 0.115795 0.00957378 
0.051177 0.109148 -0.00164306 
-0.0383748 0.128566 0.00526632 
-0.065548 0.117421 -0.00208564 
0.0396363 0.112332 -0.00853221 
0.0415192 0.11218 -0.00619918 
