0.0388779 0.196454 0.013081 
0.01689 0.191427 0.0266388 
0.0143696 0.191987 0.0278152 
0.0112201 0.192967 0.0284266 
0.0424753 0.192179 0.012137 
0.0398421 0.192885 0.012541 
0.012934 0.189582 0.0273261 
0.0395247 0.188816 0.0102653 
0.0140033 0.188279 0.0265177 
0.0271771 0.187641 0.0213047 
0.0448287 0.187744 0.0113088 
0.0403024 0.187176 0.0122399 
0.0358349 0.185951 0.0161392 
0.0335018 0.186254 0.0175222 
0.0296243 0.186508 0.0201343 
0.0238708 0.187365 0.0232387 
0.0178876 0.187971 0.0257625 
0.0204077 0.184206 0.0229664 
0.0486314 0.184006 0.0259346 
0.0540757 0.181446 0.024842 
0.0506962 0.182125 0.0250872 
0.0468459 0.18227 0.0250971 
0.0447619 0.183251 0.0121704 
0.04273 0.182597 0.0133792 
0.0397803 0.182923 0.0147222 
0.0302215 0.18291 0.0198561 
0.0285529 0.179686 0.0180319 
0.0549826 0.179195 0.0238054 
0.0448087 0.179192 0.0125199 
0.0799712 0.178882 -0.0165376 
0.03309 0.178692 0.0163854 
0.0319816 0.177201 -0.00333349 
0.0914493 0.178197 -0.0196783 
0.0874465 0.17684 -0.0148548 
0.0805206 0.17667 -0.0150742 
0.0746032 0.176163 0.00177465 
0.0735003 0.176539 0.000674742 
0.0701024 0.176471 0.00425244 
0.0660596 0.176604 0.00889272 
0.0634079 0.176421 0.010515 
0.0565552 0.177091 0.0221332 
0.0534136 0.176671 0.0210078 
0.0470642 0.177943 0.0240418 
0.0433398 0.177748 0.0136502 
0.0392434 0.177594 0.0142864 
0.0334671 0.176323 -0.00303067 
0.0264516 0.175913 0.000528453 
0.0241505 0.175901 0.000936779 
0.0136843 0.175856 0.00723322 
0.0316341 0.175699 0.0357137 
0.0915824 0.175119 -0.0169244 
0.0477674 0.175056 0.023357 
0.0170743 0.174871 0.00625884 
0.0317061 0.174343 0.0355056 
0.0855304 0.174624 -0.0136284 
0.0392744 0.173844 0.0324189 
0.0885836 0.173651 -0.0144826 
0.0732681 0.173069 0.00529715 
0.0978906 0.172563 -0.014973 
0.0954887 0.174013 -0.0153706 
0.0909866 0.171113 -0.00985134 
0.088008 0.171176 -0.0107339 
0.0706877 0.173961 0.00579116 
0.0674882 0.172802 0.00906027 
0.0450797 0.17294 0.0272661 
0.0378427 0.170954 0.0312644 
0.0363155 0.173264 0.033717 
0.0324529 0.170963 0.0150857 
0.0300957 0.171618 0.00369246 
0.0271525 0.172806 0.00333195 
0.0245272 0.171559 0.00485381 
0.0204669 0.172665 0.00566823 
0.0969445 0.169987 -0.0137673 
0.0974587 0.169597 -0.0139964 
0.0818377 0.169614 -0.0100911 
0.0374562 0.169679 0.0310481 
0.0291134 0.168963 0.0166785 
0.0542542 0.169114 0.0227986 
0.0315204 0.168782 0.0163635 
0.0293261 0.166972 0.0172049 
0.0906603 0.168127 -0.00759922 
0.08194 0.168059 -0.00809136 
0.078408 0.166794 -0.00180973 
0.075772 0.166559 -0.00067283 
0.0457106 0.167131 0.0297565 
0.0742942 0.165413 0.000438348 
0.0709219 0.165976 0.00720677 
0.068084 0.167511 0.00937231 
0.0627552 0.167805 0.013531 
0.0421505 0.167704 0.031184 
0.0363977 0.167025 0.0331343 
0.0309342 0.166103 0.0360666 
0.0331741 0.176073 0.0358063 
0.0208073 0.167654 0.00623973 
0.0388723 0.175242 0.0132715 
0.0177469 0.165663 0.00712037 
0.015369 0.166157 0.00724628 
0.0935606 0.165 -0.0111667 
0.0904826 0.165187 -0.00614672 
0.0797296 0.164601 -0.00100506 
0.088513 0.16419 -0.00481965 
0.0713434 0.163812 0.00695614 
0.033166 0.163549 0.0363068 
0.0800301 0.161202 0.00104995 
0.076724 0.163044 0.00168757 
0.0733219 0.161536 0.00616555 
0.0625148 0.162718 0.0138863 
0.0598937 0.163032 0.016609 
0.088671 0.166416 -0.00567822 
0.0541455 0.163041 0.0209626 
0.0390731 0.162782 0.0311126 
0.0208476 0.162599 0.00675995 
0.014285 0.162738 0.00779452 
0.08003 0.160048 0.000997069 
0.0948828 0.168038 -0.0122224 
0.0478135 0.163082 0.026957 
0.0419059 0.162619 0.0300351 
0.0390319 0.160742 0.032989 
0.0362608 0.162702 0.0338754 
0.0327194 0.160875 0.032894 
0.0294291 0.161109 0.0185067 
0.0178556 0.160103 0.0068732 
-0.0101023 0.161263 0.0242634 
-0.0200212 0.161484 0.0265311 
0.0940626 0.171912 -0.0141509 
-0.0267862 0.161435 0.0277457 
-0.0312805 0.161585 0.0287196 
0.0156942 0.159876 0.00727076 
0.0948624 0.177231 -0.0177654 
-0.0304416 0.159839 0.0294784 
0.0816115 0.159638 -0.00101833 
0.0393425 0.159373 0.0325827 
0.036627 0.159394 0.0322985 
-0.00626841 0.159182 0.0233807 
0.0993247 0.157723 -0.0308879 
0.0645973 0.157133 0.010322 
-0.0197174 0.15901 0.0274941 
0.0920514 0.155772 -0.026338 
0.0710277 0.157515 0.00569997 
0.0674527 0.158758 0.00889855 
0.0236135 0.158214 0.005845 
-0.0417645 0.15771 0.0299553 
0.0947919 0.15498 -0.0270443 
0.0627103 0.158862 0.0123899 
0.0588306 0.157964 0.0152867 
0.0560768 0.157638 0.0163515 
0.0537111 0.157188 0.019995 
0.0969612 0.168822 -0.0134374 
0.0374852 0.157078 0.0300784 
0.0345606 0.157104 0.0289436 
0.0306877 0.157647 0.0191173 
-0.0155614 0.158101 0.0272562 
0.00275112 0.155831 0.0207899 
0.000540143 0.155229 0.0211914 
-0.00320853 0.157098 0.0227215 
-0.00605974 0.155569 0.024642 
-0.00916424 0.157837 0.0250066 
-0.014662 0.155506 0.0314847 
-0.0182146 0.156046 0.0312519 
0.0542517 0.165816 0.0217669 
-0.0335866 0.157761 0.0303315 
-0.0411499 0.155869 0.0307791 
-0.0441986 0.156454 0.0305434 
0.0344656 0.154918 0.0292228 
0.0539337 0.173595 0.0201075 
-0.0344252 0.154894 0.0329922 
-0.0381818 0.154872 0.0313582 
0.0929949 0.153769 -0.0234626 
-0.0174088 0.154429 0.0338896 
0.0945244 0.150965 -0.0188192 
0.0147863 0.173188 0.00726357 
0.0921739 0.151345 -0.0172063 
0.0835657 0.151386 -0.016638 
0.0809878 0.150955 -0.0163884 
0.0665697 0.152039 0.00846091 
0.0647257 0.151978 0.00996767 
-0.0161786 0.161387 0.0261803 
-0.0244479 0.154006 0.0357665 
0.0620067 0.152398 0.0123229 
-0.0271388 0.158685 0.0294106 
0.058642 0.153061 0.0148683 
0.017953 0.162915 0.00730134 
0.04525 0.1529 0.0272158 
0.0414879 0.153018 0.0298295 
0.0381164 0.15406 0.0305516 
0.0359656 0.152264 0.0331099 
0.0304448 0.153335 0.0194527 
0.026506 0.152902 0.0191103 
0.0157595 0.151857 0.00629948 
-0.00469058 0.153216 0.02754 
0.0826805 0.149472 -0.0172648 
0.0392695 0.150197 0.0313349 
0.0358968 0.150274 0.0336986 
0.0331052 0.1521 0.0332656 
0.0155374 0.149716 0.00632601 
-0.00964282 0.151046 0.034328 
-0.0133039 0.152656 0.0343618 
-0.013001 0.161 0.0248882 
-0.0262372 0.151756 0.0380488 
0.0923061 0.149256 -0.0162647 
0.0327876 0.166304 0.0358418 
0.0170593 0.149331 0.00584624 
-0.0397071 0.15 0.0366822 
-0.0404386 0.152466 0.0334151 
-0.0754776 0.151137 0.026231 
-0.0767468 0.150314 0.0267597 
-0.0901256 0.14985 0.026578 
0.047866 0.149091 0.0253927 
0.0207967 0.149262 0.00474493 
0.0225572 0.147762 0.00273274 
0.00256956 0.149012 0.0257 
0.0650449 0.167923 0.0119311 
-0.0124589 0.149317 0.0366088 
0.100656 0.145768 -0.0209572 
0.094825 0.147685 -0.0175915 
0.0925382 0.14594 -0.0151536 
0.0897953 0.147896 -0.0139926 
0.0841588 0.148325 -0.0113202 
-0.00562133 0.149194 0.0335659 
0.0812793 0.146623 -0.00659312 
0.0734164 0.147829 0.00166987 
0.0701166 0.147993 0.00474628 
0.056228 0.147941 0.0164269 
0.0528206 0.147544 0.0192615 
0.049584 0.148539 0.0232029 
0.0475021 0.146023 0.0212132 
-0.0259946 0.0580516 0.0547739 
0.0125076 0.116155 0.032033 
0.0266154 0.157659 0.019055 
-0.0185913 0.0976459 0.0378268 
-0.0782586 0.0974111 0.0218317 
-0.0383016 0.0621682 0.0417852 
-0.0484547 0.0965129 0.0260501 
-0.0516604 0.0971905 0.0245768 
0.0533786 0.0969451 0.0055968 
0.0357923 0.119107 0.0100112 
-0.0648076 0.0965452 0.0186015 
0.0296798 0.113019 0.0100568 
-0.067874 0.0973204 0.0219202 
-0.0863599 0.142561 0.0294122 
-0.0708769 0.0953307 0.0226666 
0.0500428 0.143427 0.0210153 
-0.0820689 0.0970837 0.0164711 
-0.0319991 0.0924153 0.0408277 
0.0745199 0.0910843 0.0153637 
0.066724 0.0931356 0.0140834 
0.073517 0.170784 0.000667964 
0.0516773 0.138328 0.0155736 
0.0669933 0.147939 0.00729425 
0.0620441 0.0919835 0.010763 
0.0381081 0.0924976 0.0148612 
0.0122623 0.123681 0.0311245 
-0.0326075 0.0976301 0.0417297 
-0.0699239 0.135859 0.0349713 
0.0902964 0.14313 -0.0127884 
-0.0372114 0.097409 0.0404446 
0.0482378 0.0922037 0.00479222 
-0.0738136 0.0975593 0.0239153 
0.0156766 0.10254 0.0308659 
0.0623729 0.090401 0.0152168 
0.0146565 0.18971 0.027423 
0.0439051 0.0931601 0.004484 
-0.0395203 0.132226 0.0429153 
-0.0497749 0.0939585 0.0234115 
0.0649547 0.171446 0.0119976 
0.0604064 0.0900352 0.0110439 
0.0407367 0.0901768 0.0161968 
0.0852257 0.167045 -0.00626679 
-0.0399143 0.0862553 0.0295755 
0.0269891 0.092026 0.027655 
-0.0616195 0.0920842 0.0144415 
0.0586266 0.143893 0.0146217 
0.0654361 0.0906132 0.016693 
-0.0743253 0.0940057 0.0223453 
0.00656661 0.0923962 0.0266945 
-0.0689284 0.0934608 0.0202539 
0.0192661 0.0716324 0.0228218 
0.0175239 0.0828138 0.0270685 
-0.0476433 0.0905165 0.0222363 
0.014973 0.0850353 0.0275343 
0.0222713 0.0928391 0.0284327 
0.00526568 0.14945 0.0214 
0.0719941 0.0891452 0.0178844 
-0.0127942 0.159242 0.0257147 
-0.0573926 0.077397 0.0112906 
-0.0677332 0.141688 0.0317828 
0.0825315 0.162529 -0.00120225 
-0.0407189 0.0920547 0.0346411 
-0.0761471 0.071775 0.0143582 
0.059077 0.0721782 0.0236557 
-0.0452193 0.0898449 0.0236184 
0.0897981 0.069483 0.0102461 
-0.0661466 0.0922618 0.0168481 
-0.0606337 0.0541473 0.0320222 
0.00252943 0.0927771 0.023736 
-0.0641616 0.0643484 0.0255709 
-0.0682477 0.144945 0.0299344 
0.0483428 0.172756 0.0266126 
-0.0381059 0.15001 0.037437 
-0.0720537 0.0919369 0.0210434 
-0.057269 0.122384 0.0334616 
0.054491 0.127806 0.0142234 
-0.0835942 0.0908744 0.0119879 
0.0854643 0.164082 -0.0037606 
0.0520453 0.0948771 0.00503712 
0.0444622 0.0871387 0.0158646 
-0.0641198 0.0823967 0.0122319 
0.00427268 0.0890168 0.0232883 
0.0818909 0.0691702 0.0134535 
0.0110173 0.162735 0.00789744 
0.0276681 0.0877023 0.0280241 
-0.0325125 0.0774796 0.0422274 
0.015903 0.088075 0.0284705 
-0.0544996 0.0665962 0.0310937 
-0.0634807 0.118603 0.0324829 
0.0118354 0.0876248 0.0273849 
0.0481339 0.0857085 0.0152017 
-0.0277529 0.127614 0.0387386 
0.00329388 0.0872919 0.0207564 
0.0452703 0.0845289 0.0179311 
0.0607907 0.108409 0.0095537 
-0.0391994 0.0885733 0.0337109 
0.0588408 0.0688818 0.0231922 
-0.0501 0.0841155 -0.0125312 
0.0836799 0.0832213 0.000989151 
-0.0452658 0.0876972 0.0219675 
0.0504737 0.178131 0.0232778 
-0.060355 0.0854053 0.0109288 
0.0372441 0.0742453 0.0236947 
-0.0634988 0.0871833 0.0128749 
-0.0263374 0.107368 0.0398601 
-0.0914494 0.136961 0.0302673 
-0.0157914 0.0873694 0.0386469 
-0.0523747 0.0577615 0.037236 
-0.0793774 0.145202 0.0306118 
-0.0371307 0.0888105 0.0370829 
-0.0184812 0.0875281 0.0399979 
0.0340652 0.0823981 0.0296479 
0.0374477 0.0829227 0.0227952 
0.0511802 0.122825 0.0148423 
-0.0594994 0.085172 0.0104595 
-0.0345099 0.060296 0.0320237 
0.0300899 0.179697 0.0178088 
-0.0417543 0.0878395 0.0258762 
0.0649371 0.148192 0.00903765 
-0.0724817 0.0875936 0.0192125 
-0.032808 0.0824848 0.0427551 
0.0743895 0.0830031 0.0172708 
-0.0264664 0.0879134 0.0411553 
0.047836 0.158015 0.0269121 
0.0960766 0.14292 -0.0162943 
-0.0406878 0.0842112 0.025441 
-0.0593661 0.0708984 0.0215128 
0.0456524 0.157622 0.0286796 
0.0691218 0.0829538 0.020819 
-0.0676216 0.0608771 0.0252881 
-0.0229821 0.0620725 0.0564237 
0.0424629 0.0828219 0.0201481 
0.0637365 0.10766 0.00857611 
0.0391212 0.0821775 0.0221062 
0.0316032 0.0826259 0.0301538 
0.0456732 0.169461 0.0270766 
0.0274174 0.0826582 0.0285883 
0.0393882 0.0740242 0.0224418 
0.00404761 0.0812477 0.0163387 
0.0238667 0.0675864 0.0223589 
0.043383 0.0575236 0.0331468 
0.0510774 0.173026 0.0239905 
-0.0355662 0.152262 0.035779 
-0.0689421 0.0904111 0.0183659 
0.0746957 0.174786 0.00320295 
0.0497431 0.0544814 0.0297383 
0.0829953 0.0773512 0.000552332 
0.0658904 0.0787185 0.0223371 
0.0652507 0.0846501 0.0214203 
-0.0174632 0.101137 0.0348098 
-0.00983147 0.0824177 0.0342751 
-0.0451181 0.0810234 0.0173948 
0.0582012 0.0827963 0.0209352 
-0.0780349 0.141811 0.0323285 
-0.0529944 0.0801089 0.0106292 
-0.0776048 0.111186 0.0228355 
-0.0289706 0.137524 0.0415602 
-0.0577986 0.0816714 0.0107272 
-0.0201473 0.102392 0.0367856 
-0.0379251 0.14226 0.0413771 
0.0462903 0.0888003 0.0117419 
-0.0328572 0.10774 0.0424196 
0.0372894 0.09131 0.0193478 
0.0749502 0.0777208 0.0146317 
-0.0632712 0.122591 0.0335661 
0.063324 0.172882 0.01212 
0.00681587 0.0790802 0.0187029 
-0.0238877 0.0650805 0.0549424 
0.0556672 0.067664 0.025251 
-0.0116926 0.0826741 0.0359138 
-0.0362922 0.0869671 0.0394418 
0.00253246 0.082488 0.0149877 
-0.0727591 0.0824503 0.0185525 
0.0204904 0.132304 0.0158592 
-0.025078 0.0826968 0.0416492 
0.0814108 0.10548 -0.00124369 
0.00359835 0.0789874 0.0140111 
-0.0373575 0.0823469 0.0406256 
-0.0613738 0.0645815 0.0270825 
0.0561056 0.0730422 0.024656 
-0.0404609 0.0817057 0.0381364 
-0.0784177 0.0794799 0.0145782 
0.0687618 0.0780703 0.0205513 
-0.0668695 0.0875312 0.0151719 
0.0656967 0.0757904 0.0218253 
0.062598 0.0777153 0.0231767 
-0.0744729 0.0676158 0.0141685 
0.0526051 0.0766668 0.0225402 
-0.0266698 0.147545 0.0402885 
-0.0642395 0.0617133 0.0276071 
0.0584011 0.147771 0.014727 
-0.0672205 0.146338 0.0284003 
0.042635 0.0778292 0.0208478 
-0.0218006 0.0925705 0.0407298 
0.022935 0.0777096 0.0264711 
0.0843214 0.178423 -0.0153294 
0.0135514 0.0776477 0.0234346 
-0.0105991 0.154299 0.0306704 
0.00897436 0.0757832 0.0186975 
-0.0462646 0.0655029 0.0394421 
-0.0418837 0.147186 0.0377852 
0.00584048 0.0773857 0.0159417 
-0.0189633 0.0788397 0.0394161 
-0.0140887 0.0667949 0.0516329 
0.0822957 0.0734426 0.000271525 
0.00590312 0.0860224 0.0232231 
-0.0528342 0.127382 0.0383433 
-0.00965133 0.0782556 0.0341624 
-0.0473379 0.0755156 0.0175376 
-0.0328112 0.137251 0.0421144 
-0.0483542 0.0773906 0.014496 
0.0881365 0.0593369 0.0201985 
0.034566 0.122732 0.0119826 
0.00748106 0.0876668 0.0251811 
0.0486452 0.0827854 0.0174187 
-0.0185038 0.082158 0.0397826 
0.0569453 0.0892501 0.0109685 
0.089795 0.139868 -0.0125904 
0.00931862 0.0988704 0.030753 
-0.0101996 0.0756339 0.0434022 
-0.0507328 0.0745452 0.0151946 
0.074516 0.0876948 0.0168767 
0.076797 0.0840032 0.0148381 
-0.0558928 0.142104 0.0321891 
-0.0607977 0.0572417 0.0316621 
-0.0638493 0.0772459 0.0127626 
0.0660179 0.0660477 0.0222817 
-0.0784985 0.102418 0.0223364 
-0.0688127 0.077254 0.0162453 
-0.0723977 0.0775722 0.0182805 
0.0205935 0.152568 0.00584746 
0.0482841 0.122993 0.015676 
-0.0773892 0.0762153 0.0144554 
0.0709983 0.0723222 0.0169094 
0.0680579 0.07358 0.0193306 
0.0267807 0.161466 0.0187323 
0.0656221 0.0721546 0.020151 
0.0226467 0.0979111 0.0284053 
0.0479153 0.0899076 0.00762812 
-0.0135033 0.0760273 0.0449276 
-0.018174 0.0765171 0.0468241 
0.0056192 0.122818 0.0338082 
0.080334 0.0735124 0.00232769 
0.0387424 0.112884 0.00649897 
0.00973289 0.19588 0.0286339 
0.0117052 0.143925 0.0193537 
-0.00283529 0.147169 0.0329809 
-0.0416118 0.0773067 0.0382774 
0.0893323 0.0663825 0.0199297 
0.0795474 0.0698661 0.0132653 
-0.0203592 0.0673905 0.0524115 
0.0452375 0.162655 0.0282155 
-0.0428614 0.0665608 0.0415437 
0.0225641 0.0876991 0.027979 
0.00160864 0.0906781 0.0211704 
0.0180298 0.122236 0.0272306 
0.0250588 0.0548861 0.0127255 
0.0869996 0.169176 -0.00831837 
0.0523643 0.089585 0.00907131 
0.0857398 0.0597033 0.0203905 
-0.019295 0.0579194 0.0565034 
-0.0225417 0.124651 0.0306637 
0.0469428 0.0577639 0.0320314 
-0.0689707 0.0867009 0.0168877 
-0.0683916 0.0629481 0.0233786 
-0.0653783 0.141676 0.0306245 
-0.0467007 0.0924793 0.024316 
-0.0573892 0.057909 0.0340285 
0.018236 0.0777247 0.025364 
0.0111774 0.0925238 0.0290114 
-0.0570151 0.132404 0.0339734 
0.00958106 0.078035 0.0209119 
-0.0666622 0.0759776 0.0143337 
0.0687961 0.0676644 0.0200403 
-0.0111829 0.122524 0.0300994 
0.0709738 0.0924325 0.0158083 
-0.0779501 0.0910114 0.0198317 
-0.025106 0.0673497 0.0498087 
-0.0200238 0.152455 0.0365376 
0.0170272 0.0606444 0.0112948 
0.0344054 0.073509 0.0292662 
-0.0282886 0.0823104 0.0428915 
-0.0494117 0.139147 0.0376975 
0.0465374 0.0622293 0.0313778 
0.0534767 0.0928265 0.00666065 
0.0455235 0.0810264 0.0190209 
-0.0215833 0.0826425 0.040494 
0.0549614 0.0865981 0.0142693 
0.0855574 0.0631553 0.0210642 
-0.0287735 0.0862008 0.042558 
-0.079537 0.077231 0.0120941 
0.0197437 0.0593114 0.0133621 
-0.045383 0.0772063 0.0180645 
-0.00456515 0.128675 0.0357299 
-0.0718285 0.142516 0.0320096 
0.0682098 0.0904306 0.0176564 
-0.0775412 0.0932876 0.0209553 
0.078041 0.098237 0.00411277 
-0.0247009 0.0650635 0.0544447 
-0.0453203 0.0782233 0.0172744 
-0.0430348 0.0589578 0.0393737 
-0.0515264 0.0613334 0.0374337 
-0.0771473 0.124231 0.0308482 
0.024696 0.0650452 0.0209714 
0.0861619 0.147544 -0.0113323 
-0.063796 0.132224 0.0340153 
-0.0797561 0.0828701 0.0151582 
0.0107666 0.0725659 0.0175771 
0.0510673 0.158342 0.0239989 
0.0989163 0.144857 -0.0188895 
-0.0365888 0.112648 0.0429063 
0.025861 0.0968494 0.0270672 
0.0725102 0.0774285 0.0172374 
-0.0523225 0.0542974 0.0355658 
-0.0314412 0.0554693 0.0287391 
0.0633446 0.102802 0.00837752 
0.0310156 0.147588 0.019593 
0.0687066 0.162783 0.00958889 
0.0636831 0.0980763 0.00831449 
-0.0770867 0.0875304 0.0190885 
-0.00137364 0.137718 0.0355862 
-0.0232916 0.161513 0.0278184 
-0.0286135 0.0978488 0.042025 
0.0209835 0.0650289 0.0194401 
0.0599187 0.133897 0.00838644 
-0.0154771 0.142805 0.0391664 
0.0033068 0.145975 0.0290503 
0.0160867 0.0679135 0.0185779 
0.0380102 0.0541519 0.030655 
-0.0177905 0.0631424 0.050578 
-0.0810575 0.0815943 0.0127557 
0.0646328 0.160172 0.0110566 
0.0521378 0.0684279 0.0260862 
0.0113917 0.0643663 0.00812883 
-0.082099 0.0770738 0.00639209 
0.0270475 0.0586602 0.0176947 
-0.0340645 0.0714767 0.0460185 
-0.0453619 0.0966446 0.0325718 
0.0485297 0.0781061 0.0187396 
-0.0800009 0.124508 0.0303697 
-0.0221776 0.0757115 0.0447177 
-0.0607354 0.0786287 0.0107773 
0.0306399 0.163772 0.0365053 
-0.0521671 0.0632086 0.0358094 
0.0423142 0.15796 0.0305833 
-0.0417048 0.0726044 0.0383572 
0.0361769 0.0879754 0.0221689 
-0.0607334 0.0818368 0.010803 
0.0280497 0.0562456 0.015752 
0.0391147 0.0776011 0.0223764 
-0.0239568 0.0559918 0.0539106 
0.033593 0.159359 0.0311277 
-0.0119642 0.0877028 0.0354077 
-0.0507528 0.0672569 0.033763 
-0.0149968 0.0966849 0.0348204 
0.0154032 0.117629 0.0303373 
0.0849253 0.150777 -0.0132179 
0.0234705 0.0567261 0.0132568 
0.0358694 0.147393 0.0214361 
-0.0157908 0.077009 0.0465074 
-0.0190395 0.0560588 0.0288928 
-0.0695875 0.102663 0.0262448 
-0.045852 0.0723336 0.0358852 
0.0193423 0.0579554 0.0108141 
-0.066709 0.0840585 0.0142525 
0.053364 0.0622606 0.0285032 
-0.0720984 0.0682011 0.0165022 
0.0494596 0.0944753 0.00371677 
0.0587604 0.0855528 0.0189354 
0.0226292 0.0827444 0.0272818 
0.00540903 0.137624 0.0322748 
-0.0771445 0.067297 0.00727103 
0.0169102 0.133669 0.0187049 
0.0322027 0.0943145 0.0228819 
-0.0645095 0.111711 0.029848 
-0.0563007 0.0539886 0.0344248 
0.0619471 0.0855723 0.0203219 
0.0340562 0.0778761 0.0296307 
-0.0598199 0.0756174 0.0121595 
-0.0277392 0.117022 0.0377702 
0.0744557 0.0704535 0.016991 
0.039009 0.0888724 0.0192879 
-0.0708452 0.0575681 0.0234277 
-0.0768503 0.0690433 0.0104348 
0.0163105 0.0590909 0.00799659 
0.0399158 0.147789 0.0241849 
-0.00101515 0.112122 0.0304216 
-0.0597332 0.0698099 0.0230978 
0.0401048 0.0618963 0.0332685 
-0.0703679 0.0596374 0.0232743 
-0.0587143 0.107701 0.0260485 
-0.050581 0.109788 0.0374667 
-0.0672541 0.0538638 0.0255236 
0.0810945 0.181203 -0.0177446 
0.0468187 0.0731389 0.0216456 
0.0723369 0.0814053 0.0188935 
0.0937727 0.0616644 0.0170631 
-0.082606 0.146025 0.0297894 
-0.0279886 0.0726547 0.0446006 
-0.0645614 0.0540225 0.0286906 
0.0189711 0.113698 0.0287361 
-0.0792687 0.0691947 0.00421293 
0.00824419 0.0825695 0.022903 
0.0924317 0.180089 -0.0213254 
-0.0461787 0.146745 0.0353099 
-0.0665648 0.0733574 0.0147717 
-0.0306749 0.0635879 0.0502311 
-0.0649757 0.0572543 0.0289711 
0.0917398 0.156529 -0.0275366 
0.0216997 0.128378 0.015359 
0.0297802 0.0585843 0.0181932 
-0.0131506 0.131509 0.0362785 
-0.0069586 0.152051 0.0314554 
0.0498012 0.0630746 0.0294537 
0.0274723 0.0727867 0.0296731 
-0.0492193 0.0723365 0.0321689 
-0.0264486 0.0649708 0.0527017 
0.0311042 0.142585 0.0192989 
-0.0377373 0.0708151 0.0436717 
-0.0470023 0.0568309 0.0378613 
0.0194292 0.0947954 0.0294238 
-0.0219334 0.147438 0.0399507 
0.0430442 0.0630289 0.0320467 
-0.0625027 0.0711197 0.0231306 
0.0670753 0.121741 0.00632143 
0.00254493 0.0845649 0.0168178 
0.0719255 0.0681067 0.0184659 
-0.0687479 0.0574088 0.0253871 
-0.075574 0.112445 0.0255583 
-0.0502613 0.0729111 0.0183585 
-0.0747211 0.0635916 0.00624167 
0.0721731 0.0637804 0.0178194 
0.0188768 0.0912217 0.0287161 
-0.0600515 0.0623358 0.0301367 
-0.0437314 0.112707 0.0423129 
0.028609 0.0546008 0.0143855 
0.0555187 0.160142 0.0207544 
-0.0297349 0.154591 0.034431 
0.0313326 0.0874408 0.0297701 
-0.0495149 0.103485 0.0338122 
0.0147148 0.074388 0.0221535 
-0.0235285 0.0723669 0.0459386 
0.0158591 0.112508 0.0306612 
0.0346963 0.055512 0.0297882 
0.0620715 0.0730193 0.0225785 
0.0841103 0.181461 -0.0174918 
0.0193802 0.0982549 0.0296158 
0.0566494 0.136864 0.0109195 
0.00921765 0.112883 0.0328899 
-0.0198134 0.1326 0.0372393 
0.0537235 0.0821475 0.0184165 
-0.0180517 0.0544745 0.0546448 
-0.0259759 0.137052 0.0408408 
0.0426494 0.0541551 0.0319727 
0.0542188 0.170832 0.0229318 
-0.057816 0.065623 0.0291109 
-0.0495679 0.148949 0.0317596 
-0.0168901 0.0678684 0.0528737 
0.0645419 0.174982 0.0103931 
-0.0374273 0.0775484 0.0410158 
0.00757764 0.0715967 0.0116645 
0.0223802 0.124867 0.014987 
-0.0541546 0.1344 0.0358148 
-0.0199434 0.057114 0.0300247 
0.0372108 0.132953 0.0183668 
-0.0434459 0.0911252 0.0252826 
0.0738368 0.107871 0.00476174 
-0.00879245 0.137583 0.0374689 
-0.0259648 0.0770112 0.0413793 
0.0409095 0.0867662 0.0189667 
0.0101729 0.0558787 -0.0140447 
-0.0439767 0.117603 0.0428775 
-0.0711811 0.0589177 0.0227454 
0.020772 0.15796 0.00594238 
0.0404622 0.150167 0.0303611 
-0.0433727 0.0626848 0.0414961 
0.098292 0.157463 -0.029999 
-0.0761399 0.143892 0.0314709 
0.00396456 0.152687 0.0211687 
0.0782115 0.0727613 0.00371104 
-0.00467094 0.102549 0.0202659 
0.0479675 0.119836 0.0147022 
-0.0420432 0.0837954 0.0225458 
-0.0881253 0.137169 0.0313686 
0.0269293 0.137808 0.0176661 
-0.0116435 0.0782806 0.0359704 
0.00860566 0.0850016 0.0248565 
-0.0463953 0.149067 0.0333555 
-0.063304 0.0736082 0.0140212 
0.0644305 0.0876927 0.0191982 
0.0373076 0.0775731 0.0234255 
0.0134714 0.0536776 -0.0137351 
0.0191401 0.107283 0.0296147 
0.06907 0.0874417 0.0196801 
-0.0371447 0.0569359 0.0285922 
-0.00619309 0.109745 0.0238116 
-0.0339873 0.063877 0.0467919 
0.0467948 0.0704443 0.0250245 
0.0541773 0.0553123 0.026636 
-0.079223 0.124508 0.0305463 
-0.0666557 0.0710297 0.0209718 
-0.0393527 0.112686 0.0430498 
0.027439 0.0777483 0.0294804 
0.0595667 0.172085 0.0169702 
-0.0621186 0.106528 0.0246749 
-0.0447556 0.0759735 0.0356427 
-0.0098532 0.0634849 0.0492201 
0.053898 0.0844562 0.0161061 
0.0332149 0.0584646 0.0308983 
0.0305152 0.091029 0.0292615 
0.074275 0.079214 0.0160345 
-0.0558941 0.0624857 0.033054 
0.0111819 0.0970079 0.030307 
0.0259369 0.0623494 0.0197712 
-0.0565017 0.13723 0.0336198 
0.0322767 0.0912316 0.0240134 
-0.0833255 0.0931417 0.0130296 
-0.0164063 0.0990624 0.0350873 
-0.0490477 0.0833988 -0.0122106 
-0.0389161 0.0639521 0.0432989 
0.0162005 0.092711 0.0295171 
-0.0515849 0.142188 0.0344818 
-0.0818696 0.0779036 0.00809367 
-0.0240976 0.128109 0.0355454 
-0.044717 0.0596052 0.0401961 
0.0129425 0.0561428 -0.0128926 
-0.0549337 0.0691688 0.0188452 
0.0670789 0.142793 0.0082563 
0.000989437 0.151712 0.0235943 
-0.0525627 0.07726 0.0121981 
-0.0410086 0.0533824 0.0241343 
0.00128572 0.141693 0.0332699 
0.0316067 0.0777042 0.0303772 
0.0405476 0.0580127 0.0336341 
0.0413173 0.17267 0.0304067 
-0.0800995 0.0946052 0.0192759 
0.000862538 0.0881791 0.0175421 
-0.0182463 0.0570247 0.0556359 
0.0175349 0.062846 0.0149092 
-0.0510407 0.146769 0.0327666 
0.0886143 0.0683724 0.0113439 
0.0605684 0.127541 0.0100883 
-0.0265026 0.132297 0.0397385 
0.0566108 0.0581387 0.0266403 
-0.0546109 0.118867 0.035715 
-0.0675308 0.0671093 0.0218907 
0.0343072 0.0922339 0.0215585 
-0.0117562 0.146038 0.0380109 
0.0634452 0.127596 0.00749566 
0.0504292 0.0579887 0.0300538 
0.0514685 0.168054 0.0242603 
-0.0759946 0.125457 0.0315714 
-0.00878437 0.0779735 0.0333399 
0.0146054 0.0618371 0.00944089 
-0.0378707 0.102442 0.0417395 
-0.0490559 0.0644049 0.0377879 
-0.069127 0.127724 0.0354698 
0.0178545 0.13738 0.0165149 
0.0657339 0.0612926 0.021609 
-0.0630617 0.0673048 0.0248675 
-0.0728265 0.128192 0.0341659 
-0.0292251 0.156556 0.0319118 
-0.0664394 0.132414 0.0351075 
0.000745631 0.0862654 0.0155419 
-0.0696527 0.072486 0.0166972 
-0.0715756 0.122546 0.0316105 
-0.058631 0.0703196 0.0211237 
-0.0257561 0.0977282 0.041583 
-0.019078 0.0544963 0.0545065 
0.0532808 0.058068 0.0287056 
-0.0563913 0.1174 0.0329973 
0.0599133 0.0874268 0.0174267 
-0.042879 0.068955 0.0389844 
-0.0789153 0.0710158 0.00836777 
-0.0544009 0.0719306 0.0165945 
-0.0379945 0.0908425 0.0369829 
0.0771155 0.0880033 0.0140258 
0.046033 0.0776366 0.0194148 
0.0188826 0.0741731 0.0240227 
-0.0100233 0.0854696 0.0341938 
0.0317276 0.0543 0.0146423 
-0.0885671 0.149855 0.0269575 
-0.00522623 0.146024 0.0352346 
-0.0710781 0.117312 0.0304367 
-0.0301325 0.0706176 0.0468081 
0.0291197 0.0637731 0.029045 
0.0152474 0.0660422 0.0160754 
-0.0546106 0.0682497 0.0298773 
0.0394359 0.0680503 0.0313168 
0.0170856 0.153006 0.00618475 
0.0596697 0.0627819 0.0256969 
-0.00758024 0.0729147 0.0410335 
0.0825394 0.0600123 0.0191536 
0.0489645 0.0977622 0.00332897 
0.0102678 0.0543475 -0.0147002 
-0.0636661 0.115298 0.0314414 
0.0506877 0.0872055 0.0131396 
-0.0756622 0.0664148 0.0102408 
-0.0450594 0.152445 0.0317297 
0.0939119 0.0589488 0.0168638 
-0.0111559 0.0661801 0.0507041 
0.0807503 0.0631875 0.0194088 
-0.0323071 0.0739112 0.0422027 
0.0907184 0.0624632 0.0193725 
-0.038628 0.157848 0.0301695 
0.0615717 0.0591907 0.0237005 
0.0682272 0.0637187 0.0206767 
0.08854 0.0635058 0.0211339 
0.00439974 0.107876 0.0317546 
-0.0435344 0.137255 0.0414812 
-0.021593 0.126219 0.031467 
0.0277776 0.0680701 0.0292682 
0.0316453 0.067927 0.0315954 
-0.0196238 0.0705696 0.051801 
-0.0376231 0.0732775 0.0401128 
0.0652841 0.0693527 0.0203905 
-0.0372599 0.147185 0.0394512 
0.00937262 0.0685677 0.0110481 
0.0362697 0.0676845 0.0331312 
-0.0496526 0.151674 0.0311103 
-0.0170909 0.0705107 0.0526613 
0.0424159 0.0676337 0.030321 
-0.0156106 0.0701826 0.0523237 
-0.04034 0.0942145 0.0369462 
-0.074763 0.0729225 0.0168692 
0.0458905 0.0651266 0.0295534 
-0.0434136 0.0936042 0.0319102 
-0.00164166 0.150887 0.0282 
-0.0405404 0.0546797 0.0254655 
-0.0322727 0.0873249 0.0417229 
-0.0661219 0.10413 0.0259931 
-0.00971293 0.118963 0.0282596 
0.0593429 0.0595656 0.0254156 
0.0659809 0.0647611 0.0224515 
-0.0220563 0.0582798 0.0561819 
-0.0809671 0.0873261 0.0158915 
0.0485237 0.102827 0.00482753 
0.0606048 0.104869 0.00888979 
0.0106343 0.0658536 0.00849161 
-0.0133183 0.0926478 0.0350788 
-0.0635475 0.127252 0.0341021 
0.0122574 0.0669798 0.0133129 
-0.0468105 0.067773 0.0366565 
-0.0673994 0.122414 0.0341549 
-0.0106797 0.0641692 0.0499379 
0.0504632 0.117631 0.0136946 
0.0201103 0.0676839 0.0208218 
-0.0757636 0.0776639 0.0172853 
0.048379 0.0704421 0.0255652 
0.0139193 0.0639003 0.0119155 
-0.0399419 0.104596 0.0419657 
-0.0665691 0.127021 0.0353612 
0.073561 0.159303 0.00536863 
0.00978484 0.13762 0.0286721 
0.01849 0.0876166 0.0283515 
0.0461095 0.0678304 0.0274971 
-0.0783787 0.0727992 0.0107166 
-0.0764682 0.0824842 0.0178914 
0.0494193 0.0672852 0.0272677 
-0.0221351 0.0783197 0.0403616 
0.000459518 0.1477 0.0296908 
-0.0184564 0.0728846 0.0473034 
-0.057461 0.127393 0.0338519 
-0.0365139 0.0926333 0.0388589 
0.0783445 0.111196 -0.000250162 
0.0594685 0.0657571 0.024978 
-0.0418335 0.0976066 0.0377406 
0.0362221 0.0714134 0.0321708 
-0.0404231 0.0556282 0.0260173 
-0.00139783 0.117482 0.032817 
0.0625244 0.0673434 0.0228458 
-0.0525173 0.117691 0.0381032 
0.0215638 0.062419 0.0178293 
-0.0388761 0.0673265 0.044105 
-0.0623073 0.0976488 0.018204 
0.00506064 0.146479 0.0262723 
-0.0131479 0.072892 0.044537 
0.0165841 0.0537407 -0.0136018 
-0.0820469 0.128206 0.0309533 
-0.0551886 0.130502 0.0354832 
0.00830292 0.132688 0.0318787 
-0.0286768 0.093359 0.0417581 
0.0596658 0.167823 0.0165147 
0.00269981 0.122454 0.0343632 
0.0824075 0.0818421 0.00208935 
0.075461 0.0677045 0.0186249 
0.0630822 0.0825163 0.0221879 
0.0803326 0.0672622 0.0193936 
-0.000187106 0.0943424 0.0213354 
0.0504583 0.15297 0.0235442 
-0.0365099 0.117479 0.0430556 
-0.0155668 0.0720123 0.0463366 
-0.027709 0.0745718 0.0415396 
0.0363217 0.182709 0.0166246 
0.0695003 0.15129 0.00567723 
0.0760228 0.0920624 0.0130658 
-0.00970741 0.0726469 0.0424212 
0.0148346 0.122466 0.0297824 
-0.0709145 0.138893 0.033754 
-0.0553671 0.122539 0.0357051 
0.0254879 0.0683835 0.0272502 
0.0828661 0.172674 -0.0122372 
0.0469886 0.054535 0.0311858 
0.0852248 0.0664712 0.0199589 
-0.0261885 0.123707 0.0362362 
-0.0557299 0.112316 0.0314442 
0.0237134 0.0736153 0.0263209 
0.0157288 0.107605 0.0309525 
-0.0806834 0.0725572 0.00502479 
0.0535704 0.152556 0.019253 
-0.0392759 0.117638 0.0432635 
-0.0585946 0.0730993 0.0140618 
0.0865811 0.067429 0.0194511 
0.025663 0.103682 0.0257732 
-0.0235217 0.130933 0.0372727 
0.0427016 0.187554 0.0122381 
0.0526353 0.0788726 0.0205958 
0.0848346 0.0689554 0.0119631 
-0.0309746 0.151787 0.037463 
0.0332988 0.0862959 0.0296052 
-0.050334 0.101946 0.0302372 
0.0577457 0.0927141 0.0084904 
-0.0828503 0.0818252 0.00879957 
-0.0734338 0.132422 0.0351776 
0.014773 0.0719396 0.0205193 
0.0229307 0.0721488 0.0243541 
-0.0476055 0.0622898 0.0396015 
0.0317406 0.0726099 0.0305021 
0.038502 0.0720399 0.0310542 
0.0309336 0.0565094 0.0165437 
0.0416106 0.071323 0.0302019 
-0.0210794 0.0557227 0.0549328 
0.0395432 0.0947258 0.00586897 
-0.069048 0.0821932 0.0158919 
-0.0331119 0.0576315 0.0302561 
0.0439091 0.191897 0.0113789 
0.0512429 0.0727599 0.0246154 
0.0075563 0.0736495 0.0147855 
-0.0703241 0.0985828 0.0244546 
-0.033522 0.160985 0.0286791 
0.00259628 0.127391 0.0347489 
-0.0453673 0.0986751 0.0354983 
-0.0527976 0.122447 0.0384949 
0.0265816 0.147813 0.0186419 
-0.00137695 0.0977993 0.0218397 
-0.0718359 0.146025 0.0297493 
0.051579 0.0847571 0.0155943 
0.015989 0.097509 0.0303041 
-0.0161795 0.0921849 0.03792 
0.00582813 0.0966771 0.0281312 
-0.0602933 0.127456 0.0326358 
0.0734284 0.0945278 0.0126822 
0.0736928 0.168454 0.000380683 
-0.0783538 0.15056 0.0263909 
-0.0152617 0.147607 0.0382943 
0.0927477 0.142574 -0.0144614 
-0.00269809 0.0969216 0.0190715 
0.0282554 0.0975132 0.0250405 
-0.0205119 0.129572 0.0346071 
-0.06364 0.136345 0.033019 
0.0711121 0.139706 0.00453197 
0.0403146 0.094336 0.00577626 
0.00901717 0.12281 0.0326876 
-0.0515143 0.113128 0.0375443 
0.0309453 0.0977682 0.0222359 
-0.0608743 0.137012 0.0319168 
-0.0214583 0.0876808 0.0406728 
0.0595266 0.0949141 0.00814883 
-0.0293238 0.0629377 0.0521931 
0.06696 0.0950202 0.010515 
-0.0293883 0.133181 0.0413971 
-0.0708539 0.11247 0.0296258 
-0.00844771 0.142833 0.0372998 
0.0391846 0.0963701 0.00544132 
0.043682 0.0971654 0.00277109 
0.0120623 0.128179 0.0302324 
-0.0203958 0.0632524 0.0531193 
0.078224 0.0950234 0.00477826 
0.0863571 0.151016 -0.0126348 
-0.0426532 0.10239 0.0397562 
-0.0495136 0.0710657 0.0331548 
0.00592332 0.099156 0.0293184 
-0.0686345 0.147714 0.0277589 
0.0406047 0.0972693 0.00334532 
-0.0813676 0.0923161 0.0169871 
0.0468453 0.095893 0.00295168 
0.0537809 0.098263 0.00607565 
0.0357974 0.0555554 0.0306858 
0.0589147 0.0975321 0.00779841 
0.0684651 0.0978841 0.00845569 
0.0722693 0.0961216 0.0103482 
0.0746978 0.098004 0.00611471 
-0.0814141 0.10191 0.0176544 
0.0561876 0.167695 0.0203923 
0.00493488 0.0829586 0.0194399 
-0.0617852 0.101722 0.0204717 
-0.0804774 0.101878 0.0192186 
-0.0744638 0.1025 0.0253732 
-0.0663125 0.100793 0.0233153 
0.0510897 0.162828 0.0237388 
-0.0535444 0.102177 0.0269494 
-0.0289319 0.102484 0.041928 
-0.0256622 0.102702 0.0408166 
-0.0833334 0.0870627 0.0109865 
-0.0227124 0.101829 0.0394249 
0.0484802 0.127789 0.0167541 
0.0809203 0.0933307 0.00299085 
0.00832696 0.147931 0.0204352 
0.0364827 0.178913 0.0158025 
0.00785974 0.151704 0.0196912 
0.0802773 0.0977701 0.00237371 
0.00961043 0.151143 0.0195208 
0.0826277 0.0978815 2.79171e-05 
0.0439535 0.126773 0.0171104 
-0.0315921 0.0538633 0.0274264 
0.0246485 0.122778 0.0134442 
-0.0640232 0.102973 0.0228748 
-0.0561205 0.102792 0.0254302 
0.0674823 0.107728 0.00756 
0.0321542 0.136556 0.0180379 
0.00854178 0.127834 0.0325199 
-0.0185733 0.0927278 0.0394947 
0.0368952 0.0580806 0.0332923 
0.0568218 0.0987749 0.00737879 
0.0479788 0.153289 0.0258628 
-0.0027447 0.102392 0.0229216 
0.000208496 0.10132 0.0259318 
-0.0557842 0.0568022 0.0353636 
0.00122656 0.103136 0.0277511 
0.0194987 0.136185 0.0161902 
0.00510292 0.102757 0.0303304 
-0.0467042 0.102826 0.0369409 
0.00971426 0.102858 0.0315719 
-0.0479714 0.13718 0.0395632 
0.0122771 0.101923 0.0314243 
-0.0150995 0.133482 0.037304 
0.0752181 0.146573 -0.000141892 
-0.04731 0.142267 0.037738 
-0.0298245 0.0676535 0.0485831 
0.0711729 0.0990936 0.00718146 
-0.0826543 0.142201 0.0314371 
0.0439462 0.122841 0.0155576 
0.0291859 0.101492 0.0217285 
0.0879807 0.151603 -0.0137181 
-0.0410035 0.104239 0.041501 
0.0119992 0.0692867 0.0159774 
0.0428755 0.101129 0.000862622 
0.0445378 0.102803 0.00299944 
0.0491984 0.100342 0.00377214 
0.0531542 0.102731 0.00717256 
0.0365217 0.0630214 0.0338203 
0.0574725 0.103035 0.00838638 
-0.0223212 0.0973863 0.0403935 
0.0597769 0.101477 0.00800949 
-0.048706 0.127441 0.0413427 
-0.0431473 0.107722 0.0414822 
0.063078 0.0943518 0.00906807 
0.051792 0.141248 0.0152971 
0.0188042 0.184857 0.023816 
0.0678518 0.102844 0.00769103 
0.097946 0.147427 -0.0199041 
-0.00479662 0.112828 0.027934 
0.0741771 0.102744 0.00546715 
-0.0473244 0.108498 0.0394673 
0.018567 0.0649901 0.0180985 
0.077884 0.102978 0.0030713 
-0.0115846 0.155795 0.0286949 
-0.0480729 0.106461 0.0379846 
0.0800619 0.101538 0.00165705 
0.0561041 0.152629 0.0162945 
0.0283123 0.132316 0.0160425 
-0.0807565 0.105125 0.0183704 
0.0429581 0.073819 0.0207985 
-0.0801482 0.105159 0.0192876 
-0.0783558 0.107211 0.0220886 
0.06089 0.117903 0.0104207 
-0.0749148 0.107259 0.0261631 
0.0546213 0.117917 0.0129302 
-0.0701321 0.106999 0.0281858 
0.0824306 0.140052 -0.00766896 
-0.065432 0.107828 0.0280977 
-0.0603 0.10492 0.0215608 
-0.0870533 0.128893 0.0305034 
-0.055088 0.10687 0.0287931 
0.0294589 0.093268 0.0253937 
-0.0513142 0.107536 0.0347627 
-0.0447341 0.105616 0.0398482 
-0.0370553 0.107394 0.0427575 
-0.0292845 0.106928 0.0417075 
0.0893649 0.153968 -0.0246636 
-0.021726 0.105811 0.0363154 
-0.0541024 0.116057 0.0356206 
-0.00164679 0.104379 0.0257766 
0.0814584 0.102776 -0.000203146 
0.0775997 0.146798 -0.00288476 
-0.0232377 0.107984 0.0365212 
-0.0541679 0.108579 0.0309264 
-0.00597065 0.107477 0.021944 
-0.004314 0.106404 0.0236484 
0.0672472 0.117449 0.0069968 
0.0951185 0.152745 -0.0217257 
-0.00340468 0.108124 0.0261799 
6.48443e-05 0.107836 0.0290595 
0.0094623 0.107783 0.0323905 
0.057795 0.117554 0.0118019 
-0.0733306 0.149162 0.0275679 
-0.0456703 0.140117 0.0395347 
-0.0296294 0.0892687 0.0408889 
-0.00972779 0.117143 0.0262334 
0.012494 0.108118 0.0320056 
0.0251186 0.107463 0.024884 
0.0802379 0.104471 0.000579429 
-0.0735746 0.109375 0.0275825 
-0.0709354 0.109404 0.0287855 
0.0616796 0.147858 0.0120322 
-0.0327032 0.142197 0.0416306 
0.0839355 0.13962 -0.0090966 
0.0432201 0.107863 0.00509108 
0.0473918 0.107771 0.00713494 
0.0226324 0.0590934 0.0155943 
0.0522078 0.107769 0.00949302 
0.0572898 0.107935 0.00985407 
0.0708884 0.107972 0.00612498 
0.0770687 0.107899 0.00240514 
0.0630935 0.0627734 0.0237666 
0.0796743 0.107698 7.52365e-05 
-0.073714 0.111978 0.0276338 
0.0560239 0.0766471 0.0238302 
-0.0595389 0.110692 0.0275054 
-0.0529084 0.112081 0.0355124 
-0.0481872 0.112743 0.0403128 
-0.0327798 0.112521 0.0420578 
0.0357806 0.176355 0.0134897 
-0.0276212 0.112174 0.0390183 
0.0476645 0.110263 0.00900785 
-0.0248068 0.111982 0.0358481 
-0.0480007 0.0588287 0.0391657 
-0.0671253 0.1133 0.0310679 
-0.0365381 0.0536032 0.0259696 
-0.00736716 0.110933 0.0221354 
0.00428826 0.112573 0.0329394 
0.012589 0.113135 0.0321073 
0.0210391 0.112402 0.0274772 
-0.0296254 0.113757 0.0404524 
-0.00774251 0.113524 0.0250413 
0.0241307 0.11139 0.0238057 
0.00556123 0.127483 0.0338042 
0.0394346 0.109845 0.00545348 
0.0406634 0.109933 0.00611078 
0.0759274 0.0633718 0.0177706 
-0.011617 0.138446 0.0381239 
0.0508424 0.110275 0.0102447 
-0.03906 0.0850666 0.0377359 
0.00222384 0.114208 0.0330881 
0.041741 0.112843 0.00795943 
-0.0115535 0.142579 0.0383137 
0.0462517 0.112975 0.0102912 
0.0510427 0.11296 0.0117273 
0.0573447 0.112641 0.011194 
0.0675677 0.1127 0.00734192 
0.0239329 0.174843 0.00153745 
-0.0830798 0.132307 0.0321723 
-0.0555855 0.127111 0.0355431 
0.0709445 0.112845 0.00549917 
0.0544191 0.113758 0.0120941 
0.0420856 0.128794 0.0178625 
0.0208781 0.187912 0.0248669 
0.0736986 0.112097 0.00402899 
-0.0742599 0.116869 0.0265246 
0.0914063 0.0596851 0.0183512 
-0.0733453 0.115962 0.0277967 
-0.0153762 0.0824649 0.038509 
-0.0607297 0.117189 0.0311205 
-0.0487054 0.117601 0.0409814 
-0.0331779 0.117484 0.0419798 
-0.000463828 0.114002 0.0319548 
-0.0534158 0.0745049 0.0137279 
-0.0624771 0.094731 0.016506 
-0.0296104 0.117514 0.039767 
0.014316 0.130835 0.0276307 
-0.0327759 0.102859 0.0423695 
-0.0574661 0.0684093 0.0212918 
0.00266539 0.11788 0.0337788 
-0.0264512 0.117226 0.0364388 
-0.00670013 0.116107 0.0286605 
0.0765415 0.158463 0.00224381 
0.0119019 0.138125 0.0245234 
-0.00578916 0.117896 0.0304252 
-0.0365642 0.127644 0.0429562 
0.0569716 0.173489 0.0194881 
-0.0594079 0.0670045 0.0255213 
0.00526956 0.117605 0.0337215 
-0.0227722 0.13423 0.0390862 
0.0207275 0.116609 0.0262652 
0.0272944 0.117715 0.0116039 
0.0268519 0.181673 0.0202567 
0.0288167 0.117764 0.0107289 
-0.0122148 0.12529 0.0318779 
0.0367883 0.116349 0.00877359 
0.0407381 0.116815 0.0100449 
-0.022962 0.150874 0.0386669 
0.0455779 0.116586 0.0123861 
0.0736348 0.114796 0.00323192 
0.0822436 0.176586 -0.0143303 
0.0645533 0.118046 0.00857234 
-0.0409076 0.139433 0.0414217 
0.0248135 0.16759 0.0056695 
0.0701253 0.117857 0.00495 
-0.00497798 0.142322 0.0362777 
0.0273125 0.169604 0.00468104 
0.0577284 0.0785398 0.0231806 
0.0730625 0.11774 0.00216778 
0.0746559 0.115957 0.00175083 
-0.0509024 0.0554907 0.0366791 
-0.0154514 0.0785633 0.0382367 
0.0191878 0.117953 0.0271876 
-0.0601741 0.122053 0.0320523 
-0.0486815 0.122507 0.0413902 
-0.0439528 0.122522 0.0429967 
-0.039118 0.122491 0.0432867 
0.0954237 0.156689 -0.0282037 
-0.0630547 0.09181 0.0147508 
-0.0363628 0.122462 0.0430719 
-0.0268721 0.0625016 0.0548891 
-0.0331901 0.122404 0.0420737 
-0.00151683 0.132579 0.0358296 
0.05651 0.0632024 0.0270152 
-0.0705458 0.0667104 0.0197201 
-0.0295142 0.122152 0.0395232 
-0.0276117 0.122647 0.0375645 
0.0445831 0.119147 0.0137201 
-0.00693851 0.122425 0.0325173 
-0.0368599 0.132532 0.0426707 
-0.051628 0.0992403 0.0263328 
-0.0194006 0.12524 0.0286054 
0.0259466 0.119319 0.0123799 
0.024394 0.163473 0.00632537 
-0.0130184 0.120698 0.0253638 
0.0219086 0.107693 0.0279226 
-0.0154743 0.123474 0.0280082 
-0.0395597 0.107954 0.0424917 
-0.000790759 0.0926947 0.0189763 
0.0276517 0.122187 0.012318 
0.0307835 0.122469 0.0111769 
0.0393068 0.122729 0.0133732 
0.0611103 0.113133 0.010098 
-0.0124546 0.119714 0.0249254 
0.0546297 0.123072 0.0137732 
0.0644218 0.112952 0.00863568 
0.0579999 0.122471 0.0121032 
0.0708739 0.103364 0.006714 
0.0607588 0.122849 0.0106422 
0.0645102 0.122794 0.00812619 
0.0137754 0.145575 0.0172192 
0.0478383 0.167052 0.0278336 
-0.0776153 0.127605 0.0318818 
0.00179753 0.0974701 0.0255073 
0.0541663 0.132616 0.0142379 
-0.0730009 0.125794 0.0328119 
0.0757847 0.112481 0.00191495 
-0.0439783 0.127456 0.0429412 
-0.0833145 0.137269 0.0328002 
-0.0392837 0.127361 0.0432038 
-0.0329551 0.127409 0.0420319 
-0.0712831 0.0623973 0.021016 
-0.0297572 0.126436 0.0403753 
-0.0195058 0.124468 0.0273653 
0.0582082 0.132907 0.0105746 
-0.016744 0.125257 0.0297604 
-0.00676884 0.125324 0.034249 
0.0489383 0.185881 0.0262373 
-0.0372673 0.137736 0.0422707 
0.033519 0.182431 0.0180494 
-0.00814016 0.127758 0.0351093 
-0.0396584 0.136818 0.0424644 
-0.00215915 0.12719 0.0353029 
-0.0806035 0.0977873 0.0194232 
-0.0742334 0.140662 0.0331091 
-0.017761 0.127731 0.0325317 
0.0644353 0.177051 0.00970199 
0.0387834 0.0854378 0.0216236 
-0.0130995 0.127968 0.0338981 
0.0144071 0.12727 0.028871 
-0.0721842 0.0727589 0.0178069 
0.0163839 0.127752 0.0262158 
0.067169 0.124453 0.00523804 
0.0455251 0.138482 0.0194632 
0.0235175 0.126039 0.0139662 
0.0295425 0.12789 0.0141363 
0.0343715 0.126073 0.013349 
0.0383597 0.12589 0.0150323 
0.0516143 0.127898 0.0157142 
0.058233 0.128266 0.011763 
0.0381212 0.128531 0.016526 
-0.00161325 0.142733 0.0345484 
-0.0731421 0.0642955 0.0143875 
-0.0872502 0.132092 0.0308357 
-0.0782077 0.132301 0.0333809 
-0.0603229 0.11296 0.0292304 
-0.069393 0.132273 0.0356456 
-0.0608588 0.132236 0.0323108 
-0.0543988 0.146573 0.0313252 
0.0443593 0.098831 0.00167372 
0.068664 0.122224 0.0046833 
-0.052767 0.13227 0.0376025 
-0.0485846 0.132381 0.0406524 
0.0400022 0.119407 0.0116075 
0.0733827 0.143344 0.0027743 
0.0242291 0.183831 0.0223617 
-0.0438367 0.13238 0.0424402 
-0.0328966 0.132286 0.042081 
-0.0165226 0.130515 0.0354521 
-0.0427233 0.0869948 0.0235942 
-0.00882822 0.132681 0.0367752 
-0.0438176 0.0825249 0.0195932 
-0.0286453 0.0781456 0.0423093 
-0.00448662 0.132622 0.036291 
0.00235587 0.132348 0.0347145 
0.081043 0.0776405 0.00276918 
0.00559098 0.132716 0.0333466 
-0.0345423 0.0675928 0.0472263 
-0.0562864 0.0745317 0.0130538 
0.0323039 0.1329 0.0165239 
0.0422688 0.133066 0.0190181 
0.0450459 0.131764 0.0183909 
0.0485886 0.132802 0.017259 
0.00904188 0.140803 0.0271874 
0.0516105 0.1305 0.0158226 
0.0165902 0.140787 0.0170363 
0.0603234 0.131176 0.0091707 
0.0311288 0.138526 0.018425 
-0.0018859 0.153868 0.0235858 
0.0614476 0.131337 0.00786378 
-0.0784156 0.137358 0.0338993 
0.0318484 0.062843 0.0313297 
-0.0734034 0.137107 0.0345354 
-0.0671544 0.137493 0.033682 
0.02801 0.167218 0.0171251 
-0.0514073 0.136382 0.0374149 
0.0194196 0.102401 0.0298007 
-0.021979 0.13804 0.0399809 
0.00927372 0.117912 0.0328944 
0.0228071 0.102834 0.0281171 
-0.0191362 0.137437 0.0390538 
-0.0150753 0.137747 0.0385057 
-0.0045633 0.137491 0.0366099 
0.0649913 0.16271 0.0128074 
0.00187611 0.137352 0.0342499 
0.0903784 0.155765 -0.0268417 
0.00788825 0.136632 0.0309895 
0.0126588 0.0821841 0.0253341 
0.0273501 0.13487 0.0166045 
0.0123796 0.0847423 0.0265122 
0.0925912 0.139797 -0.0144576 
0.0796885 0.158347 -0.000796848 
0.015369 0.138045 0.0185967 
0.04557 0.135097 0.0187284 
0.0985088 0.140476 -0.0164723 
0.0116144 0.140967 0.021526 
0.0371819 0.137189 0.0199443 
0.0418974 0.137769 0.0201209 
0.0487567 0.137902 0.0175194 
0.0537092 0.137684 0.013821 
-0.00214403 0.12242 0.0342424 
0.0354002 0.138804 0.0201347 
-0.0165017 0.095921 0.036757 
-0.0593698 0.141263 0.0310008 
-0.0426821 0.14264 0.039938 
-0.0292623 0.141721 0.0414247 
-0.0266047 0.142364 0.0411286 
-0.0435379 0.140426 0.0405269 
-0.0218088 0.142806 0.0404492 
0.0076819 0.139786 0.0291296 
-0.0188507 0.142456 0.0398642 
0.0073761 0.142827 0.0268046 
0.00407493 0.142333 0.0311022 
0.0959447 0.13922 -0.0154718 
0.0141543 0.142419 0.0182473 
0.0268572 0.142533 0.0180981 
0.0358913 0.142687 0.0207094 
0.0383582 0.141606 0.0209223 
0.0413986 0.142488 0.0209568 
0.0466979 0.142935 0.0212541 
0.0648563 0.139878 0.009209 
0.0671208 0.139837 0.0082265 
0.0328607 0.128335 0.0147657 
0.0734726 0.140007 0.00233524 
0.0752344 0.14012 0.000989175 
-0.0142971 0.0637004 0.0501873 
0.0859897 0.139775 -0.00989603 
-0.0899809 0.147696 0.027194 
0.0813855 0.14961 -0.016361 
0.0502356 0.141046 0.016569 
0.0565198 0.162701 0.0194383 
0.0549907 0.142967 0.015436 
-0.0666128 0.117462 0.0326074 
0.0646978 0.142763 0.00962106 
0.0708672 0.142774 0.00508219 
-0.0225033 0.157836 0.0298289 
0.0989904 0.14219 -0.0173041 
0.0269281 0.10202 0.0249825 
0.00981837 0.143825 0.0213037 
0.061953 0.143328 0.0119053 
0.0180625 0.133088 0.0174441 
0.0753983 0.142856 0.000879724 
0.0133231 0.134915 0.0261964 
0.0821012 0.143163 -0.00627203 
0.0866408 0.142964 -0.00992644 
-0.0261317 0.092518 0.0415516 
0.0119588 0.132886 0.0289014 
0.0786457 0.143421 -0.00239911 
0.0839841 0.143103 -0.00751715 
-0.0486269 0.0987433 0.0284183 
0.0521165 0.144271 0.0195261 
-0.0869801 0.147031 0.0284086 
-0.0763007 0.147106 0.0292777 
0.0330509 0.174277 0.0355692 
0.0823226 0.0896936 0.00244048 
-0.0329227 0.1464 0.0404145 
0.0349851 0.175891 0.0353198 
0.00102952 0.144634 0.0321845 
-0.0243216 0.155813 0.0330546 
0.100268 0.143963 -0.0192839 
0.0843162 0.0882768 -0.000137026 
-0.0310733 0.148263 0.0396942 
-0.0191409 0.148543 0.0390493 
0.0665014 0.12548 0.00564386 
-0.00880053 0.147588 0.0361308 
0.0389735 0.144803 0.0213284 
-0.0160004 0.151241 0.0368266 
-0.0800082 0.147376 0.028615 
0.0836091 0.0927481 0.000154581 
-0.0527032 0.137823 0.0357833 
0.0109947 0.147274 0.019272 
0.0405413 0.145723 0.0216712 
-0.0414495 0.0606614 0.0405924 
0.0445403 0.148095 0.0268712 
