-0.00528069 0.207182 0.0284109 
-0.00342816 0.206241 0.0274265 
0.0323096 0.204913 0.0158398 
0.00475544 0.201873 0.0244511 
0.00462197 0.198799 0.0266897 
0.0378291 0.197866 0.0131837 
0.0363911 0.199345 0.0136806 
0.0225231 0.197033 0.0176973 
0.0190031 0.197776 0.0192561 
0.0354152 0.195563 0.015908 
0.0102104 0.195755 0.0248025 
0.0250911 0.194512 -0.00509053 
0.02743 0.193249 -0.00835192 
0.0409834 0.193163 0.0301578 
0.0891954 0.18882 -0.0141238 
0.0390642 0.193756 0.00698223 
0.0938248 0.187114 -0.0229351 
0.0892228 0.188137 -0.0162589 
0.089355 0.187891 -0.0122316 
0.0286085 0.192006 -0.00433214 
0.040706 0.192284 0.00976089 
0.0386142 0.193004 0.0142264 
0.041281 0.192208 0.0329915 
0.0902179 0.186513 -0.015762 
0.0481392 0.187742 0.0119253 
0.038698 0.18864 0.0148475 
0.0331392 0.18877 0.0173357 
0.0894863 0.185587 -0.0108343 
0.0614983 0.186045 0.00682455 
0.0456946 0.187556 0.0303553 
0.0920804 0.183651 -0.0281101 
0.0955238 0.183219 -0.0168934 
0.099274 0.183275 -0.0146211 
0.101906 0.181868 -0.0106987 
0.10077 0.181215 -0.00715288 
0.0704433 0.183383 -0.000309194 
0.0713673 0.183408 0.00425052 
0.0470747 0.186402 0.025852 
0.0488757 0.184128 0.027843 
0.0477776 0.184262 0.0298862 
0.0707512 0.18189 -0.00370943 
0.0478715 0.183222 0.0300348 
0.0906704 0.180196 -0.0281768 
0.0723647 0.180772 0.00804555 
0.0613404 0.181535 0.0147857 
0.0502118 0.182004 0.0264988 
0.0362668 0.201366 0.00964676 
0.0400642 0.181149 0.0294592 
0.0708286 0.179466 0.01139 
0.0219416 0.183233 0.0393808 
0.0848229 0.176105 -0.0323315 
0.0882096 0.178179 -0.030443 
0.0942694 0.178091 -0.0167601 
0.101591 0.177414 -0.00601595 
0.0712793 0.179155 0.00491679 
0.0658856 0.178046 0.015384 
0.0528753 0.180235 0.0223231 
0.0465011 0.178725 0.0259361 
0.0420258 0.178997 0.0296113 
0.0243796 0.18155 0.0382229 
0.0884438 0.175139 -0.0237617 
0.100853 0.174584 -0.00892333 
0.0717455 0.175691 0.00240065 
0.0502539 0.177004 0.0233555 
0.0831809 0.174645 -0.0317324 
0.0867086 0.174614 -0.0292501 
0.0944312 0.174299 -0.0148926 
0.03179 0.177142 0.0335829 
0.0834528 0.171246 -0.0293187 
0.0855489 0.172666 -0.026429 
0.0772005 0.170772 -0.0202679 
0.0955819 0.171848 -0.00901476 
0.097505 0.171446 -0.00223279 
0.0922683 0.171761 0.00190643 
0.0776014 0.170919 0.00534935 
0.101992 0.178154 -0.00983761 
0.0715299 0.174286 0.00579287 
0.0669438 0.17377 0.0104355 
0.0638343 0.174075 0.0148252 
0.0576076 0.174263 0.0198495 
0.0526272 0.174352 0.0224265 
0.0473483 0.174898 0.0261144 
0.036218 0.174464 0.033433 
0.020358 0.174017 0.039367 
0.0172234 0.174141 0.0409191 
0.097467 0.169123 -0.00377135 
0.0240676 0.171914 0.0376187 
0.0922981 0.16747 -0.00900222 
0.0931468 0.167834 -0.00774682 
0.0896824 0.167469 0.00218763 
0.0195779 0.185536 0.0402784 
0.0867247 0.166975 0.00521844 
0.0676476 0.168937 0.0114896 
0.0501954 0.168191 0.0249226 
0.0171422 0.171153 0.041582 
0.0790787 0.166799 -0.0270348 
0.0783568 0.167562 -0.023611 
0.0635438 0.166414 -0.0204429 
0.0870412 0.164831 0.000368483 
0.0837209 0.165587 0.00620676 
0.0796957 0.165794 0.00894992 
0.0761463 0.168554 0.00805877 
0.0724261 0.165715 0.012213 
0.0681857 0.165682 0.0145862 
0.0534749 0.168881 0.0226232 
0.0420538 0.170043 0.028771 
0.0393661 0.169031 0.0302566 
0.0361374 0.169835 0.0330158 
0.0278958 0.170084 0.0357857 
0.0237796 0.168551 0.0363256 
0.0210454 0.169965 0.0390261 
0.0219986 0.166983 0.0400699 
0.0857077 0.163474 0.000303297 
0.0787551 0.163845 0.00840982 
0.0679458 0.16422 0.0148403 
0.087485 0.162948 -0.00492891 
0.100032 0.172858 -0.00515636 
0.0242623 0.16606 0.0386637 
0.0753288 0.161875 0.00845487 
0.0714478 0.163034 0.011942 
0.0515441 0.160817 -0.00612132 
0.0536058 0.160661 -0.00297185 
0.0546345 0.160362 0.00130367 
0.0541589 0.16062 0.00467593 
0.0533581 0.160503 0.0101053 
0.0522235 0.160906 0.0164013 
0.0441255 0.163873 0.0252159 
0.0418303 0.164319 0.0288769 
0.0395954 0.162589 0.0294606 
0.0316239 0.164193 0.0354042 
0.0286396 0.164367 0.0368787 
0.0472297 0.161431 -0.0116712 
0.0569503 0.15938 -0.00550398 
0.0492021 0.160385 -0.013066 
0.0495117 0.15932 -0.0120627 
0.0529166 0.159681 0.0157837 
0.0517271 0.158749 -0.0144437 
0.0813492 0.162777 0.00467138 
0.0611393 0.157971 -0.00553324 
0.0416401 0.159223 0.0271995 
0.0959302 0.155206 -0.0298307 
-0.000403334 0.204263 0.0265394 
0.0640827 0.157106 -0.00916275 
0.0684453 0.155658 -0.00750391 
0.0587598 0.157968 0.00065387 
0.00805811 0.199121 0.0246686 
0.095522 0.153989 -0.0314929 
0.0617102 0.155977 0.00889053 
0.0672476 0.154234 0.00596481 
0.0647629 0.154747 0.0094427 
0.062082 0.154915 0.013498 
0.0591024 0.156652 0.0136128 
0.0522476 0.157215 0.0204606 
0.078421 0.164082 -0.0252373 
0.0494911 0.158286 0.0216088 
0.0435707 0.157758 0.02472 
0.0393636 0.157834 0.0290165 
0.0984769 0.153923 -0.0132019 
0.0207832 0.157043 0.0391053 
0.0944547 0.152775 -0.0084781 
0.102041 0.151111 -0.0178741 
0.0395468 0.194773 0.0323704 
0.0635115 0.153293 0.0016397 
0.0966698 0.175596 -0.0107641 
0.0260955 0.154854 0.0350954 
0.0233225 0.153754 0.0356162 
0.0711048 0.151597 0.000692418 
0.098717 0.150646 -0.0110065 
0.103263 0.149142 -0.0237985 
0.0229496 0.194206 -0.00224867 
0.0592859 0.15087 0.0148915 
0.103233 0.156305 -0.0270901 
0.0518379 0.15168 0.0197257 
0.0487923 0.151805 0.0214564 
0.0440952 0.151807 0.024271 
0.041314 0.153008 0.0259493 
0.0779018 0.161122 0.0059791 
0.0656345 0.155677 -0.00252671 
0.0375543 0.152421 0.028549 
0.0312818 0.150547 0.0334005 
0.0574744 0.18927 0.00359134 
0.0993622 0.148923 -0.0312182 
0.0949645 0.146368 -0.0291472 
0.0959991 0.146551 -0.0266099 
0.104653 0.148406 -0.0158276 
0.101368 0.148236 -0.0114352 
0.0880893 0.149645 -0.00433939 
0.0836929 0.14784 -0.00145018 
0.0799835 0.14878 -0.000457594 
0.075772 0.149156 0.00243857 
0.0721417 0.149086 0.00592136 
0.069804 0.151545 0.0064197 
0.0985551 0.152597 -0.0298085 
0.0316632 0.149216 0.0316423 
0.0696893 0.146889 0.00880224 
0.0329557 0.148927 0.0286671 
0.0951519 0.145237 -0.0258133 
0.0945258 0.144892 -0.0343964 
0.0914591 0.144866 -0.0286562 
0.0982009 0.146963 -0.00833872 
-0.0334977 0.148829 0.0351492 
0.0847608 0.14346 -0.0277504 
0.0219296 0.196374 -0.00302638 
0.0592186 0.146846 0.0156457 
-0.0281701 0.148141 0.0347567 
0.0861796 0.143743 -0.0330655 
0.0787542 0.171398 -0.0214732 
0.0488622 0.146446 0.0216174 
0.0351451 0.203555 0.0128043 
0.0797945 0.142342 -0.0304103 
0.0685896 0.178455 0.0108425 
0.0428179 0.143768 0.0194738 
0.0673906 0.152664 -0.000970987 
0.0379026 0.145928 0.0268343 
0.0821805 0.142102 -0.032784 
0.105866 0.143595 -0.0148124 
0.105349 0.158103 -0.0265256 
0.103437 0.142828 -0.00986071 
0.0768533 0.144245 0.00375013 
0.0728918 0.14434 0.00711955 
0.069803 0.143654 0.00939933 
0.0671289 0.14468 0.0111785 
0.0505201 0.160315 -0.0151638 
0.0553539 0.146151 0.0180125 
0.0138063 0.0791623 0.0349875 
0.0747427 0.0738208 -0.0254895 
-0.00245335 0.107669 0.0315329 
0.0139164 0.0740681 0.0345752 
0.0839026 0.0745747 -0.00454019 
-0.0419303 0.0710566 0.038827 
0.0824837 0.0744946 0.00152436 
0.0444874 0.0678004 -0.0483056 
0.0941838 0.187093 -0.0217876 
-0.0611408 0.110091 0.0356209 
0.0699621 0.185413 -0.00537738 
0.010849 0.0867939 0.0332397 
0.0899297 0.140198 -0.00352058 
0.0757563 0.140962 0.00317771 
0.0141581 0.078042 0.033904 
0.0434589 0.190103 0.0267076 
0.0806698 0.068484 -0.0166248 
-0.0460502 0.0726325 0.0440418 
0.0506232 0.0650685 -0.0414848 
0.079234 0.0686665 0.00630396 
0.0683547 0.104316 0.0121624 
0.0755999 0.0690197 -0.0241422 
0.0712388 0.108698 -0.0163366 
0.0254354 0.0601638 0.0345886 
0.0660827 0.0720271 0.0235181 
0.0497153 0.0419621 0.010146 
0.0739472 0.109575 0.00248356 
0.0813431 0.0955023 -0.00414183 
0.0856082 0.140866 -0.0362233 
0.0364841 0.122572 0.0210936 
0.0730433 0.051856 0.00364994 
0.0882325 0.138902 -0.0037202 
0.0824922 0.0651304 -0.00907924 
0.0703634 0.0527844 -0.0213757 
0.0971387 0.177427 -0.0129548 
0.0772307 0.170942 0.00624204 
0.0816431 0.0687049 0.00105642 
0.0777667 0.0918092 -0.0192331 
0.101627 0.151964 -0.0149444 
0.0520081 0.0629349 -0.0458382 
-0.063109 0.115825 0.0355463 
0.0606515 0.0617568 -0.0310466 
0.0571112 0.0577533 -0.0433735 
0.074009 0.0627519 -0.0238184 
0.0836826 0.143893 -5.93846e-05 
0.0445502 0.0644592 0.0327836 
0.0656511 0.122146 -0.0025909 
0.054623 0.0524955 -0.0508884 
-0.04507 0.062947 0.0420817 
0.0614634 0.141541 0.014777 
0.0609517 0.188236 0.00255465 
0.0471551 0.0627927 0.0311809 
0.0528451 0.0593285 -0.0568502 
0.0810325 0.0916889 -0.0123295 
0.0541818 0.0600017 -0.0473125 
0.0612808 0.126372 0.00220511 
0.0773295 0.0629964 -0.0194871 
0.0431754 0.0561523 0.0339357 
0.0607826 0.110369 0.0145618 
-0.0427865 0.0594431 0.0446099 
0.058155 0.112884 0.0154071 
0.0624295 0.155448 0.00118431 
0.0682176 0.0634624 0.0140231 
0.0633237 0.0645708 0.0184645 
0.0814237 0.0747299 -0.0167439 
0.0844323 0.140299 -0.00101485 
0.0808984 0.052021 0.0329878 
0.0337345 0.140874 0.0246935 
0.0472001 0.141104 0.0143227 
0.101979 0.149216 -0.0272639 
0.0187569 0.0611539 0.0373397 
0.037638 0.198063 0.00907103 
0.0396178 0.173693 0.0310861 
0.0725964 0.0600858 0.0214034 
0.0731239 0.10426 0.00856528 
0.0431025 0.175516 0.0297844 
0.0641295 0.0602236 0.018087 
0.0760022 0.104513 0.00357887 
-0.0409617 0.0580385 0.0461364 
0.0639294 0.0604487 0.0249137 
0.0681319 0.116295 0.00588201 
0.0471124 0.0655289 -0.0485402 
0.0591003 0.0573238 -0.031446 
0.0935937 0.172949 -0.000598025 
0.0537358 0.0434483 0.0107589 
0.0757421 0.108629 -0.00281674 
0.0500929 0.161924 0.0214536 
-0.00904823 0.119725 0.0328503 
-0.0519727 0.0550288 0.0467412 
0.0419733 0.189142 0.0116337 
0.0436504 0.0679827 -0.0436786 
-0.014153 0.138255 0.0317498 
-0.00440523 0.0976521 0.0323599 
0.0584365 0.0649253 0.02708 
-0.00633726 0.119228 0.0317242 
0.0839171 0.0524759 0.0224457 
0.0830502 0.0686721 -0.00483154 
0.100943 0.158665 -0.0197279 
0.0523713 0.0419522 0.00617065 
0.0501578 0.138748 0.00992197 
0.0813373 0.0518956 0.0268848 
0.0794066 0.0546875 0.0100303 
0.0671914 0.183351 0.00985862 
0.0683166 0.110125 -0.0179934 
0.0775274 0.0516849 0.03589 
0.0127904 0.0909587 0.0266744 
-0.0446875 0.0728401 0.0411726 
-0.0539021 0.102671 0.0349926 
-0.0563639 0.0567841 0.0536288 
0.0559739 0.0472888 -0.0473301 
0.0552706 0.0638888 0.0282292 
0.0788003 0.0581147 -0.0120092 
0.0309605 0.159352 0.0335027 
0.0661301 0.0755325 0.025026 
0.0799505 0.0588089 -0.00408384 
0.0530595 0.0450531 -0.0316459 
0.0949331 0.184083 -0.0202473 
0.0618922 0.0446621 0.00441237 
0.0812661 0.0476629 0.0151107 
0.0742216 0.0524591 -0.0142311 
0.105655 0.144919 -0.0191814 
-0.0517144 0.0487842 0.0548655 
0.020475 0.154616 0.0386697 
0.0826648 0.07393 -0.0131525 
0.00300275 0.20342 0.0240408 
0.0824796 0.048427 0.023863 
0.0729625 0.0489798 -0.00535882 
-0.0262457 0.148274 0.03381 
-0.0586473 0.10837 0.0352737 
0.0549245 0.0422187 -0.043495 
0.0655065 0.0471321 -0.0191393 
0.10656 0.160089 -0.0236834 
-0.00906398 0.14072 0.027032 
0.0625731 0.151547 0.0133143 
0.0545543 0.0626848 -0.0386651 
0.0732864 0.0579564 0.00944346 
0.0383852 0.0597636 0.0332765 
0.0792586 0.0924311 -0.016211 
0.023246 0.196261 -0.00477192 
0.0561894 0.0560007 -0.0474207 
0.056196 0.157711 0.0050173 
0.0393623 0.145915 0.0241648 
0.0648597 0.0440159 -0.0028975 
0.0922165 0.167726 -0.0029555 
0.0733189 0.0546901 -0.0188115 
0.0467701 0.112195 0.0184738 
0.0696433 0.0811742 0.0205898 
0.0928058 0.176102 -0.00193489 
0.0835784 0.169263 -0.0272238 
0.0783314 0.0509637 0.0349717 
0.078909 0.0745925 -0.0211009 
0.0443668 0.14812 0.0236966 
0.0672253 0.045435 0.000307223 
0.0350598 0.163852 0.0331665 
0.0643699 0.0824038 0.0262243 
0.0677722 0.0718461 0.0202722 
0.0876665 0.144244 -0.00238318 
0.0684272 0.0697466 0.0157253 
0.0555265 0.130741 -0.00379097 
0.0338036 0.152388 0.0319103 
0.0247946 0.0598881 0.0360747 
0.0636828 0.16628 -0.0215724 
0.0879392 0.046589 0.0202375 
0.00465775 0.117215 0.0219182 
0.0238919 0.194262 0.0193908 
0.069869 0.0727315 0.0156378 
0.0115375 0.199924 0.0218615 
0.0872466 0.0494631 0.0199606 
0.0764271 0.0750942 0.0111856 
0.060681 0.0755645 0.0293549 
0.0597386 0.0636121 -0.0334604 
-0.0164085 0.146282 0.0299763 
0.0829736 0.0687436 -0.00913463 
0.047055 0.111422 0.0177149 
0.0320979 0.170741 0.0359425 
-0.00987373 0.131204 0.0311628 
0.0709612 0.059201 0.0117762 
0.0350787 0.130774 0.0229215 
0.0525497 0.062842 -0.056811 
0.0838324 0.0746679 -0.00943537 
0.0821932 0.0559815 0.0175081 
0.0384781 0.124471 0.021661 
0.0549412 0.0431549 0.00924459 
0.0787517 0.0860843 -0.0200047 
-0.00190997 0.113469 0.0305837 
0.0278774 0.0479633 0.0396063 
0.0535111 0.0442668 0.0113482 
0.0154346 0.194678 0.0226987 
-0.0447848 0.0640566 0.037996 
0.0526103 0.0698942 0.0320055 
0.0792524 0.0560687 0.0129297 
0.0399999 0.0560794 0.0346734 
0.0602096 0.0674045 -0.0330591 
0.0800547 0.0746761 0.00660471 
0.0506547 0.0455866 -0.0287282 
0.0679758 0.109493 0.0109319 
0.0587696 0.188365 0.00499169 
0.0620303 0.125452 -0.00185703 
-0.0103306 0.136532 0.03023 
0.071356 0.0607783 0.0115539 
0.0469659 0.169423 0.0261457 
0.0678441 0.0475409 -0.016378 
0.0575626 0.169683 0.0197799 
0.0825811 0.0886217 -0.0083866 
0.0807142 0.0614112 -0.0079187 
0.06492 0.0437547 -0.00802005 
0.0708222 0.168308 -0.0205218 
-0.0438202 0.0689395 0.0426018 
0.0949369 0.149222 -0.00762475 
0.083242 0.0504759 0.0298801 
0.0233803 0.157373 0.0377504 
0.0303024 0.0441426 0.0385086 
-0.0176943 0.146742 0.0306934 
0.0144752 0.055627 0.0401348 
0.062808 0.0427013 -0.0112429 
0.0316134 0.207991 0.0132531 
0.0460245 0.138726 0.0173084 
0.0537406 0.0581801 -0.055231 
0.0736393 0.0501505 -0.0099631 
0.100243 0.154337 -0.0185132 
0.0549084 0.0616044 -0.0427672 
0.076508 0.0805457 0.0111861 
0.0605535 0.174816 0.0180093 
0.0804878 0.0629381 -0.0123968 
0.0506557 0.128394 0.0166246 
0.0636891 0.0438766 -0.0139722 
0.063063 0.0422643 -0.00168857 
0.0906857 0.182477 -0.0312756 
-0.0371247 0.0678259 0.039293 
0.0886162 0.184292 -0.00773499 
0.0864738 0.0498949 0.0218667 
0.0615802 0.0637168 0.0233072 
0.0310351 0.0546723 0.0368663 
0.0399567 0.128214 0.0219029 
0.0736245 0.0543313 0.00681829 
0.0642799 0.0865331 0.0238453 
0.0846735 0.0466717 0.0300431 
0.0728598 0.11195 -0.000464781 
0.0560409 0.127654 0.0122042 
0.0346914 0.198956 0.0160478 
0.0754179 0.0868721 -0.0234129 
0.0771497 0.0554372 -0.001316 
-0.0554347 0.0540922 0.0546453 
0.0950555 0.144811 -0.037234 
0.048569 0.135478 -0.00602785 
0.0489999 0.0430224 -0.0298837 
0.0800614 0.0628737 0.000457725 
0.057993 0.0521589 -0.0434779 
0.0176512 0.0638574 0.0381373 
0.03195 0.0428111 0.0365485 
0.0764823 0.105383 -0.010684 
0.0580329 0.0520202 -0.036422 
-0.0437855 0.0720242 0.0382215 
0.0345347 0.0578865 0.0343488 
0.0554232 0.157093 0.0175542 
0.054836 0.130232 0.0111587 
0.0782783 0.0581597 5.25519e-05 
-0.0532856 0.0517696 0.0548372 
-0.0425784 0.0603238 0.0454972 
0.0389519 0.0441388 0.0286664 
0.0622015 0.144698 0.0144141 
0.0569596 0.0597312 -0.0384978 
-0.043259 0.0611575 0.048423 
0.00430811 0.11287 0.0256933 
0.062066 0.0419023 -0.0106191 
0.0571051 0.129784 0.00562279 
0.0688902 0.0983632 0.013029 
0.0963136 0.168916 -0.00245083 
0.0763296 0.0564607 -0.0155597 
0.058309 0.0560299 -0.0397204 
0.00162565 0.120521 0.0253142 
0.0619411 0.0428413 -0.0136055 
0.0556689 0.159461 -0.00252854 
0.0503643 0.122364 0.0178285 
0.0827373 0.0802352 -0.0130781 
0.0574906 0.105284 0.0160651 
0.0563652 0.0516255 -0.0313251 
0.0351339 0.158154 0.0322401 
0.0221513 0.0639478 0.0358205 
0.063907 0.0752159 0.0272363 
0.0737841 0.0543648 0.00739237 
0.0909569 0.143488 -0.00388198 
0.0718832 0.0697556 0.0137456 
0.0672673 0.119939 5.93374e-05 
0.0665009 0.0690778 0.0192058 
0.0465414 0.161341 -0.0094668 
0.0812361 0.062943 -0.00496223 
0.109017 0.160322 -0.0269549 
0.0356903 0.0430354 0.0281505 
0.0697609 0.0460619 -0.0046476 
0.0544311 0.133432 0.00524998 
0.0435321 0.140419 0.019102 
-0.0480597 0.0956286 0.0342622 
0.0838785 0.0470039 0.0136062 
0.0673349 0.0591408 0.0272026 
0.0125527 0.0837742 0.031722 
0.0649241 0.0977799 0.0149623 
0.0845309 0.0492057 0.0117812 
0.0576595 0.0993963 0.0158958 
0.0704485 0.0480885 0.00194267 
0.071663 0.0480703 -0.00140463 
0.0152199 0.0924035 0.0231827 
0.0580541 0.0491373 -0.0396731 
0.0786402 0.0566163 -0.00709834 
0.0903058 0.187325 -0.0148969 
0.0341223 0.0556722 0.0359342 
0.0885832 0.165363 -0.00459469 
0.0544125 0.0472663 -0.0493133 
0.0567569 0.0474687 -0.0363467 
0.0426952 0.19104 0.0303181 
0.09278 0.179742 -0.0199881 
0.0786294 0.16406 -0.0267039 
0.0713641 0.0575454 0.0287148 
0.0812622 0.0800199 -0.0166595 
0.0452448 0.0663167 -0.0442247 
0.0652888 0.105192 0.0136968 
0.0690788 0.0752293 0.0203604 
0.0461905 0.116496 0.0190017 
0.0629509 0.0423155 -0.00699305 
-0.052313 0.0987098 0.0354202 
0.0707857 0.0507756 -0.0179308 
0.0561617 0.0452221 -0.0378101 
-0.0527199 0.0533919 0.0465657 
0.0797426 0.0560602 0.032079 
0.0713578 0.0655671 0.0129833 
0.0740266 0.063211 0.010217 
0.0534668 0.122429 0.0164142 
0.0626439 0.119472 -0.0138309 
0.0565637 0.0519593 -0.0473211 
0.0585004 0.0525657 -0.039977 
-0.0140706 0.143117 0.0300004 
0.0664415 0.141348 0.0113268 
0.0569378 0.0464961 -0.0433307 
-0.0528335 0.0529444 0.0492094 
0.0616289 0.0606917 0.0277641 
0.0821246 0.051712 0.0110816 
0.0882698 0.176279 -0.0273735 
0.0804059 0.0549401 0.0323236 
0.0519419 0.0649173 -0.0539053 
0.0755626 0.0805781 -0.024243 
0.0221961 0.0560587 0.0375288 
0.0829907 0.056734 0.0211539 
0.00978257 0.0895618 0.0291878 
-0.0571168 0.105977 0.0353495 
0.0806537 0.0477742 0.0255072 
0.00131829 0.112807 0.0290403 
0.055954 0.0713516 0.0310904 
0.0528073 0.0481354 -0.0285236 
0.0652048 0.110485 0.0125452 
0.0666954 0.150748 0.0102937 
-0.02109 0.148182 0.0318888 
0.0191147 0.055579 0.0391336 
0.0322003 0.17466 0.0362219 
0.0691799 0.0557242 -0.0244414 
0.0168286 0.0927427 0.0202843 
0.0196311 0.19592 0.0207292 
0.0760668 0.0575047 0.00501441 
0.0494301 0.161169 -0.0151428 
0.057493 0.117024 0.0148661 
0.0416676 0.156 0.0262961 
0.0756781 0.0549785 0.00234319 
0.0596261 0.0426361 0.00352209 
0.0801246 0.0980522 -0.00740822 
0.0672873 0.0455617 -0.0124174 
0.0525428 0.107535 0.0168812 
-0.0109744 0.141172 0.0288848 
0.0638831 0.0433466 0.000359216 
0.0640871 0.0597394 0.0282316 
0.0656098 0.11614 -0.0148472 
0.0728885 0.0573354 -0.0222185 
0.0153803 0.095787 0.0198708 
0.029938 0.209385 0.0150545 
0.0755317 0.0736109 -0.0244727 
0.0725268 0.0947895 0.0118826 
0.0285158 0.0532745 0.0386105 
-0.0467891 0.0690447 0.0447093 
0.0744803 0.169663 -0.019837 
-0.0396332 0.0686656 0.0413365 
0.080828 0.0556822 0.0272688 
0.0584871 0.0574899 -0.0355692 
0.0754213 0.0691112 0.0107233 
0.0758708 0.0522217 -0.00721037 
0.0388712 0.19654 0.0106223 
0.0729779 0.0590461 0.0240976 
0.0432943 0.059542 0.032358 
0.0908675 0.178278 -0.0237901 
0.0710515 0.0751617 0.0155648 
0.0564802 0.0748709 0.0314329 
-0.00897003 0.110545 0.032986 
0.0839981 0.0515401 0.0169228 
0.0476829 0.0598544 0.0309404 
0.0741948 0.111225 -0.00489606 
0.0665886 0.0807849 0.0248293 
0.080451 0.0804329 0.00662251 
0.0717894 0.0808715 0.0157769 
0.054095 0.060241 0.0287174 
0.0781213 0.0631055 0.00580111 
-0.00379907 0.101401 0.032323 
0.0636093 0.123391 0.00342509 
0.0827916 0.0803422 0.00138199 
0.0839807 0.0800219 -0.00466042 
0.0149565 0.197772 0.021891 
-0.0456586 0.0914263 0.0343675 
0.0838206 0.0801066 -0.00936821 
0.0536865 0.061511 -0.0553726 
0.0871101 0.0463541 0.0221637 
0.04624 0.122822 0.0193367 
0.0514459 0.137578 0.0062711 
0.0789135 0.0802099 -0.0205038 
0.0318546 0.169483 0.0338271 
0.0964181 0.147754 -0.036746 
0.0668136 0.0848003 0.0230007 
0.0752522 0.0783598 -0.0252469 
0.0786791 0.0618594 -0.016101 
0.078598 0.103268 -0.00761606 
0.0274011 0.158124 0.0355163 
-0.0583267 0.0817645 0.0369556 
0.0531008 0.0627272 -0.0521209 
0.0715896 0.0816845 -0.0266924 
-0.00918162 0.112922 0.0333715 
0.0558472 0.0674662 0.0297575 
0.0762567 0.0864001 0.0106981 
0.0722794 0.182656 0.00815763 
0.0514467 0.0646889 0.0305718 
0.049645 0.134236 0.0152726 
0.0019185 0.201212 0.0272116 
0.0802266 0.0863516 0.0061968 
0.0649047 0.186629 0.00212031 
0.0604183 0.168004 0.0187883 
0.0835956 0.0859984 -0.00496637 
0.0551326 0.151502 0.0176054 
0.0838083 0.0851121 -0.00921826 
0.0618276 0.0852726 0.0267409 
0.0707805 0.179951 -0.000201144 
0.0688891 0.0853891 0.0197743 
0.0748294 0.051616 -0.00183437 
0.0577828 0.122338 0.013583 
0.0824739 0.0864143 -0.0129094 
0.0813915 0.0851022 -0.0165781 
-0.0450551 0.0870393 0.0348734 
0.0671256 0.088075 0.0192465 
0.0698352 0.0878495 0.0153021 
0.0189388 0.18389 0.0411924 
0.011569 0.0870504 0.0302036 
0.0149562 0.0895364 0.0253456 
-0.047666 0.0891548 0.0359987 
0.0510918 0.183025 0.0217197 
0.0686337 0.0531489 -0.0236254 
0.0174266 0.0907389 0.021378 
0.0835914 0.0471096 0.0326136 
0.0850849 0.0467966 0.0118419 
0.0654868 0.0911632 0.0168726 
0.0930469 0.183482 -0.0242878 
0.0620353 0.044202 0.00306627 
0.0695336 0.0925299 0.0139515 
0.0594103 0.0698734 0.0285348 
0.0725349 0.0908401 0.0124882 
0.0306612 0.208048 0.0153409 
0.0755861 0.0924218 0.0101171 
-0.0218705 0.138816 0.0337072 
0.0500163 0.139103 0.00260326 
0.0558907 0.131795 0.000203928 
0.0816799 0.0920833 0.000377213 
0.0546799 0.0473963 -0.0317799 
-0.00629764 0.135932 0.0269312 
0.0679479 0.0594194 0.0143019 
0.0825765 0.0916645 -0.00506828 
-0.0378133 0.065166 0.0391777 
0.0821693 0.0923846 -0.00826431 
-0.0488744 0.0916942 0.0358627 
0.0539873 0.042174 -0.0380522 
-0.0411977 0.0584535 0.0486016 
0.0749801 0.0919891 -0.0223733 
0.0557324 0.0442649 0.00949185 
-0.0586074 0.0830553 0.0372454 
-0.025307 0.143478 0.0343945 
0.000599807 0.124167 0.0245671 
0.0779814 0.0482058 0.0344692 
0.0623735 0.093629 0.0162216 
0.0128473 0.0954358 0.02405 
0.0647013 0.115998 0.0105616 
0.0523624 0.163934 0.0209699 
0.0199637 0.065458 0.0361036 
0.0517102 0.130441 -0.00922869 
0.0815931 0.173395 -0.0218735 
0.0650994 0.168303 0.0154529 
-0.00635399 0.124208 0.0309445 
0.00209608 0.0958163 0.0308445 
0.00861187 0.0956094 0.0279269 
-0.050447 0.0944027 0.0357251 
-0.0175855 0.132027 0.0338475 
0.0752216 0.0975258 0.00902728 
-0.0506609 0.0480877 0.0525935 
0.0781448 0.0977601 0.00484564 
0.069398 0.141237 0.00943396 
0.0840926 0.176189 -0.0215158 
0.0801237 0.0973556 -0.000271779 
0.0612218 0.0810516 0.0286201 
-0.00272756 0.103054 0.0316982 
0.0694431 0.185463 -0.00269196 
0.090908 0.14744 -0.00506776 
0.0810823 0.0520862 0.0143219 
0.044365 0.13996 -0.006593 
0.0798066 0.0965307 -0.0117501 
0.0617783 0.0994383 0.0154617 
-0.0133026 0.130398 0.0330645 
0.0728857 0.0992805 0.0105032 
0.0772223 0.0981331 -0.0155153 
0.0326815 0.0439682 0.0364033 
0.0763502 0.0956075 -0.0191845 
0.0602881 0.184937 0.0124435 
-0.00241009 0.124651 0.0281823 
0.0735266 0.0972694 -0.0211466 
-0.0229854 0.138194 0.0345973 
-0.0497071 0.0976078 0.034349 
0.0908921 0.176505 -0.0195777 
-0.0541003 0.0564803 0.050811 
0.079999 0.0992663 -0.00303789 
0.0624074 0.165139 0.0183692 
0.0743912 0.0991448 -0.0192041 
0.00791636 0.101029 0.02681 
0.0821417 0.0686738 -0.0129105 
0.0356576 0.140274 0.0236811 
0.0109333 0.101304 0.0227238 
0.0518671 0.0424497 -0.0331281 
0.00560634 0.107313 0.0266376 
0.0289783 0.176652 0.0365872 
0.101593 0.154707 -0.0235384 
0.0427693 0.129102 0.0207905 
0.0122439 0.194593 0.0241704 
0.105325 0.147693 -0.0199777 
0.0129443 0.100884 0.0192212 
0.0601945 0.17758 0.0181051 
0.0704758 0.0474967 -0.00953793 
0.0052687 0.102341 0.0286057 
0.0811764 0.169736 -0.0245352 
0.0637183 0.162933 0.0154322 
0.00245369 0.101316 0.0305377 
0.075273 0.101414 0.00763036 
0.0770625 0.101428 0.00459786 
-0.0515223 0.0515032 0.052066 
0.0550022 0.043788 -0.0472291 
0.0788677 0.101106 0.000682246 
0.0778993 0.103978 -0.00200689 
0.0605934 0.104443 0.0150416 
0.0800791 0.144053 0.00214601 
0.0785474 0.101642 -0.0114643 
0.0591133 0.143267 0.0169217 
0.072496 0.104169 -0.0181391 
0.0724866 0.100971 -0.0207705 
0.0549713 0.0742741 0.032094 
-0.00589385 0.107671 0.0325516 
0.00181377 0.107128 0.0299668 
0.0495519 0.169033 0.0233462 
0.00782843 0.104603 0.0255302 
0.061127 0.123326 0.00889237 
0.0888462 0.142501 -0.0368764 
0.0100724 0.10496 0.0215532 
0.0674954 0.1615 0.0123891 
0.0114375 0.104833 0.0192445 
0.00867334 0.107594 0.0220181 
0.013789 0.0734751 0.0350248 
0.0319591 0.0454966 0.0374501 
0.0110447 0.10606 0.0189513 
0.0710332 0.109852 0.00740495 
0.0760271 0.0582234 -0.0189628 
0.0690714 0.114917 -0.0120145 
0.0761636 0.107378 -0.00642794 
0.074404 0.109301 -0.00997416 
0.0737138 0.106785 -0.0138739 
0.0532925 0.110851 0.0166881 
0.0699484 0.113092 0.00629237 
0.0298193 0.191648 -0.00692461 
-0.00571795 0.113716 0.0322978 
0.0638363 0.0695627 0.0245218 
0.0690665 0.117304 -0.00854943 
0.00691856 0.1125 0.0217513 
0.0709957 0.111434 -0.0138771 
-0.00616625 0.132368 0.0287636 
0.0718246 0.0858811 0.0146498 
-0.062149 0.112324 0.0356042 
0.0762938 0.103042 -0.0144596 
0.0611766 0.116035 0.0134219 
0.0557076 0.188072 0.00855598 
0.0716221 0.113114 0.0029883 
-0.00129032 0.128804 0.0248634 
0.0540407 0.158788 0.00999187 
0.0706079 0.115823 0.000361481 
0.0429047 0.135286 0.0202447 
0.0876649 0.153696 -0.00535257 
0.0714545 0.114982 -0.00499008 
0.067272 0.112389 -0.0164975 
0.0539509 0.11632 0.0165806 
0.0715953 0.11334 -0.00914646 
0.0398517 0.17743 0.0322149 
-0.00630387 0.128869 0.0300509 
0.0496707 0.117237 0.0178705 
0.0615465 0.0625026 0.0177348 
-0.0014807 0.118961 0.0290694 
0.000795013 0.11653 0.0279911 
0.0565132 0.163366 0.0184592 
0.0118789 0.0842013 0.0340182 
0.0527602 0.133993 0.0104698 
0.0276494 0.181169 0.0358144 
0.104543 0.158978 -0.0224125 
0.00309044 0.118011 0.0245541 
0.0539972 0.0579842 -0.0512788 
-0.0643427 0.122485 0.03567 
0.0276044 0.194542 0.0178841 
0.0578481 0.180225 0.018265 
0.0745041 0.0695602 -0.0255519 
-0.013788 0.120866 0.0335371 
0.0427083 0.118804 0.0199302 
0.0428963 0.121926 0.0204531 
0.0607221 0.119871 0.0125207 
0.097348 0.148974 -0.034573 
0.0459651 0.134018 0.0186051 
0.0388211 0.141047 0.022166 
0.063068 0.120555 0.00925251 
0.0514206 0.147387 0.0204388 
0.0377503 0.0437349 0.0296012 
0.0499701 0.132749 -0.00812995 
0.0658105 0.120547 0.00435222 
0.0553809 0.129434 -0.0072098 
0.0660451 0.120392 -0.00706949 
0.0632872 0.121745 -0.0103642 
0.0584169 0.18419 0.0169045 
0.0956094 0.144321 -0.00622861 
-0.04657 0.0641492 0.0468569 
-0.0132806 0.125623 0.0332969 
0.0901047 0.175071 -0.0203469 
-0.00989255 0.126053 0.0319454 
0.0322024 0.192531 0.0173116 
0.0783929 0.0687535 -0.0204275 
-0.0628825 0.125364 0.0355482 
0.063054 0.124007 -0.00616126 
0.0990673 0.154164 -0.0273033 
0.0460941 0.128399 0.01931 
0.0532311 0.126474 0.0155002 
0.0794634 0.0922318 0.00568766 
0.0590457 0.127095 0.00743312 
0.101855 0.139547 -0.00917006 
0.0599838 0.126885 -0.00519296 
0.0596195 0.124824 -0.00890711 
0.0573213 0.126089 -0.01049 
0.0370077 0.181504 0.0325031 
0.0957378 0.173811 -0.012237 
0.0570653 0.124809 -0.011692 
0.100013 0.142764 -0.0069661 
-0.0182386 0.127786 0.0342883 
-0.00391155 0.130313 0.0271805 
0.0800192 0.0651195 -0.0162817 
0.0824402 0.0861577 0.000994003 
0.0581543 0.129321 -0.000205394 
0.0490015 0.184684 0.0212021 
0.0353403 0.13453 0.0235313 
0.0390443 0.135402 0.0222323 
0.0530558 0.131895 -0.00629624 
0.050861 0.0594201 0.0303374 
-0.0163434 0.137416 0.0328355 
0.0604504 0.0627096 -0.0316894 
0.0521592 0.135991 0.0019965 
0.04804 0.139401 0.0143439 
0.0496348 0.137999 -0.00165202 
0.00181476 0.0909922 0.0310202 
0.0471843 0.1381 -0.00525024 
0.0499246 0.140061 0.00752158 
0.0162345 0.0600019 0.0388959 
-0.0213752 0.144113 0.0330655 
-0.0481943 0.0641033 0.0508254 
-0.01741 0.142745 0.032055 
0.0997729 0.138889 -0.00611108 
0.0523918 0.134272 -0.00248137 
0.0485136 0.13999 -0.00117323 
-0.0283496 0.144884 0.0349834 
0.0722541 0.141119 0.00696235 
0.0809783 0.140211 -0.0342419 
0.0355919 0.143252 0.0259527 
