0.00445793 0.217396 -0.00584735 
0.00415024 0.216341 -0.00380824 
-0.0064338 0.213641 0.0324599 
0.00163042 0.211618 0.00441874 
-0.000430711 0.208785 0.00286112 
-0.00796086 0.206277 0.0381111 
-0.0074328 0.207817 0.0367252 
-0.00318036 0.20598 0.0227396 
-0.00243012 0.206905 0.018973 
-0.0090743 0.204276 0.0344245 
-0.00227721 0.205513 0.00839442 
0.0140921 0.200946 0.037459 
0.0153747 0.199317 0.0411564 
-0.0242655 0.203421 0.0309655 
-0.0149567 0.194079 0.0957392 
-0.00386858 0.201476 0.0423477 
-0.0103883 0.191391 0.104425 
-0.0132584 0.193161 0.0969117 
-0.0167025 0.193356 0.0947565 
0.0112593 0.19851 0.0398168 
-0.00723332 0.200303 0.0420743 
-0.00970455 0.20152 0.0378761 
-0.0268738 0.202775 0.0295704 
-0.0143765 0.191586 0.097363 
-0.0136193 0.19597 0.046791 
-0.0106588 0.197216 0.0373219 
-0.00958961 0.197635 0.0312926 
-0.0181441 0.191201 0.0939391 
-0.0170435 0.193675 0.0607022 
-0.0275811 0.197814 0.0344378 
-0.00541589 0.187359 0.105638 
-0.0167146 0.188148 0.102222 
-0.0207073 0.188444 0.104091 
-0.0255741 0.187458 0.104011 
-0.027941 0.187196 0.101038 
-0.0163821 0.190201 0.0719974 
-0.0206896 0.190724 0.0702239 
-0.0247172 0.19616 0.0380346 
-0.0275886 0.194096 0.0382834 
-0.0286575 0.194458 0.0362323 
-0.0138625 0.188331 0.0740599 
-0.028927 0.193432 0.0361617 
-0.004877 0.183895 0.104277 
-0.0246412 0.188498 0.06877 
-0.0239764 0.190032 0.0558354 
-0.0274128 0.191818 0.0400166 
-0.00382872 0.209399 0.0390034 
-0.0242439 0.191314 0.0298243 
-0.0266744 0.187561 0.065534 
-0.0221136 0.19454 0.00926165 
0.00149835 0.179358 0.101449 
-0.00179008 0.181633 0.103357 
-0.0165795 0.18303 0.100773 
-0.0296885 0.183512 0.100848 
-0.021575 0.186538 0.069508 
-0.027342 0.186591 0.0590797 
-0.025598 0.18958 0.0444643 
-0.0251521 0.188482 0.0370204 
-0.0256661 0.18917 0.0312427 
-0.0226729 0.19272 0.01184 
-0.00774783 0.179321 0.0996271 
-0.0271097 0.180359 0.101675 
-0.0200558 0.182791 0.0710835 
-0.0252715 0.186465 0.0414905 
0.0017929 0.177965 0.0996492 
-0.00225692 0.178197 0.10121 
-0.0185625 0.179436 0.099624 
-0.0233777 0.187776 0.0203481 
-0.000670783 0.174825 0.098312 
-0.00412428 0.176559 0.09854 
-0.00472074 0.175361 0.0879976 
-0.024315 0.177624 0.0971462 
-0.0310699 0.17796 0.0949391 
-0.0315375 0.178745 0.0882683 
-0.0262273 0.178319 0.0740288 
-0.0266708 0.183832 0.103366 
-0.0228802 0.181757 0.0689187 
-0.0242067 0.181762 0.0624577 
-0.0260798 0.182557 0.0574247 
-0.0267378 0.183315 0.0494235 
-0.0260714 0.1837 0.0438254 
-0.0261195 0.184666 0.0373861 
-0.025983 0.185065 0.0239638 
-0.0220372 0.185312 0.00736004 
-0.0215535 0.185615 0.00387999 
-0.0299776 0.175465 0.0956195 
-0.0228582 0.183004 0.0113048 
-0.0228709 0.173249 0.0941157 
-0.024359 0.17375 0.094147 
-0.0307017 0.174483 0.0856766 
-0.0213243 0.196951 0.00693019 
-0.031602 0.17433 0.081479 
-0.0259115 0.177036 0.0621503 
-0.0273306 0.17781 0.0400064 
-0.0223265 0.182696 0.00325199 
-0.000507862 0.170634 0.0930965 
-0.00287965 0.171776 0.0906284 
0.00271395 0.171015 0.0764009 
-0.0279405 0.171649 0.0843173 
-0.0308588 0.173056 0.0783273 
-0.0308569 0.173576 0.0734425 
-0.0278731 0.176251 0.0711481 
-0.0294886 0.173874 0.0655365 
-0.0290798 0.174113 0.0606632 
-0.0272017 0.178239 0.0440768 
-0.0257854 0.18011 0.0311669 
-0.0255995 0.179267 0.0280255 
-0.0260055 0.180383 0.0238355 
-0.0236511 0.180959 0.0154133 
-0.0219226 0.179494 0.0115729 
-0.0225033 0.181214 0.00786786 
-0.0241739 0.17834 0.00789229 
-0.027258 0.170286 0.0831526 
-0.0300536 0.171567 0.0728341 
-0.0292869 0.172677 0.0602278 
-0.0239553 0.169181 0.0875286 
-0.0299342 0.179047 0.0987751 
-0.0243608 0.177254 0.0105118 
-0.0283408 0.169608 0.0698192 
-0.0289532 0.171162 0.0646997 
-0.00294432 0.167013 0.0580111 
-0.00673568 0.167197 0.0579651 
-0.0108949 0.167364 0.0564172 
-0.0134075 0.167994 0.0541518 
-0.0174808 0.168475 0.0504413 
-0.0220402 0.169572 0.0460005 
-0.0245479 0.173534 0.0344935 
-0.0262604 0.174389 0.0305573 
-0.0256439 0.172726 0.0282528 
-0.0259581 0.175007 0.0183692 
-0.02549 0.175351 0.0150614 
0.00415014 0.167031 0.057544 
-0.00662623 0.165627 0.0620947 
0.00410662 0.165824 0.0599058 
0.00300319 0.164867 0.0595364 
-0.0220263 0.168276 0.0468473 
0.00368548 0.164028 0.0626827 
-0.0285004 0.17008 0.0770238 
-0.00908373 0.164201 0.0655238 
-0.0252155 0.169102 0.0310119 
-0.00869826 0.158669 0.108011 
0.00300943 0.214254 -0.000909355 
-0.00779942 0.162928 0.0699576 
-0.0117612 0.161648 0.0725862 
-0.012889 0.164884 0.0600772 
-0.000654061 0.208876 0.00688364 
-0.00719597 0.157269 0.108521 
-0.021573 0.163786 0.0578154 
-0.022411 0.161704 0.0639689 
-0.0238589 0.162606 0.0599809 
-0.0257073 0.163227 0.0554843 
-0.0239715 0.164988 0.0530395 
-0.0257586 0.166321 0.0435181 
-0.00187549 0.168112 0.0913697 
-0.0250672 0.167528 0.04064 
-0.0243713 0.167357 0.0339184 
-0.0255702 0.167916 0.0280052 
-0.0240678 0.159203 0.100768 
-0.023579 0.168281 0.00678375 
-0.0258355 0.158583 0.0946926 
-0.02244 0.155865 0.106179 
-0.0251526 0.205281 0.0286305 
-0.0167991 0.160297 0.0632022 
-0.0231368 0.181183 0.0992712 
-0.0234291 0.165635 0.0133266 
-0.0224013 0.164597 0.0106473 
-0.0204335 0.158474 0.0699721 
-0.0263213 0.156161 0.0995336 
-0.018379 0.153239 0.110386 
0.0129066 0.200958 0.0340613 
-0.0256555 0.159336 0.0521112 
-0.0149843 0.160051 0.112655 
-0.0254131 0.160699 0.0432347 
-0.025128 0.161021 0.0397293 
-0.0248261 0.161345 0.0342298 
-0.0245496 0.16274 0.0310431 
-0.0277972 0.168575 0.0733059 
-0.0143162 0.162221 0.0674564 
-0.024649 0.162448 0.02641 
-0.0253224 0.16112 0.0183361 
-0.0118043 0.196561 0.0593493 
-0.0100375 0.152215 0.111257 
-0.00951498 0.149895 0.106261 
-0.0121894 0.150355 0.105719 
-0.0258522 0.153373 0.107048 
-0.0276717 0.153693 0.101837 
-0.0259767 0.15592 0.0868596 
-0.0260678 0.154441 0.081455 
-0.0247227 0.155501 0.0778588 
-0.0247282 0.156207 0.0727435 
-0.0255881 0.15653 0.0677579 
-0.0244675 0.159054 0.0656813 
-0.0104264 0.156052 0.110028 
-0.0241947 0.159593 0.0195528 
-0.0268005 0.154652 0.0639585 
-0.0224742 0.158973 0.0222774 
-0.0124929 0.149129 0.104483 
-0.00503704 0.147842 0.108733 
-0.00808631 0.148455 0.10296 
-0.0285785 0.152767 0.0973776 
0.0094976 0.159768 -0.0369092 
-0.0051986 0.147164 0.0967646 
0.0143209 0.203047 0.0337808 
-0.026605 0.155389 0.051378 
0.00676628 0.159021 -0.0322794 
-0.00155291 0.146861 0.100939 
-0.00453646 0.175851 0.0900098 
-0.025781 0.155672 0.0393575 
-0.00562662 0.211941 0.0364405 
-0.000294999 0.145767 0.0940277 
-0.0250508 0.186495 0.0639038 
-0.0208403 0.15277 0.0353317 
-0.0168667 0.159369 0.0678641 
-0.0240011 0.155755 0.0272469 
0.000314873 0.145258 0.0973336 
-0.0278091 0.148662 0.107189 
-0.0164826 0.161908 0.114223 
-0.0306279 0.148444 0.102343 
-0.0268664 0.151429 0.0726028 
-0.027431 0.151905 0.0674142 
-0.0276505 0.151477 0.0635144 
-0.0275338 0.152708 0.0603498 
0.00510304 0.165521 0.0621755 
-0.0264614 0.154963 0.0467803 
-0.0232083 0.0898452 -0.00169473 
-0.00768189 0.0776909 0.0827029 
-0.00864013 0.118062 -0.011548 
-0.0233838 0.0846975 -0.00169588 
-0.0301793 0.0807205 0.0787038 
0.00421644 0.0823002 -0.0509536 
-0.0344297 0.0813098 0.0741239 
0.0277582 0.0692392 0.0697738 
-0.0115459 0.191495 0.104082 
0.0211804 0.121097 -0.0627441 
-0.0117168 0.191679 0.0745558 
-0.0194089 0.097305 -0.00270592 
-0.0285383 0.146542 0.0873407 
-0.0260677 0.148082 0.071797 
-0.0226058 0.0886032 -0.000866331 
-0.0230636 0.199971 0.0347686 
-0.0188616 0.0733026 0.0823663 
0.0023396 0.0844622 -0.0572115 
0.0183934 0.0672349 0.0709191 
-0.0370973 0.076006 0.0683663 
-0.0326562 0.112385 0.0582614 
-0.00971382 0.0730278 0.0823619 
-0.010196 0.113638 0.0768745 
-0.0311178 0.0707413 0.00704413 
-0.0437101 0.0812973 0.0479663 
-0.0260835 0.0497618 0.0398445 
-0.0272846 0.116574 0.0686789 
-0.0271967 0.101732 0.0776705 
0.00113563 0.143634 0.102042 
-0.0205233 0.131737 0.0277852 
-0.0329156 0.0588947 0.0636058 
-0.0275341 0.145227 0.085951 
-0.026459 0.070767 0.0794609 
-0.010523 0.0570849 0.075407 
-0.0214155 0.182775 0.101004 
-0.0267588 0.178441 0.0732215 
-0.0340866 0.075462 0.0733149 
-0.0129718 0.0963861 0.0828778 
-0.024566 0.157041 0.10425 
0.0210423 0.0646163 0.0743738 
0.0228627 0.126837 -0.0639838 
0.00378081 0.0650364 0.0732608 
0.0156597 0.0596831 0.0769341 
-0.00964977 0.06679 0.0804528 
-0.0275716 0.15064 0.0804186 
-0.0399814 0.0747932 0.0243064 
-0.0172754 0.12863 0.0653766 
0.0228347 0.053599 0.0787187 
0.00255016 0.0745437 -0.055912 
-0.0276204 0.149974 0.0534032 
-0.0129905 0.195402 0.0627701 
-0.0402633 0.072941 0.0272739 
0.0294023 0.0597932 0.0809974 
-0.0205576 0.0970145 0.0817433 
0.0207827 0.0615108 0.0768286 
-0.018426 0.133402 0.0593115 
-0.0150955 0.0675013 0.0808244 
-0.0409101 0.0666035 0.0219857 
-0.0298507 0.118731 0.0509744 
-0.0011493 0.0713055 -0.055638 
-0.0288504 0.12135 0.0484652 
-0.0156192 0.162408 0.0626888 
-0.037785 0.0716711 0.0545125 
-0.0386257 0.0732821 0.0480098 
-0.0186271 0.0795432 0.0834598 
-0.0275209 0.146934 0.0813511 
-0.061705 0.0622588 0.0537914 
-0.0203303 0.15047 0.0246374 
-0.0192612 0.149525 0.0417044 
-0.0147695 0.152936 0.111253 
-0.0295604 0.0720532 -1.37025e-05 
-0.00441703 0.206024 0.0402618 
-0.0260131 0.184026 0.0280685 
-0.0466846 0.0690873 0.0538353 
-0.0323531 0.11192 0.064255 
-0.0267274 0.185699 0.0318251 
-0.0391544 0.0688844 0.0486183 
-0.0298041 0.111618 0.0694636 
-0.00357007 0.0700613 -0.0550545 
-0.0446964 0.0698597 0.044651 
-0.0262376 0.123693 0.062345 
0.0262735 0.0669312 0.0719552 
0.00458806 0.0605568 0.0719054 
-0.0300947 0.179656 0.0908512 
-0.0287208 0.0513067 0.0429577 
-0.0239728 0.11504 0.073081 
-0.0249506 0.171153 0.0414609 
-0.00494687 0.1303 -0.017032 
0.00184937 0.0671433 -0.0647894 
-0.00978417 0.197358 0.0418878 
0.024399 0.0699319 0.0665003 
0.000498137 0.148752 -0.0195082 
-0.0091272 0.108125 -0.0142781 
-0.0430073 0.0745961 0.0391325 
-0.00557981 0.129671 -0.0141679 
-0.0545986 0.061549 0.0622343 
-0.0299864 0.074779 0.077779 
-0.0196049 0.16323 0.106777 
-0.0242735 0.0493083 0.0442855 
-0.0174773 0.146674 0.0464864 
-0.0568898 0.0614621 0.0575603 
-0.0415439 0.0624136 0.0655408 
-0.0230082 0.191295 0.0635956 
-0.00704774 0.114892 0.0754477 
-0.0622518 0.0622499 0.0493301 
-0.0146703 0.10075 0.00284997 
0.00397689 0.0843515 -0.054456 
0.0169675 0.113576 -0.0568124 
-0.00124941 0.0696693 -0.0721976 
0.0186509 0.048771 0.0775293 
-0.0422752 0.0736928 0.0357777 
-0.0225757 0.0634287 0.0775658 
-0.0244381 0.169952 0.0185696 
-0.0446762 0.0849736 0.0473861 
-0.0297483 0.0649907 0.0741433 
0.00705206 0.0482613 0.0661874 
-0.0135172 0.188647 0.103657 
-0.0279231 0.0518035 0.0534 
-0.0474418 0.0559305 0.0638106 
-0.0186606 0.0575328 0.0746201 
-0.0239405 0.149509 0.109538 
-0.00560844 0.0617799 -0.0695094 
-0.023261 0.165804 0.0066154 
-0.022382 0.0791328 0.08244 
0.00309564 0.213127 0.00328091 
-0.055331 0.0576532 0.0599834 
-0.0256393 0.0550253 0.0683891 
0.00648298 0.159045 -0.0301331 
0.0199127 0.119328 -0.0605747 
0.015599 0.0441167 0.0741872 
-0.0101571 0.0516824 0.0697379 
-0.0193482 0.164207 0.113774 
0.00177877 0.150689 -0.0124609 
-0.0261323 0.159832 0.0557837 
0.0136254 0.0651463 0.0724788 
-0.0373217 0.0656399 0.0609594 
-0.037345 0.0701612 0.0185785 
-0.0162671 0.0973367 0.0824761 
0.0150215 0.202738 0.0358494 
0.0193853 0.0574861 0.0783134 
-0.0150974 0.165112 0.0554795 
-0.022604 0.155445 0.0299579 
-0.0235734 0.0503458 0.0599242 
-0.0278284 0.17417 0.0906853 
-0.0141457 0.059267 0.0765662 
-0.0250593 0.121027 0.0371895 
-0.0424589 0.0901277 0.0531603 
-0.0282579 0.18267 0.0911396 
-0.00266035 0.173069 0.0971206 
-0.0620053 0.0614246 0.0504695 
-0.0136036 0.0789342 0.0837831 
-0.0248316 0.157588 0.0345436 
-0.0274405 0.0521125 0.0602016 
-0.0260607 0.17441 0.0224704 
-0.044067 0.0919921 0.0456814 
-0.0419782 0.0807552 0.0511809 
-0.0278488 0.150726 0.08507 
-0.038755 0.0781514 0.0541358 
-0.00981464 0.137135 0.0581284 
-0.0253368 0.162794 0.021394 
-0.0320174 0.0706301 0.00566052 
0.00356263 0.170756 0.0771396 
-0.0555521 0.0553995 0.0664569 
-0.00379174 0.126548 0.000375666 
-0.00560594 0.203387 0.0227619 
-0.0392257 0.0811275 0.0555797 
-0.00020535 0.209362 0.011412 
-0.054675 0.0582496 0.0662151 
-0.039001 0.0829874 0.0637003 
-0.0452075 0.0854957 0.0404137 
0.0064668 0.0666321 0.073964 
0.00395964 0.156603 -0.0198931 
-0.02636 0.0743785 0.0801239 
-0.0246579 0.120169 0.0378027 
-0.0260857 0.181623 0.0188806 
-0.0020519 0.141613 -0.0160503 
-0.0378418 0.0671489 0.0577911 
-0.0205179 0.140156 0.0261097 
0.0298505 0.0633173 0.0809517 
-0.0260623 0.0802768 0.0813861 
-0.0492109 0.0645229 0.0637746 
-0.0219463 0.133695 0.0292558 
-0.0281661 0.0508433 0.0447929 
-0.013397 0.0905649 0.0837689 
-0.00763716 0.123766 -0.0101949 
-0.0377547 0.0590657 0.00550731 
-0.0290109 0.0521918 0.0424926 
-0.00356255 0.204189 0.0138693 
0.00588546 0.0752058 -0.0533203 
-0.0433803 0.0801294 0.031825 
-0.0437436 0.0641157 0.0638795 
-0.0397441 0.0666201 0.018914 
0.00620802 0.0704733 0.0743744 
-0.0372705 0.0820558 0.0692661 
0.00602685 0.0491224 0.0625805 
-0.0309567 0.117436 0.0589609 
-0.0137777 0.195805 0.0595922 
-0.0155532 0.132032 0.0621495 
-0.000542291 0.146849 -0.0155727 
-0.0377377 0.0687032 0.0583455 
-0.0264209 0.179187 0.0367011 
-0.0137302 0.0523885 0.0701753 
-0.0270648 0.17872 0.0491339 
-0.0249807 0.094371 0.0806402 
-0.026757 0.0671741 0.0770898 
-0.0193726 0.0495218 0.0628202 
-0.00114373 0.172883 0.0826504 
0.00195178 0.0805993 -0.0547771 
-0.0271342 0.155117 0.0943933 
-0.0605779 0.0603637 0.057389 
-0.0238836 0.168456 0.0097331 
-0.0385481 0.0551119 0.00790537 
0.00412784 0.157146 -0.0213396 
-0.0299712 0.066836 -0.00550621 
-0.0156003 0.0481187 0.0627884 
-0.00361638 0.216443 0.0335187 
-0.021295 0.147474 0.0389023 
0.0274499 0.0588183 0.0807685 
-0.0220877 0.0556906 0.0716019 
-0.020609 0.159031 0.105238 
0.0167394 0.0636129 0.0749982 
-0.0385587 0.0884473 0.0641139 
-0.0268153 0.183658 0.0529497 
-0.0227705 0.0682125 0.0794996 
-0.0242562 0.137039 0.0425001 
-0.0137218 0.0489939 0.0651246 
-0.0237249 0.048729 0.0576354 
-0.0021054 0.18584 0.106166 
0.000837466 0.0791025 -0.0474014 
-0.0203471 0.190247 0.0913977 
-0.0557862 0.0588934 0.0645315 
-0.0417473 0.0729631 0.0437921 
-0.0366518 0.0654759 0.0101044 
-0.0226435 0.137467 0.0305945 
-0.0356544 0.06172 0.0624786 
-0.041669 0.095867 0.0471976 
-0.0618591 0.0565675 0.0582531 
-0.0240097 0.118632 0.069568 
-0.0236763 0.135798 0.0494253 
-0.00847955 0.207691 0.0339567 
-0.00861872 0.0909888 0.0829361 
-0.0307761 0.0619252 0.0700411 
-0.00285792 0.0670823 -0.0721596 
-0.00298339 0.147449 0.110756 
-0.00361854 0.141653 0.0538622 
0.00768818 0.0464319 0.0616798 
-0.0332217 0.0695602 0.0719566 
0.0147495 0.0540661 0.0773744 
-0.0293595 0.0748515 -0.0012121 
-0.0379645 0.0535587 0.0102935 
-0.0181402 0.110923 0.0778894 
0.00884951 0.0547016 0.0734565 
0.00584972 0.083208 -0.0521048 
-0.0362392 0.0684093 0.0146409 
-0.0251394 0.165872 0.0477893 
-0.0218989 0.138268 0.0491657 
-0.0323045 0.0647991 0.0703929 
-0.00443396 0.0647712 -0.0706176 
-0.00192494 0.0722845 -0.0559039 
-0.035231 0.0540042 0.0206358 
-0.027451 0.153094 0.0544236 
0.0118692 0.0621998 0.0742087 
-0.00389962 0.0734425 -0.0580547 
-0.00712235 0.122612 -0.0023019 
-0.0157732 0.047389 0.0617687 
-0.0186132 0.137206 0.0541275 
-0.034211 0.106516 0.0578469 
-0.0304453 0.175406 0.0939042 
-0.0183832 0.0613891 0.077379 
0.0117952 0.0583547 0.0757849 
-0.0046135 0.13024 -0.00384683 
-0.0131364 0.048002 0.0633925 
-0.00837172 0.166038 0.059366 
-0.0256332 0.131132 0.0412009 
-0.0219199 0.0854559 0.0828594 
-0.0297046 0.113811 0.0470593 
0.00551519 0.0548702 0.0691893 
-0.0258427 0.168602 0.0226881 
-0.0299561 0.0746755 0.00385041 
-0.0452918 0.0849052 0.0442724 
-0.0362183 0.0618161 0.0622934 
-0.0285209 0.149795 0.0886104 
-0.039052 0.0779337 0.0581319 
-0.0205849 0.126706 0.0651069 
-0.0406248 0.0778689 0.0505381 
0.00269668 0.167184 0.0557311 
-0.0293708 0.0690314 0.0759715 
-0.0179895 0.164074 0.11767 
-0.0330668 0.0528514 0.0181271 
-0.0246915 0.0521896 0.0651297 
-0.016473 0.140825 0.0523319 
-0.0212327 0.149373 0.0359239 
0.0136585 0.106427 -0.0519669 
-0.0477192 0.0550982 0.0667935 
-0.0486311 0.0687918 0.0461362 
-0.0193758 0.0941094 -0.000625366 
-0.03364 0.106155 0.0534137 
-0.0463719 0.0571014 0.0684985 
-0.0301861 0.107896 0.0469212 
-0.0303748 0.0549409 0.0621511 
-0.0282769 0.0545519 0.0650356 
-0.0130046 0.101808 0.00692384 
0.0112818 0.0514572 0.0751077 
-0.0267021 0.0624674 0.0745929 
-0.0150723 0.192494 0.0970046 
-0.0375235 0.0663667 0.0132697 
-0.0246343 0.171633 0.0884135 
0.0211754 0.048535 0.0773306 
0.00909683 0.0501546 0.0720586 
-0.0255514 0.201308 0.0321722 
-0.0129108 0.184333 0.101436 
-0.000775628 0.167928 0.092362 
-0.0522968 0.0673488 0.0485586 
-0.0181326 0.0848512 0.0836136 
0.0238071 0.068199 0.0680326 
-0.0321293 0.113438 0.0548965 
-0.0424833 0.0841498 0.0524389 
-0.024787 0.125395 0.0366831 
-0.0192479 0.0481984 0.0605088 
0.0153636 0.109651 -0.0559742 
-0.0138039 0.0554498 0.0737078 
0.0104467 0.0477455 0.0722359 
0.00226879 0.0654866 -0.06542 
-0.0599378 0.0662077 0.0535894 
-0.0384981 0.0736564 0.0578525 
-0.0379104 0.0709857 0.0614798 
-0.0261963 0.131033 0.044589 
-0.00648068 0.124727 0.0689728 
0.01873 0.0534482 0.078314 
0.0115906 0.0548564 0.0758683 
0.0023414 0.153429 -0.018153 
-0.027569 0.149389 0.0594806 
0.0147134 0.0484134 0.0760503 
9.51123e-05 0.0653289 -0.0670205 
-0.0457503 0.0704222 0.0411504 
-0.0442127 0.0595414 0.0670368 
-0.00454563 0.180067 0.101572 
-0.0606144 0.0651109 0.0539362 
0.0279628 0.0657165 0.0789518 
-0.0085738 0.0845934 0.0831211 
-0.0321079 0.0669613 0.00243239 
-0.0526225 0.0656745 0.062452 
-0.0151932 0.0996354 -0.00115777 
0.0187747 0.116936 -0.0594894 
-0.0557295 0.0571848 0.0574968 
-0.00822893 0.122924 -0.00667567 
-0.0443694 0.0814796 0.0352244 
0.00487459 0.0516918 0.0644278 
-0.0306507 0.118613 0.0558058 
-0.0260111 0.158689 0.0608672 
0.00517258 0.158728 -0.0247551 
-0.0317521 0.0666654 -0.001071 
-0.0260245 0.185579 0.019059 
-0.0070458 0.059696 0.0763172 
-0.0114696 0.101825 0.00990984 
-0.00417397 0.205206 0.018557 
-0.0352441 0.0646937 0.06573 
0.00577503 0.166382 0.0613067 
-0.0276577 0.125439 0.0484768 
-0.0247687 0.165774 0.031335 
-0.0330313 0.0618714 0.0667371 
-0.0260902 0.0496828 0.0518742 
-0.0235679 0.10393 0.0786387 
-0.0168867 0.0508425 0.0673711 
-0.027399 0.11617 0.0426097 
0.0013535 0.15135 -0.0150646 
-0.0257913 0.0500356 0.0572456 
-0.0476066 0.0695131 0.0428839 
-0.00760215 0.12127 0.0718087 
-0.0108347 0.0615437 0.0782781 
-0.0100387 0.104833 0.00912335 
-0.00404679 0.218041 0.0312 
-0.00898954 0.0775901 0.0827811 
-0.0356231 0.102801 0.0613007 
-0.0368102 0.0642743 0.00693472 
0.00187892 0.0809441 -0.0584302 
-0.00364861 0.174305 0.0854122 
0.000624595 0.0801747 -0.050587 
-0.0565835 0.0652982 0.0571605 
0.00837518 0.0602722 0.0737071 
-0.038587 0.0769469 0.0627377 
-0.0254453 0.0580611 0.0720611 
-0.00653644 0.204665 0.0403293 
-0.0492318 0.0683407 0.0525829 
-0.0393618 0.069825 0.0231819 
-0.00880604 0.182455 0.101869 
-0.0396123 0.0835503 0.0567634 
-0.0446348 0.0850405 0.0356964 
-0.00592594 0.12112 -0.0176255 
-0.0501371 0.0600053 0.0653285 
-0.0406233 0.0699704 0.0276629 
-0.0211418 0.117416 0.073114 
-0.0443001 0.0902114 0.0482129 
-0.0369925 0.0878226 0.069953 
-0.0396922 0.0892903 0.0576244 
-0.0423466 0.0700961 0.0342904 
-0.0365517 0.0703841 0.0673638 
-0.00910158 0.111875 -0.0135126 
-0.0210165 0.130543 0.0603873 
-0.0339607 0.0871502 0.0748323 
-0.0296353 0.0861629 0.0791822 
-0.00234525 0.207201 0.0141173 
0.0118445 0.102223 -0.0502852 
-0.0256244 0.0857314 0.0816842 
0.0278963 0.0621391 0.0810138 
-0.0567081 0.0553779 0.0646726 
-0.0245267 0.131767 0.0369391 
-0.0152717 0.145098 0.0495289 
-0.0135993 0.0846259 0.08381 
-0.0243031 0.180132 0.0197793 
-0.00389163 0.150446 0.11181 
-0.042547 0.0940318 0.0496778 
-0.0077635 0.0822622 0.0832816 
-0.018771 0.0667305 0.0799885 
-0.0220696 0.109135 0.0778097 
-0.0242203 0.168952 0.0143907 
0.0159513 0.0928643 -0.0629361 
0.0256316 0.0637157 0.0787846 
-0.00420454 0.0854435 0.0812383 
-0.00591454 0.123543 -0.0178669 
-0.0435493 0.077442 0.0356331 
-0.0374873 0.094258 0.0645482 
-0.0245176 0.190398 0.0687556 
-0.0420004 0.0747617 0.0313226 
-0.0220408 0.142744 0.0427815 
0.000871892 0.211266 0.000462553 
-0.0359824 0.0937045 0.0703792 
-0.0149963 0.193734 0.0662156 
-0.0279968 0.176921 0.0519688 
-0.0286291 0.0921163 0.0794107 
-0.0255193 0.160278 0.0471625 
-0.0252938 0.0907613 0.081908 
-0.0428099 0.094929 0.0434494 
-0.0169689 0.186775 0.0720011 
-0.0409794 0.0942617 0.0532531 
-0.0293826 0.0580474 0.0681481 
-0.0262781 0.130619 0.0497736 
-0.0213585 0.091664 0.0829374 
-0.0178178 0.08995 0.083999 
0.0106916 0.0978827 -0.0503419 
-0.0393084 0.0968987 0.0522442 
-0.0375736 0.0962326 0.0566992 
-0.0218721 0.195405 0.00578065 
-0.0172671 0.0972267 -0.000391295 
-0.014911 0.0991741 0.00531282 
0.0114138 0.100132 -0.0530191 
-0.0238436 0.192314 0.0434875 
-0.00764767 0.0572077 0.075241 
-0.0128945 0.0999364 0.00967143 
-0.0633481 0.0572912 0.05594 
-0.0469496 0.0546936 0.0687748 
-0.036137 0.0997357 0.0523966 
-0.00915176 0.187607 0.104299 
-0.0269259 0.0511945 0.0542426 
-0.0358621 0.100773 0.0574988 
-0.044321 0.0797091 0.039448 
-0.0364848 0.0989116 0.0607183 
-0.00481126 0.216732 0.0315597 
-0.0360879 0.100227 0.0646946 
0.00326101 0.149549 -0.0270184 
-0.0112824 0.146226 0.0504799 
-0.0132458 0.138628 0.0562677 
-0.0314487 0.0988025 0.0752099 
0.0064622 0.0505891 0.0677658 
-0.000121805 0.145875 -0.0103958 
-0.0382272 0.067653 0.0538744 
-0.0274639 0.0977829 0.0789755 
0.00108218 0.0764276 -0.0480816 
-0.0245137 0.0981544 0.0804666 
0.0124339 0.102664 -0.0537922 
0.0115977 0.0446719 0.0703596 
-0.00544942 0.0707482 -0.0566029 
-0.00877842 0.0962292 0.0823141 
-0.0287171 0.05198 0.0453868 
0.0159839 0.0941897 -0.0632507 
0.00503977 0.154304 -0.0299795 
-0.00308904 0.133813 -0.0040555 
-0.0616377 0.0586081 0.0502826 
-0.0336243 0.102142 0.050314 
-0.0121198 0.104946 0.00464824 
-0.0282249 0.123919 0.0568434 
-0.0256448 0.173106 0.0437562 
-0.028826 0.0762251 0.00195925 
-0.00317538 0.136248 0.0579569 
-0.00562123 0.1778 0.0927338 
-0.0278298 0.176842 0.0577651 
-0.0044762 0.134573 -0.0134299 
-0.0116878 0.106103 -0.00811254 
-0.0129451 0.105557 -0.00104795 
0.0136751 0.105366 -0.0548581 
0.000126852 0.142754 -0.0239455 
-0.0345199 0.105221 0.065323 
-0.00437466 0.0608301 -0.0674033 
-0.0326668 0.104988 0.0701182 
-0.0276681 0.149061 0.063003 
-0.00707395 0.180631 0.094801 
-0.0295619 0.104016 0.0746063 
-0.0444094 0.0909093 0.0416248 
-0.0090367 0.113458 -0.0121627 
-0.0136526 0.192026 0.0726248 
-0.0271537 0.153623 0.0894831 
-0.0462866 0.0602746 0.0643787 
-0.000383303 0.146092 0.0509479 
-0.0199162 0.101931 0.0807022 
-0.0321376 0.107879 0.0506099 
-0.00177666 0.141025 -0.0200308 
-0.034276 0.107146 0.0626568 
-0.0151896 0.103129 0.0807471 
-0.0381515 0.0546996 0.0110597 
-0.0118755 0.1002 0.0819077 
-0.0211329 0.193185 0.0564805 
-0.00435826 0.134703 -0.00856114 
-0.00850782 0.101656 0.0807489 
0.0030924 0.149028 -0.0284874 
0.01469 0.108423 -0.053267 
-0.0124802 0.181142 0.099423 
-0.000207124 0.0690496 -0.0687499 
-0.0270214 0.105626 0.0761689 
-0.0290236 0.174001 0.053684 
-0.0104408 0.103746 0.0805055 
-0.0111402 0.110865 -0.000661191 
-0.0227598 0.0738963 0.0815336 
-0.020624 0.149752 0.0267726 
-0.0094154 0.110684 0.00416178 
0.00872151 0.0454944 0.0658533 
-0.00913503 0.117146 -0.00209705 
-0.0243379 0.187623 0.0162877 
-0.0171578 0.158846 0.109198 
-0.0232209 0.138226 0.033624 
-0.00299926 0.204274 0.0103739 
-0.0228444 0.152201 0.109883 
-0.00767236 0.109873 0.0077734 
-0.0264454 0.186438 0.0527716 
-0.0208999 0.0530879 0.068551 
-0.0110265 0.112383 -0.00379477 
-0.00350218 0.173844 0.0936402 
-0.027517 0.171465 0.0562809 
-0.0111413 0.111576 -0.00729284 
-0.0330393 0.108962 0.0663934 
-0.0315237 0.108637 0.0695848 
-0.00314585 0.0641954 -0.0676119 
0.0187998 0.0452784 0.0764382 
-0.0293127 0.107881 0.0732614 
-0.0262756 0.110465 0.0741366 
-0.0306739 0.112849 0.0501719 
-0.0273641 0.151053 0.0761839 
-0.0189879 0.107085 0.0798144 
-0.0279271 0.151944 0.0503496 
-0.00981025 0.1089 0.0786451 
-0.00790406 0.105408 0.0799043 
-0.0443892 0.0845195 0.0340277 
-0.00755209 0.118185 -0.0149935 
-0.00978637 0.117336 -0.00713978 
-0.0255829 0.178482 0.0404026 
-0.00970682 0.114305 0.000207359 
-0.0241711 0.131085 0.0552531 
4.11272e-06 0.145191 0.105218 
-0.00763082 0.114219 0.00432821 
-0.0272398 0.169685 0.061048 
-0.0064907 0.113834 0.00675138 
-0.00699454 0.116912 0.0030661 
-0.023739 0.0841532 -0.00209119 
-0.0384786 0.0563474 0.00996788 
-0.00591618 0.115033 0.00666475 
-0.0297121 0.117399 0.0635105 
-0.0152264 0.0627818 0.0791394 
-0.0120128 0.120347 0.0730425 
-0.0213201 0.11339 0.0753717 
-0.0172106 0.114931 0.0760041 
-0.0138061 0.111985 0.0774462 
-0.027363 0.119468 0.0435549 
-0.027887 0.120525 0.0634309 
0.0127013 0.197864 0.0422548 
-0.0068986 0.124211 -0.0143207 
-0.043502 0.0789454 0.0453709 
-0.0146767 0.123117 0.0712538 
-0.00534661 0.121802 0.00205964 
-0.0118587 0.116648 0.0754707 
-0.00203815 0.142506 -0.0115362 
-0.0383263 0.094184 0.0586018 
0.0219611 0.123334 -0.0634358 
-0.0151054 0.108165 0.0796927 
-0.0286171 0.12428 0.0523007 
-0.0150449 0.195911 0.0550221 
-0.0260797 0.12018 0.0666778 
-0.00185717 0.138495 -0.00550682 
-0.017924 0.166743 0.0509665 
-0.0230832 0.122608 0.0674697 
-0.0222895 0.144359 0.0344348 
-0.0245329 0.159867 0.0873282 
-0.0191862 0.121176 0.0711141 
-0.007501 0.117327 0.0738823 
-0.0271541 0.124931 0.0445128 
-0.0159575 0.119074 0.0734499 
-0.0267482 0.187892 0.0278707 
-0.00334417 0.139143 -0.0125927 
-0.0257373 0.126003 0.0402719 
-0.037205 0.0711354 0.0468002 
-0.00612797 0.129098 -0.0086412 
-0.00672909 0.126539 -0.00629049 
-0.0259427 0.172251 0.0485933 
-0.0208674 0.094791 -0.00244452 
-0.0198221 0.141965 0.048054 
-0.0225437 0.192066 0.0158952 
-0.0193701 0.163238 0.111307 
-0.00503019 0.127639 -0.00235692 
0.0240028 0.0590552 0.0787623 
0.0240502 0.133524 -0.0646613 
-0.00641608 0.203491 0.0267254 
-0.025022 0.189111 0.0508885 
-0.00787742 0.0734174 0.0822677 
-0.00275031 0.13153 -0.021306 
-0.0233939 0.127817 0.0333996 
-0.0236546 0.131002 0.0334629 
-0.0272689 0.128024 0.0526678 
-0.00611158 0.151904 0.11145 
-0.0227611 0.142901 0.0378291 
-0.0210743 0.150351 0.0303131 
-0.0258101 0.128344 0.0564987 
-0.0261557 0.156478 0.0422147 
-0.0353685 0.0537055 0.0190833 
-0.0029035 0.138685 0.0560348 
-0.0232797 0.127791 0.061529 
-0.00700796 0.135451 0.0598339 
-0.0139312 0.126381 0.068097 
-0.00952051 0.127382 0.0677181 
-0.0238557 0.192932 0.0523761 
-0.0291119 0.150359 0.0938642 
-0.000468048 0.076276 -0.0597578 
-0.00240991 0.136267 -0.0204455 
-0.0115265 0.179623 0.0991034 
-0.00315319 0.13654 -0.0168305 
-0.00870583 0.201402 0.0307617 
-0.0143962 0.0731614 0.0826045 
0.0235882 0.136391 -0.0631896 
-0.0126805 0.130109 0.0653184 
-0.0126565 0.157895 0.109156 
-0.0239229 0.137351 0.0371862 
-0.0249417 0.134985 0.0451596 
-0.0346033 0.0995401 0.070399 
-0.0214501 0.134706 0.0545677 
-0.0306064 0.145238 0.100426 
-0.0115011 0.133106 0.0623933 
-0.00839348 0.130636 0.0640331 
-0.00567208 0.131735 0.0630765 
-0.0250236 0.192012 0.0255907 
-0.0215483 0.179236 0.0992016 
-0.00464357 0.130323 0.0634528 
-0.0311143 0.148707 0.0978587 
-0.000252236 0.138556 -0.0250072 
-0.00217409 0.140268 -0.00889712 
-0.0190823 0.0699722 0.081417 
-0.0329197 0.0929332 0.0751246 
-0.0144 0.136099 0.0582317 
-0.0220893 0.193924 0.0421344 
-0.0208355 0.143984 0.0262262 
-0.0217605 0.144705 0.0301042 
-0.00623944 0.138022 0.0575358 
-0.0419482 0.0694605 0.0306293 
0.000752282 0.148037 -0.0219993 
0.0045136 0.0659206 0.0735122 
-0.0122617 0.143037 0.0524129 
-0.0199036 0.14782 0.0422866 
-0.00762952 0.144655 0.0524684 
-0.0121078 0.101291 -0.00875228 
-0.00325144 0.144368 0.0524365 
-0.0152333 0.147726 0.047716 
-0.0295387 0.0710771 -0.00306521 
0.00399032 0.154783 -0.0259094 
-0.00285748 0.0766701 -0.0633361 
0.00247807 0.153291 -0.0221165 
-0.0320374 0.14492 0.0969345 
-0.00882424 0.140824 0.0550001 
-0.00721864 0.146705 0.05139 
0.00638715 0.155785 -0.032763 
-0.0272302 0.148664 0.0667643 
0.00203349 0.143208 0.097023 
-0.0222086 0.152985 0.0256376 
