-0.0789028 0.0924058 0.0720423 
-0.0770536 0.0934027 0.0717711 
-0.0761584 0.0921679 0.0733849 
-0.0906745 0.0521374 0.0692011 
-0.0900398 0.0536866 0.0680751 
-0.0852107 0.0612111 0.0653089 
-0.0705943 0.097495 0.0655627 
-0.0706859 0.0985566 0.0616201 
-0.0683513 0.0994618 0.0611241 
-0.0670616 0.0977235 0.0649033 
-0.0541557 0.0857228 0.077183 
-0.0834951 0.0994019 0.0453471 
-0.0514118 0.085888 0.0776629 
-0.0482123 0.156516 0.0587131 
-0.0525946 0.0878348 0.0748852 
-0.0769269 0.104334 0.0437757 
-0.0530368 0.166918 0.0481332 
-0.0508775 0.165938 0.0512623 
-0.0484593 0.0875454 0.0765606 
-0.050832 0.0924611 0.0700778 
-0.0490355 0.0900349 0.0736491 
-0.0471793 0.112813 0.0656083 
-0.051565 0.166653 0.0465534 
-0.0485601 0.0946416 0.0687547 
-0.0455073 0.0919183 0.0723041 
-0.045079 0.112572 0.0657154 
-0.043817 0.111276 0.0662452 
-0.0489789 0.16507 0.0485395 
-0.0429747 0.110301 0.0660499 
-0.0521173 0.165896 0.0435441 
-0.0483957 0.164043 0.0454636 
-0.0445127 0.162532 0.0522428 
-0.0404847 0.161329 0.0548519 
-0.0300545 0.159053 0.0630827 
-0.0383121 0.123692 0.0650844 
-0.0430611 0.0937155 0.0703642 
-0.0406334 0.0950124 0.0680239 
-0.0510985 0.163321 0.039995 
-0.0290805 0.160519 0.0605934 
-0.0427765 0.0845844 0.0668518 
-0.0422421 0.160234 0.0485192 
-0.0345311 0.160035 0.0558659 
-0.0365444 0.12014 0.063884 
-0.0438821 0.159628 0.0452631 
-0.0839895 0.0968922 0.0478066 
-0.0373391 0.107067 0.0632701 
-0.0406645 0.097912 0.0657263 
-0.0512824 0.160005 0.0368202 
-0.0449349 0.151127 0.0439049 
-0.0431179 0.149538 0.0460737 
-0.0367374 0.15885 0.0522991 
-0.0322462 0.157078 0.0528075 
-0.0810305 0.0968743 0.0495078 
-0.036562 0.107597 0.0620016 
-0.0404794 0.0875419 0.0646348 
-0.0329844 0.156583 0.0508611 
-0.0283986 0.155616 0.0550702 
-0.0509467 0.156615 0.0341799 
-0.045124 0.159238 0.0388762 
-0.0427849 0.146019 0.0444265 
-0.0404703 0.144144 0.0457063 
-0.0512268 0.15411 0.0325052 
-0.0378107 0.0892403 0.0617867 
-0.0247284 0.15369 0.0560551 
-0.0492567 0.152013 0.0318066 
-0.0460597 0.155916 0.03549 
-0.0449154 0.149732 0.0392768 
-0.0433391 0.134334 0.0402133 
-0.0290073 0.153651 0.0513445 
-0.0254477 0.149611 0.0529075 
-0.0381144 0.0785234 0.0609283 
-0.0429566 0.150087 0.0336544 
-0.0450041 0.130561 0.0370917 
-0.0266743 0.150606 0.0485025 
-0.0246063 0.145866 0.0515886 
-0.022995 0.1434 0.0536887 
-0.0291576 0.106149 0.0558858 
-0.0434932 0.150651 0.0320697 
-0.0444779 0.150982 0.0302954 
-0.0230313 0.139187 0.0519752 
-0.0525762 0.10954 0.0292777 
-0.0468692 0.109576 0.0357326 
-0.0241526 0.176242 0.0376268 
0.0218678 0.13392 -0.0258522 
-0.0205554 0.106793 0.0149414 
0.000446523 0.117916 -0.045682 
0.0348754 0.127389 -0.0468333 
0.0214966 0.133365 -0.0247007 
0.0358515 0.110112 -0.00774022 
-0.031483 0.16185 0.0616223 
-0.00373117 0.112279 -0.0525398 
-0.0337972 0.162727 0.0613467 
-0.000279264 0.150504 0.0304645 
-0.000379501 0.115736 -0.0500403 
0.00303941 0.118003 -0.0483199 
0.0604427 0.0901801 -0.0180203 
-0.0244456 0.10244 0.0446798 
-0.00395107 0.11586 -0.0454257 
-0.0866893 0.0592146 0.0657818 
0.0285525 0.1326 -0.0334184 
0.043174 0.0890845 -0.00606366 
0.0670074 0.111958 -0.0315225 
0.0443464 0.0944461 -0.0104796 
-0.0499567 0.11241 0.0265914 
0.0303621 0.104308 -0.00400931 
-0.0451864 0.154253 0.061316 
0.00382458 0.114319 -0.0551029 
0.0361433 0.0939499 -0.00232776 
0.00347593 0.122654 0.00318219 
-0.0303795 0.104843 0.0423017 
-0.0453268 0.137002 0.0374265 
0.0082752 0.123007 -0.0447874 
0.0120611 0.120874 -0.052572 
0.00828185 0.106392 0.0112457 
0.0275553 0.131702 -0.0376929 
0.0432366 0.115496 -0.0181963 
0.0402316 0.124745 -0.0243912 
-0.0636184 0.0978472 0.0632122 
0.014525 0.133228 -0.0241161 
0.00584777 0.115332 -0.0596719 
0.0335818 0.130516 -0.0386983 
0.0438783 0.0979737 -0.0136391 
0.00779007 0.124312 -0.0857889 
-0.000363791 0.124355 -0.0730568 
0.0474505 0.0896737 -0.0163838 
0.0480114 0.0844922 -0.0165736 
0.000335079 0.113936 -0.0648891 
0.0359142 0.100674 -0.00479766 
0.0408097 0.126964 -0.0325496 
-0.0624688 0.0956057 0.065056 
0.0161743 0.126654 -0.0466034 
0.0437107 0.123171 -0.0288527 
-0.0174515 0.117302 -0.00563582 
-0.00328285 0.121217 -0.072683 
-0.0164548 0.113575 0.0379632 
0.0673978 0.10742 -0.022355 
-0.0418378 0.14013 0.0429171 
0.0198308 0.126222 -0.00587337 
0.0180337 0.1213 -0.0606656 
-0.00167933 0.129675 -0.0754754 
-0.012859 0.0883078 0.024753 
-0.0325697 0.0851974 0.0543951 
0.0238793 0.11082 0.00137439 
0.0363734 0.126318 -0.0194548 
-0.0456073 0.109348 0.0364323 
0.0575095 0.0978555 -0.0209261 
-0.0789835 0.100845 0.0467828 
0.0424801 0.100905 -0.0155698 
0.0580326 0.0889799 -0.0190404 
0.0328339 0.130679 -0.0325277 
-0.0691879 0.0258814 -0.0888538 
0.0194704 0.113428 0.00399695 
0.0438904 0.112065 -0.0176641 
0.0536571 0.104041 -0.045854 
-0.043824 0.142162 0.0410495 
0.0124363 0.127786 -0.0420804 
-0.0296041 0.103945 0.0175783 
-0.0276656 0.0761518 0.0474156 
0.0026173 0.130476 -0.0778031 
0.0624001 0.110608 -0.0327859 
0.0464988 0.114757 -0.0229362 
0.0430382 0.117648 -0.054218 
0.0547116 0.0967429 -0.0234085 
0.0165715 0.131126 -0.0384365 
-0.0272174 0.167927 0.0133971 
-0.000336819 0.130693 -0.0789273 
-0.0300044 0.0989305 0.046675 
0.0290229 0.132184 -0.0276851 
-0.0557229 0.107794 0.0274253 
-0.0756407 0.0250527 -0.0856609 
0.0141487 0.114608 0.00612153 
-0.00421718 0.111644 -0.066763 
0.0656645 0.107444 -0.0293328 
-0.0837197 0.0942405 0.049643 
0.0757681 0.100747 -0.0216736 
0.00468733 0.119561 -0.0461874 
0.0644152 0.107283 -0.0221896 
0.0549248 0.0587009 -0.0398554 
0.0395926 0.116427 -0.0137776 
0.0677763 0.106522 -0.0284885 
0.144066 0.0673667 0.0475602 
0.0398965 0.112697 -0.0127435 
0.0462429 0.120426 -0.043708 
0.0248706 0.123454 -0.0551882 
0.0385381 0.121285 -0.0161403 
0.0413302 0.108174 -0.0634898 
-0.00103958 0.127483 -0.00574533 
0.0766019 0.100111 -0.0193827 
-0.0441403 0.0968281 0.0679685 
-0.00275761 0.155283 0.0314102 
0.0472818 0.110894 -0.0227738 
-0.0136926 0.106706 0.0351504 
-0.00819958 0.123804 -0.015417 
0.00955996 0.118781 -0.0625585 
-0.0257019 0.169005 0.0164425 
0.00988522 0.127346 -0.0785706 
0.0493589 0.0584381 -0.046647 
0.0490078 0.0596439 -0.045486 
0.0216703 0.122948 -0.0831247 
0.023024 0.133069 -0.0331207 
0.0196331 0.124721 -0.0766757 
0.0370912 0.128366 -0.0280553 
-0.0671063 0.0998778 0.0593815 
0.0318208 0.101062 -0.00340853 
-0.0302692 0.16511 0.00982065 
-0.0266066 0.108792 -0.000836821 
0.0419166 0.122972 -0.0474129 
-0.00917803 0.155047 0.0352538 
-0.0597422 0.10499 0.0249206 
0.0345756 0.103592 -0.00657424 
9.71626e-05 0.111566 -0.057666 
0.0497085 0.11654 -0.0398952 
0.00666321 0.116777 -0.0522188 
0.0112533 0.13299 -0.0202653 
0.145767 0.0670723 0.0475403 
0.0416102 0.0956372 -0.00661846 
-0.0434658 0.163561 0.0581644 
0.0384866 0.0963883 -0.00399025 
-0.0264446 0.0856786 0.0434534 
-0.0466763 0.116666 0.025022 
0.0211335 0.120643 -0.0577295 
0.0515276 0.112064 -0.0357853 
0.0180688 0.132581 -0.0196783 
-0.00565199 0.10762 0.0154103 
0.0297136 0.114944 -0.0646412 
0.0505658 0.102964 -0.0544661 
0.013917 0.12612 -0.0825171 
0.0143658 0.12212 -0.0560675 
-0.0728789 0.0247951 -0.0717451 
-0.017833 0.0887204 0.028209 
-0.0170337 0.157781 0.0369235 
0.00295876 0.125364 -0.0729124 
-0.00431093 0.11927 0.00618469 
0.0270394 0.133064 -0.0316101 
0.0761093 0.10013 -0.024317 
0.0694807 0.112079 -0.0340493 
0.00766797 0.124413 0.00134326 
-0.0467616 0.161308 0.0422301 
0.0432596 0.111836 -0.0596419 
-0.0157733 0.118211 -0.0103859 
-0.00151384 0.111877 -0.0624944 
0.0752391 0.109015 -0.027781 
0.0237116 0.131495 -0.0406364 
0.00255284 0.120671 -0.0695925 
0.0183164 0.131935 -0.0145183 
-0.00335219 0.103189 0.016907 
0.0336221 0.113487 -0.0647965 
0.0482557 0.111243 -0.0537662 
0.0535974 0.0928383 -0.0472386 
-0.00317228 0.121447 -0.0297109 
-0.0239238 0.104653 0.017098 
0.0621986 0.0914603 -0.0176764 
0.0368533 0.116961 -0.0605224 
0.020521 0.12984 -0.0433407 
0.00342693 0.129813 -0.0819081 
0.0478359 0.103885 -0.0590604 
0.0393544 0.103046 -0.0110371 
0.0724616 0.100245 -0.0220044 
0.0269441 0.114559 -0.0757141 
0.0414998 0.115378 -0.0584921 
-0.00855272 0.123192 -0.00282086 
0.0129796 0.122863 -0.0492751 
0.0467328 0.106299 -0.0207987 
0.0776388 0.100513 -0.0233743 
0.0361745 0.128465 -0.0404496 
0.0513675 0.0879241 -0.0214322 
0.0201774 0.132639 -0.0367099 
0.0490698 0.0906348 -0.0241465 
0.0527984 0.109568 -0.0403088 
-0.0820952 0.0234173 -0.0694367 
0.0361097 0.110596 -0.0655678 
-0.00335888 0.121281 -0.030471 
0.0531168 0.0956407 -0.0264544 
-0.00705462 0.110368 -0.0677955 
-0.0504147 0.133979 0.0286173 
0.0288996 0.130751 -0.0189453 
-0.0056065 0.115285 -0.0400745 
0.035703 0.11785 -0.00981457 
-0.0512512 0.116891 0.0242974 
0.0169925 0.122432 -0.0530249 
0.0357632 0.0970223 -0.00286231 
-0.00122157 0.117426 -0.0694567 
0.046858 0.107201 -0.0580379 
0.0733529 0.0944723 -0.014683 
0.0539413 0.0973184 -0.0460093 
0.0326129 0.118648 -0.0610895 
0.0399124 0.109388 -0.0118016 
0.0508781 0.114034 -0.0444137 
0.0476817 0.117537 -0.0476491 
-0.025241 0.1776 0.0360506 
0.049506 0.0951199 -0.0269839 
0.0514942 0.108956 -0.0500082 
0.0269174 0.112148 -0.068095 
0.0443363 0.0889164 -0.00729745 
0.0312941 0.130196 -0.0423206 
0.0527109 0.0956831 -0.0501715 
0.0249527 0.116308 -0.0707636 
0.0104038 0.132337 -0.0266523 
0.0145162 0.122065 -0.088308 
0.0163511 0.126348 -0.00340161 
0.0178183 0.125631 -0.0792449 
0.0536103 0.106188 -0.0427084 
0.0577347 0.106833 -0.0354374 
-0.00626091 0.0951125 0.0201499 
-0.00588383 0.111729 -0.0688028 
0.0247181 0.132866 -0.0233878 
0.0585727 0.0968334 -0.0199027 
0.0211325 0.11984 -0.0654417 
-0.0206146 0.146106 0.0175164 
0.0862164 0.211228 -0.0814041 
0.0505654 0.104706 -0.0270349 
0.0715184 0.108973 -0.025845 
0.0736627 0.0976259 -0.0173345 
-0.0017609 0.152587 0.0297493 
0.0208662 0.111 0.00382226 
0.0474831 0.114398 -0.0512019 
0.0794784 0.100398 -0.0221959 
0.0391868 0.126579 -0.0428761 
-0.0686909 0.0995703 0.0583515 
0.0306027 0.0988743 -0.00233338 
-0.0281053 0.107165 0.00774999 
-0.000741595 0.151092 0.0310677 
-0.0325654 0.104097 0.00336196 
0.0165931 0.125464 -0.0731811 
0.0278109 0.109534 -0.0715972 
0.0468204 0.120447 -0.0340239 
-0.0239565 0.14422 0.057683 
0.0473185 0.083973 -0.0143228 
0.0445606 0.119803 -0.0500315 
0.00899157 0.113951 0.00848681 
0.038783 0.120188 -0.0564406 
0.0682313 0.10154 -0.0188675 
0.0343531 0.121785 -0.0117568 
-0.0785785 0.0247849 -0.0773483 
-0.0484432 0.110005 0.0331282 
0.0351561 0.114045 -0.00821427 
0.0431351 0.124516 -0.0417856 
0.0744975 0.0943069 -0.0158958 
0.00702218 0.120827 -0.0667343 
-0.0547075 0.107661 0.0259003 
0.0322586 0.110933 -0.00490635 
0.144533 0.0672091 0.0463464 
0.0707053 0.0975467 -0.015716 
0.0368645 0.129253 -0.0366089 
0.0554763 0.0534913 -0.0390384 
-0.0661244 0.0258511 -0.0924148 
0.0362429 0.123195 -0.0538878 
0.0343168 0.121388 -0.0581291 
-0.0489498 0.159205 0.0375175 
0.0450928 0.113337 -0.0563845 
0.0033521 0.130662 -0.0168515 
0.0297688 0.121347 -0.0584894 
0.00198098 0.113778 -0.0605935 
0.0318464 0.12389 -0.0551417 
-0.0278484 0.101333 0.0454583 
0.00933585 0.124722 -0.0706689 
-0.0234633 0.110277 0.0425719 
-0.0764258 0.0241485 -0.0686341 
0.00661422 0.129827 -0.00806102 
0.0105562 0.124881 -0.000202497 
0.0416247 0.0914278 -0.00549778 
0.0336087 0.109483 -0.0676793 
-0.0764681 0.103899 0.0447243 
0.0440766 0.108958 -0.0167075 
0.0514518 0.110778 -0.0468012 
0.00627578 0.129357 -0.0812373 
0.126802 0.15325 0.00337831 
-0.0196457 0.163355 0.0331301 
0.0182661 0.123008 -0.0694721 
-0.0464767 0.135274 0.0349223 
0.0450198 0.0968766 -0.0178476 
0.0452958 0.0911978 -0.0107939 
-0.0257937 0.0761358 0.0427963 
0.0456652 0.0844524 -0.0109894 
0.0460272 0.0939298 -0.0150634 
0.0528983 0.101068 -0.0492694 
0.0233261 0.119022 -0.0699935 
0.0135755 0.126265 -0.0739977 
0.00814168 0.131365 -0.0165262 
0.0634053 0.0924904 -0.0174397 
0.0163836 0.132989 -0.032302 
0.0235547 0.116298 -0.0659908 
0.0645247 0.104666 -0.0176629 
0.0622182 0.106605 -0.0198245 
0.0463545 0.0937824 -0.0192888 
0.0378889 0.125199 -0.0495287 
0.0538304 0.100799 -0.0277141 
0.0405514 0.12618 -0.0397428 
-0.0293139 0.106541 0.00350872 
-0.0653699 0.0950528 0.066915 
0.0273404 0.130382 -0.0449269 
0.048417 0.116314 -0.02978 
-0.0443376 0.112171 0.0314517 
-0.0791136 0.0906751 0.0741254 
0.0216274 0.132456 -0.0192963 
0.0127855 0.129518 -0.00740662 
-0.0833963 0.100824 0.0438068 
0.018952 0.133632 -0.0285887 
0.0425511 0.119912 -0.0208243 
0.0144213 0.120523 -0.062948 
0.0508625 0.100734 -0.0273407 
0.0437817 0.124005 -0.0377197 
0.0403957 0.100302 -0.00861051 
-0.0481482 0.120625 0.0231172 
0.0134709 0.121059 0.00276969 
0.0204357 0.12542 -0.0509921 
0.0502685 0.109153 -0.0279094 
0.00446573 0.122678 -0.0706472 
-0.0063223 0.113465 -0.048156 
-0.0681977 0.0256855 -0.0845806 
0.0275317 0.112577 -0.0802694 
-0.0138106 0.116209 0.0354075 
0.0220027 0.122155 -0.0739505 
0.0500594 0.114137 -0.0314416 
-0.071834 0.0938664 0.0712834 
0.0135828 0.132057 -0.0158235 
0.0460521 0.11786 -0.0257071 
0.0490881 0.116775 -0.0343393 
0.058798 0.109711 -0.030429 
-0.0273894 0.0798671 0.0458134 
0.0482143 0.11943 -0.0378785 
0.046231 0.121881 -0.0403345 
-0.0374352 0.0816761 0.0593365 
0.0251481 0.119228 -0.0790858 
-0.0179354 0.0971063 0.0247118 
0.0291022 0.126757 -0.0513588 
0.00353409 0.123586 -0.038174 
-0.0461019 0.132406 0.0353176 
-0.00365399 0.116676 -0.0420008 
0.0315674 0.119227 -0.00668011 
0.0270396 0.127221 -0.0109742 
0.0236277 0.130598 -0.0150028 
-0.0802518 0.10287 0.0434317 
0.0136995 0.133077 -0.0295298 
0.0303169 0.115423 -0.00438667 
0.00900265 0.131339 -0.0296106 
-0.0183453 0.123927 0.0371214 
0.0176496 0.123627 -0.0857539 
0.0320774 0.0954174 -0.00130716 
0.0296969 0.101589 -0.00370165 
-0.0275919 0.145595 0.0459334 
-0.00779035 0.114181 -0.0431792 
-0.0726406 0.025367 -0.089368 
-0.00905319 0.111897 0.0126274 
-0.0726581 0.0255399 -0.0843917 
-0.00735998 0.117489 0.00810703 
-0.0172519 0.167457 0.0266151 
0.0257524 0.116318 -0.00114754 
-0.0878873 0.0560437 0.0675242 
0.0544197 0.107308 -0.0324851 
0.00546942 0.130924 -0.0131939 
0.0237846 0.121275 -0.00280727 
-0.0207822 0.114332 -0.00455621 
0.0250142 0.123558 -0.00500825 
0.0121707 0.121604 -0.0659336 
0.022565 0.127106 -0.0075202 
0.0198881 0.130375 -0.011485 
-0.0149846 0.118748 -0.0119018 
-0.0278674 0.107416 0.0421412 
0.00671728 0.131653 -0.0217751 
0.0166859 0.130106 -0.0106562 
0.0020395 0.129338 -0.0234925 
-0.0759616 0.02516 -0.0806139 
-0.0789337 0.0247759 -0.0809129 
-0.0230296 0.17603 0.0360402 
0.0234469 0.11223 0.00125709 
-0.0165709 0.0923112 0.026534 
-0.0537731 0.0846971 0.0785774 
0.0201884 0.117031 0.00220611 
0.0187264 0.121405 3.66365e-05 
0.00923532 0.130979 -0.0114914 
0.00626824 0.118398 0.00674098 
0.0319694 0.126943 -0.014927 
-0.000995074 0.128283 -0.0195444 
-0.0303375 0.159051 0.0568914 
-0.0195492 0.115553 -0.00177863 
0.00538915 0.116755 -0.0639733 
-0.0816794 0.0243801 -0.0773172 
-0.000877165 0.115461 0.00994523 
-0.0155058 0.160819 0.0252904 
0.0548804 0.103222 -0.039521 
-0.0235422 0.166675 0.0282666 
-0.00480539 0.125621 -0.0188024 
-0.0216093 0.167266 0.0360641 
0.0136832 0.108245 0.00793573 
-0.0210917 0.111933 0.00585366 
0.0075783 0.11761 -0.0507962 
-0.0227602 0.129463 0.0491556 
-0.0706959 0.0249299 -0.081078 
0.00828149 0.127866 -0.00425594 
-0.013694 0.104187 0.0184614 
0.000521766 0.12918 -0.0138151 
0.0108353 0.124229 -0.0864039 
-0.00373414 0.12722 -0.013969 
0.00494113 0.127724 -0.00406308 
0.0391096 0.113682 -0.0623049 
-0.0193453 0.150737 0.0194733 
-0.0203791 0.101757 0.0212858 
-0.0679956 0.0945331 0.0688133 
0.0249331 0.128473 -0.04776 
0.0114556 0.119329 0.00479939 
-0.0212217 0.16408 0.0348303 
-0.0794183 0.0237617 -0.0660935 
-0.00319611 0.127621 -0.0100817 
-0.0111507 0.121339 -0.0160965 
0.011207 0.110009 0.00914929 
0.0129894 0.13159 -0.033755 
0.000819825 0.125665 -0.00111759 
-0.00590901 0.125342 -0.00621395 
-0.00728847 0.125381 -0.0108545 
-0.0467324 0.164379 0.0553406 
-0.01051 0.122581 -0.0121957 
0.0294596 0.122392 -0.00754891 
-0.0107085 0.122805 -0.00865552 
0.000263039 0.118552 -0.0425298 
-0.00359579 0.12475 -0.00142011 
-0.0376572 0.162839 0.0585235 
-0.0161931 0.108192 0.0146835 
0.00335582 0.106765 0.0132003 
0.00173445 0.118514 0.00777356 
0.0665855 0.112656 -0.0330495 
-0.0192059 0.167562 0.0284591 
0.00491474 0.127766 -0.0750324 
-0.000475272 0.121748 0.00492712 
-0.01261 0.121117 -0.00379055 
0.0148649 0.124451 -0.0693131 
-0.0164416 0.164928 0.031605 
-0.0777275 0.0238744 -0.0719867 
-0.0109894 0.120598 0.000799729 
-0.000532995 0.10758 0.0144307 
-0.0452945 0.146252 0.0386301 
-0.00507045 0.114568 0.011034 
-0.0121368 0.115377 0.00830025 
0.04062 0.121897 -0.0518886 
-0.0809038 0.0234647 -0.0679268 
-0.0134201 0.118169 0.00319039 
-0.0810036 0.0239864 -0.0737041 
-0.0161983 0.118186 -0.000785117 
-0.0167846 0.122204 0.036867 
-0.00594946 0.100514 0.0189362 
-0.0184998 0.115181 0.00288886 
-0.0241226 0.101177 0.0232672 
-0.022646 0.112571 -0.00279483 
-0.0234752 0.111848 0.00071993 
-0.0260562 0.109145 -0.00249645 
-0.0165314 0.114397 0.00781402 
-0.0084314 0.0904152 0.0216582 
-0.0114005 0.0923908 0.0233111 
-0.0409386 0.163449 0.0603462 
-0.0190762 0.110868 0.0101622 
-0.0247511 0.109927 0.00487448 
-0.0232633 0.1258 0.0486189 
-0.0263848 0.106244 0.0125828 
-0.030669 0.105277 0.0114077 
-0.0362679 0.080524 0.058519 
-0.0249831 0.112853 0.0410016 
-0.0322114 0.104662 0.00720351 
-0.011136 0.0998733 0.0208647 
-0.0350224 0.102628 0.00632798 
-0.0167749 0.083594 0.0271318 
-0.0010027 0.151441 0.0291676 
-0.0287028 0.104185 0.0161083 
-0.019803 0.093638 0.0286359 
-0.0213487 0.096736 0.0268041 
0.00697394 0.111371 0.0105111 
-0.0274503 0.103271 0.0197553 
0.0478283 0.104408 -0.0224849 
0.0114119 0.121205 -0.0592168 
0.0251833 0.118013 -0.0620814 
-0.0312516 0.104456 0.0152969 
0.00893222 0.128737 -0.0369423 
-0.0231372 0.168636 0.0200469 
-0.0284019 0.154578 0.00697381 
-0.00516688 0.161233 0.0299574 
-0.0162029 0.145422 0.0217042 
-0.0281583 0.163529 0.00800429 
-0.0239367 0.108782 0.00956192 
-0.0311495 0.0811023 0.0511478 
-0.0132013 0.114334 0.0352261 
-0.0301822 0.0852565 0.0480814 
0.00241051 0.128537 -0.0267437 
-0.0235795 0.152374 0.0158969 
0.0536113 0.104362 -0.029331 
-0.025965 0.167268 0.0303434 
-0.0733323 0.0958721 0.0687391 
-0.0261904 0.165379 0.0105711 
-0.0305581 0.0839484 0.0496283 
-0.0166679 0.155036 0.0224126 
-0.007895 0.164044 0.0282265 
-0.0295159 0.0947972 0.0490357 
0.0057037 0.104355 0.0127732 
0.00540774 0.130435 -0.0262459 
-0.0195201 0.155983 0.0196527 
0.0609411 0.107809 -0.0267301 
0.0684042 0.112463 -0.0348015 
-0.0306157 0.163436 0.0268946 
-0.0152073 0.150353 0.0232144 
-0.0129679 0.122588 0.0352251 
-0.00765621 0.157924 0.0345561 
-0.0119101 0.165789 0.0299607 
-0.0173727 0.155948 0.0228132 
-0.0251258 0.157279 0.0153495 
0.0326247 0.126924 -0.0503635 
-0.0186184 0.0954239 0.0378766 
-0.023957 0.0850356 0.0412697 
-0.0171158 0.117635 0.0378469 
-0.0146094 0.161151 0.0347595 
-0.0221977 0.135726 0.0549396 
-0.00228515 0.11805 -0.0381447 
-0.0191411 0.164631 0.023334 
-0.0747591 0.0241472 -0.0766202 
-0.0237591 0.160904 0.0174599 
-0.0204007 0.0994133 0.0395894 
-0.0227253 0.0823782 0.0397374 
0.00179752 0.128889 -0.00917062 
0.0514826 0.104123 -0.029031 
-0.0255144 0.0717332 0.0425247 
-0.0256657 0.0728207 0.0412959 
-0.0460603 0.123605 0.0224824 
-0.0207776 0.113903 0.041237 
0.026164 0.11675 -0.0823758 
-0.0131516 0.096961 0.0228535 
-0.0278444 0.0834772 0.0454744 
-0.021345 0.117768 0.0397689 
-0.0139824 0.154271 0.0372497 
0.00164603 0.104026 0.0148984 
-0.0256105 0.168237 0.0233068 
0.0237453 0.120268 -0.0856196 
-0.0280388 0.169158 0.0194697 
0.00533836 0.129158 -0.0306553 
-0.00635769 0.122225 0.00137479 
-0.0241117 0.157164 0.0163149 
-0.0230403 0.125258 0.0516683 
-0.00949192 0.105521 0.0169488 
-0.0295877 0.167872 0.0183993 
-0.00130852 0.0996007 0.0172582 
-0.0300508 0.165465 0.0228527 
-0.0184804 0.142901 0.0392918 
-0.0265087 0.157224 0.0603228 
-0.0233831 0.105464 0.0443453 
0.0492886 0.0849391 -0.020461 
0.0678983 0.104018 -0.0322036 
-0.0450407 0.124221 0.0220477 
-0.0335308 0.108167 0.0386108 
-0.0318631 0.162974 0.0258891 
-0.0350926 0.106737 0.0402207 
-0.0773853 0.0989096 0.0491554 
-0.00498355 0.110476 -0.0657173 
-0.0237442 0.170983 0.0341197 
-0.041362 0.119762 0.029002 
-0.0312426 0.0770486 0.0520781 
-0.0328325 0.103513 0.0433786 
-0.048006 0.110538 0.0301708 
0.0331744 0.129812 -0.0233283 
0.00148032 0.110779 0.0123565 
-0.0231469 0.132644 0.0481617 
0.024211 0.115634 -0.0656144 
-0.0243882 0.177373 0.0349404 
-0.00852639 0.162267 0.0330639 
-0.044244 0.10933 0.0346236 
-0.0240671 0.143174 0.0449072 
-0.0586426 0.104546 0.0236808 
-0.0321307 0.111733 0.0371163 
0.0245316 0.119356 -0.0745789 
0.0271214 0.111706 -0.000664658 
-0.0341852 0.0819753 0.0563413 
-0.0212139 0.160047 0.0196858 
-0.0226564 0.131177 0.0522987 
-0.0232586 0.134677 0.0492391 
-0.0251329 0.144405 0.0476824 
