-0.0106192 0.207863 0.0259192 
-0.00856485 0.206949 0.0256245 
0.028489 0.20605 0.0264489 
6.70831e-05 0.202731 0.0256061 
-0.000751325 0.199739 0.0277175 
0.0345644 0.199151 0.0259256 
0.0330487 0.200593 0.0258884 
0.0188549 0.198146 0.0251866 
0.0150635 0.198846 0.0254802 
0.0314567 0.196888 0.0277325 
0.00509698 0.1968 0.0278411 
0.0286653 0.195291 0.00485771 
0.0319146 0.194027 0.00260778 
0.0320445 0.194877 0.0428607 
0.0913531 0.19063 0.0173533 
0.0377694 0.195008 0.0206453 
0.0985406 0.188869 0.0106881 
0.0920784 0.189918 0.0153896 
0.0908976 0.189751 0.0191881 
0.0317211 0.192896 0.00676115 
0.0384122 0.193636 0.0237983 
0.0350081 0.19439 0.027262 
0.0314124 0.193992 0.0456175 
0.0928609 0.188344 0.016212 
0.0446798 0.189326 0.0283266 
0.0349302 0.1901 0.0279672 
0.028945 0.190177 0.0284794 
0.0905906 0.187507 0.0205843 
0.0587931 0.187793 0.0279457 
0.0364263 0.189434 0.0446996 
0.0986311 0.18533 0.00538311 
0.0982035 0.185168 0.0169533 
0.100958 0.18533 0.0202834 
0.102152 0.184059 0.024821 
0.0999501 0.18346 0.0277693 
0.0694652 0.185194 0.0242631 
0.0688463 0.185318 0.0288077 
0.0391846 0.188239 0.04098 
0.0402396 0.186065 0.0434696 
0.0385528 0.186215 0.0450131 
0.0708706 0.183666 0.0212309 
0.0386029 0.185194 0.0452057 
0.0973757 0.181898 0.00494291 
0.0685715 0.182806 0.032725 
0.0561105 0.183488 0.0354106 
0.0419421 0.18397 0.0426995 
0.0342203 0.202511 0.0220458 
0.0315406 0.183004 0.0421866 
0.0660697 0.181551 0.035371 
0.0114233 0.184924 0.0455038 
0.0933207 0.177688 -0.000727427 
0.0958403 0.179826 0.00208126 
0.0970457 0.180092 0.0167881 
0.100386 0.179748 0.029181 
0.0685926 0.181135 0.0294968 
0.0601856 0.180138 0.0375204 
0.0457957 0.182196 0.039715 
0.0387032 0.180662 0.0410478 
0.0333405 0.180919 0.0430132 
0.0140869 0.183286 0.0452543 
0.0939227 0.176954 0.00844783 
0.100671 0.176891 0.026299 
0.0698791 0.177683 0.0273841 
0.0430532 0.178984 0.0399005 
0.0916125 0.176231 -0.000668407 
0.0940927 0.176307 0.00278696 
0.0966301 0.176391 0.0186661 
0.0225393 0.178985 0.0434362 
0.0911181 0.172928 0.00174483 
0.0921179 0.174417 0.00508245 
0.0823644 0.172517 0.00815681 
0.0958205 0.174101 0.0245681 
0.0954155 0.173861 0.0315156 
0.0891926 0.174156 0.0336653 
0.0744258 0.173133 0.0321368 
0.101991 0.180415 0.0257355 
0.0685926 0.176356 0.030505 
0.062821 0.175851 0.0333533 
0.0584981 0.176177 0.036426 
0.0510675 0.176346 0.0390819 
0.0455925 0.176393 0.0398653 
0.0394744 0.176907 0.0415758 
0.0267395 0.176419 0.0447929 
0.0100493 0.17581 0.0451882 
0.0066253 0.175906 0.0456147 
0.0959035 0.171542 0.0301237 
0.014093 0.17377 0.0448106 
0.0928041 0.169728 0.0236155 
0.0931833 0.170125 0.0250512 
0.0867382 0.169884 0.0331871 
0.00890684 0.187169 0.0455209 
0.0830057 0.169401 0.0350619 
0.063185 0.171118 0.0346734 
0.0425825 0.170323 0.0415421 
0.00636586 0.172971 0.0462738 
0.0863503 0.16851 0.00255534 
0.0845593 0.169311 0.00549205 
0.0697487 0.16798 0.00366714 
0.0848962 0.167205 0.0306974 
0.0799022 0.167998 0.0350403 
0.0752616 0.168183 0.0362852 
0.0722165 0.170825 0.034242 
0.067434 0.168037 0.0369693 
0.0627156 0.167974 0.0378055 
0.0463753 0.171018 0.0404482 
0.0337327 0.172077 0.0424444 
0.0307584 0.17106 0.0429797 
0.0268481 0.171846 0.0444841 
0.0182718 0.171999 0.0443864 
0.0142795 0.170426 0.0435901 
0.0108423 0.171821 0.0451862 
0.0114226 0.168917 0.0465351 
0.0836896 0.165843 0.0302355 
0.0745812 0.166235 0.035522 
0.062425 0.166533 0.0379977 
0.0870476 0.165261 0.0259516 
0.0987025 0.175244 0.0295801 
0.0139965 0.16802 0.0459806 
0.0713964 0.164234 0.0344985 
0.0666388 0.165372 0.0364611 
0.0539863 0.162513 0.0132412 
0.0548863 0.162452 0.0168457 
0.0544603 0.162253 0.021167 
0.0529207 0.162561 0.024147 
0.0504148 0.16253 0.0289457 
0.0473116 0.163021 0.0344312 
0.0368797 0.165965 0.0399465 
0.03355 0.166432 0.0426013 
0.0312974 0.164698 0.04246 
0.0219289 0.166249 0.045374 
0.0186696 0.166395 0.0457758 
0.0517625 0.162943 0.00666111 
0.0588356 0.161202 0.0156011 
0.0540627 0.16192 0.0060256 
0.0540366 0.160894 0.00708445 
0.0481702 0.161815 0.0341088 
0.0568782 0.160327 0.00559846 
0.0782209 0.165159 0.0329061 
0.0627609 0.159885 0.0169637 
0.0339702 0.161374 0.0410941 
0.103072 0.157322 0.00567853 
-0.00543951 0.205035 0.0258241 
0.0666885 0.159017 0.0145579 
0.0702281 0.157695 0.0175495 
0.0585378 0.159952 0.0219537 
0.00310094 0.200079 0.0269419 
0.103243 0.156085 0.00402624 
0.0586342 0.158191 0.0306249 
0.0647583 0.156515 0.0297352 
0.0613108 0.157041 0.0321566 
0.0574968 0.157233 0.03506 
0.0546667 0.158897 0.0341614 
0.0460557 0.159456 0.0383031 
0.085183 0.165852 0.00407795 
0.043105 0.160485 0.0384545 
0.0365878 0.159918 0.0394445 
0.0312753 0.159998 0.04208 
0.100062 0.156404 0.022017 
0.0107074 0.159078 0.0454701 
0.0947959 0.155288 0.0251382 
0.104926 0.153609 0.0188858 
0.0299721 0.19648 0.0444185 
0.0626919 0.155444 0.0245185 
0.0973619 0.177784 0.0232061 
0.0169783 0.15694 0.0435081 
0.0142384 0.155816 0.0431194 
0.0700883 0.153887 0.0261362 
0.0996077 0.153216 0.024214 
0.108007 0.151581 0.0138105 
0.0257523 0.195004 0.00681681 
0.0544832 0.153222 0.0355436 
0.108971 0.158582 0.0105721 
0.0459704 0.153979 0.0376124 
0.0425714 0.15408 0.0382341 
0.0372841 0.154052 0.0393324 
0.034137 0.155219 0.0399664 
0.0746036 0.163491 0.0330443 
0.0659957 0.157755 0.0212726 
0.0297985 0.154622 0.0411819 
0.0224029 0.152753 0.0437091 
0.056061 0.190843 0.0235573 
0.106783 0.151163 0.00564236 
0.102043 0.148605 0.00620389 
0.102181 0.148849 0.00889759 
0.106723 0.151024 0.0216998 
0.102241 0.150879 0.0247292 
0.0875581 0.152166 0.0270003 
0.0825455 0.150362 0.0283069 
0.0787592 0.151243 0.0280074 
0.0738937 0.151593 0.0293306 
0.0693838 0.151524 0.0313985 
0.0670195 0.153917 0.0310487 
0.105536 0.154797 0.00660951 
0.0233424 0.151415 0.0422261 
0.0661884 0.149368 0.0333364 
0.0255143 0.151099 0.0398812 
0.101148 0.147554 0.00939475 
0.103353 0.147047 0.00120759 
0.0986347 0.147073 0.00555916 
0.0983 0.149625 0.0266149 
-0.0384732 0.149965 0.024381 
0.0921176 0.145586 0.00426377 
0.0250321 0.19711 0.00571253 
0.0542179 0.149268 0.036316 
-0.0333773 0.149372 0.0257581 
0.0951602 0.145793 -0.000231982 
0.0841958 0.173139 0.00752372 
0.0426402 0.148802 0.038529 
0.0321286 0.204707 0.0245724 
0.0883673 0.14435 0.000202957 
0.0641727 0.180506 0.0341587 
0.0377348 0.146017 0.0346352 
0.0671579 0.154844 0.0233592 
0.030747 0.148195 0.0398465 
0.0913619 0.144111 -0.00122851 
0.107573 0.14632 0.0231481 
0.11074 0.160402 0.0117426 
0.103713 0.145611 0.0269891 
0.0745266 0.146794 0.0310145 
0.0697433 0.146879 0.0328658 
0.0661344 0.146192 0.0340031 
0.0630562 0.147189 0.0347697 
0.0559714 0.161836 0.00450097 
0.0498582 0.148559 0.0372832 
0.00635932 0.082101 0.0411535 
0.082782 0.0767968 0.00471284 
-0.00795971 0.109861 0.0320158 
0.00664879 0.0770732 0.0409217 
0.0845084 0.0780792 0.0271712 
-0.046707 0.0732109 0.0268491 
0.0812204 0.0780855 0.0323602 
0.062071 0.0699219 -0.0262008 
0.0985029 0.188875 0.0118733 
-0.0639646 0.111303 0.0167458 
0.0706401 0.187095 0.0193416 
0.00409261 0.0895418 0.0383932 
0.089105 0.142899 0.028575 
0.0737249 0.143528 0.0302009 
0.00705017 0.080983 0.0402843 
0.0355011 0.191841 0.0405203 
0.0854817 0.0717991 0.0150101 
-0.0522518 0.0747876 0.0303335 
0.0656008 0.0674588 -0.0177986 
0.0767044 0.0723699 0.0358905 
0.0643001 0.107434 0.0370051 
0.0831934 0.0721028 0.00635482 
0.0761855 0.111287 0.0113031 
0.0175169 0.0635656 0.0449852 
0.0588376 0.0757668 0.0475802 
0.0482473 0.0455993 0.0305107 
0.0725931 0.11254 0.0296852 
0.081777 0.0986741 0.0262346 
0.0956826 0.14289 -0.00329184 
0.0315322 0.12504 0.0345748 
0.0719758 0.0556411 0.0317968 
0.0876028 0.141588 0.0278687 
0.084766 0.0686614 0.0227033 
0.0775889 0.0560559 0.00760449 
0.0984902 0.179557 0.0212765 
0.0737908 0.173166 0.0328473 
0.0806499 0.0723545 0.0317842 
0.0833806 0.0946972 0.0111076 
0.103581 0.154495 0.0214601 
0.0683251 0.0653005 -0.0213547 
-0.0658332 0.11692 0.0159074 
0.0715882 0.0645574 -0.00475316 
0.072332 0.0603253 -0.0172873 
0.0816722 0.0659016 0.00628388 
0.0821259 0.146496 0.0296888 
0.0358585 0.0680997 0.0494016 
0.0663822 0.124697 0.0219842 
0.0725076 0.0549622 -0.0249711 
-0.050602 0.0652203 0.0290474 
0.0566456 0.14406 0.0363559 
0.0596463 0.189866 0.0237426 
0.0388217 0.0664729 0.0487916 
0.0727146 0.0615598 -0.0312547 
0.0841837 0.0947607 0.018597 
0.0708583 0.0624197 -0.0219559 
0.0607123 0.128875 0.0249369 
0.0833569 0.066279 0.0113876 
0.0342912 0.059907 0.0502186 
0.0564069 0.113313 0.0366469 
-0.049259 0.0618514 0.0322216 
0.0536595 0.115762 0.0365249 
0.0618095 0.157541 0.0236945 
0.0639955 0.0671879 0.0396265 
0.0579856 0.0682762 0.0421506 
0.0861572 0.0779678 0.0150008 
0.0831716 0.142949 0.0291242 
0.0697719 0.0564724 0.0616567 
0.0276127 0.143102 0.0366176 
0.0435146 0.143374 0.0313199 
0.107934 0.151569 0.0101657 
0.0103947 0.0644756 0.0453597 
0.0357186 0.199268 0.0220296 
0.030675 0.175675 0.0437272 
0.0657143 0.0640689 0.047995 
0.069909 0.107396 0.0352027 
0.0343234 0.177509 0.0436029 
0.0589039 0.0639975 0.0421596 
0.0742045 0.107605 0.0314868 
-0.0480402 0.060526 0.0342665 
0.0565006 0.0643398 0.0484462 
0.0660049 0.119125 0.0308114 
0.0646154 0.0677238 -0.0255165 
0.0703195 0.0601528 -0.00552656 
0.091227 0.175305 0.0317358 
0.0517771 0.0471455 0.0323506 
0.075994 0.111543 0.0253532 
0.0436778 0.16408 0.0384218 
-0.0146545 0.121656 0.0308295 
-0.0584591 0.0573785 0.0313297 
0.0390177 0.190594 0.0260247 
0.0597886 0.070171 -0.0221678 
-0.0192449 0.139815 0.027727 
-0.00994108 0.0999657 0.032382 
0.0506357 0.068697 0.0485808 
-0.0117594 0.121192 0.030671 
0.0759982 0.0567821 0.0528085 
0.0838707 0.0722398 0.0267585 
0.104426 0.161003 0.0166312 
0.0520104 0.0455636 0.0276702 
0.0477212 0.141023 0.0282347 
0.0721618 0.0562456 0.056119 
0.0758024 0.0586588 0.0397356 
0.0631387 0.185291 0.0326776 
0.0739868 0.112612 0.00878069 
0.0656946 0.0561351 0.0632742 
0.00798689 0.0935625 0.0328142 
-0.0500542 0.0749639 0.0280988 
-0.0569422 0.104101 0.0186764 
-0.0648012 0.0591576 0.0362797 
0.0726657 0.049917 -0.021101 
0.0473255 0.067641 0.0486485 
0.0823516 0.0616274 0.0189388 
0.0219786 0.16143 0.0434991 
0.0583561 0.0792509 0.0489195 
0.0808445 0.0624755 0.0266754 
0.0648869 0.0479467 -0.00739024 
0.0987324 0.185948 0.0136192 
0.061419 0.0483687 0.0290569 
0.0759593 0.0518579 0.0452293 
0.0788676 0.0559318 0.0155151 
0.108781 0.147543 0.0189815 
-0.0607889 0.0513739 0.0391209 
0.0105871 0.156673 0.04502 
0.0861563 0.0772658 0.0187654 
-0.00144818 0.204219 0.0246206 
0.074242 0.052791 0.0537548 
0.0748531 0.0526406 0.0234478 
-0.0312794 0.14952 0.0254972 
-0.0615119 0.109643 0.01727 
0.0704972 0.0449698 -0.0177543 
0.0723994 0.0504395 0.00824189 
0.110925 0.162433 0.0147362 
-0.013001 0.142248 0.0249272 
0.058049 0.153918 0.035125 
0.0683719 0.0652283 -0.0138444 
0.0702591 0.0617646 0.0371308 
0.0300064 0.0633722 0.0479698 
0.0837832 0.0953912 0.014391 
0.0268254 0.19699 0.0045164 
0.0728048 0.0585081 -0.0213145 
0.0547375 0.159734 0.0251916 
0.0329724 0.148159 0.0378341 
0.0665606 0.0476506 0.0232269 
0.0907638 0.170089 0.0292136 
0.0794895 0.0580325 0.0109065 
0.0420694 0.11494 0.0357063 
0.0630079 0.0847936 0.0457986 
0.090894 0.178376 0.0301636 
0.0905762 0.171014 0.0037815 
0.0667487 0.0554213 0.0626962 
0.0852302 0.0777096 0.010132 
0.0377618 0.150411 0.0389699 
0.0677092 0.049149 0.0269453 
0.0258581 0.165932 0.0444118 
0.0562563 0.0860164 0.0493078 
0.0614659 0.0755589 0.0451095 
0.0865861 0.146869 0.0288082 
0.0635729 0.0734179 0.0411359 
0.0572531 0.132973 0.0173889 
0.0252155 0.154585 0.0430968 
0.0164409 0.0633096 0.0461676 
0.070246 0.16783 0.00266356 
0.0805217 0.0510081 0.0521904 
0.00168199 0.11922 0.0251498 
0.0196093 0.195468 0.0272704 
0.0649128 0.0763841 0.0414536 
0.00724344 0.20088 0.0254375 
0.0799365 0.0538246 0.0516425 
0.0724397 0.0787467 0.0393795 
0.0518768 0.0792664 0.0511835 
0.0715018 0.0663269 -0.00733904 
-0.0208539 0.147658 0.0251613 
0.0851946 0.0722309 0.0227253 
0.042589 0.11417 0.0351096 
0.0221274 0.172722 0.0458794 
-0.0149958 0.132927 0.0287285 
0.0673239 0.0629936 0.0385209 
0.0295448 0.133135 0.035634 
0.0723902 0.0650192 -0.0313942 
0.08603 0.0780811 0.0225882 
0.0759581 0.0601187 0.0475721 
0.0331853 0.126957 0.0357061 
0.0533939 0.0468497 0.0313379 
0.0846081 0.0890564 0.0108391 
-0.00720631 0.115571 0.0311755 
0.0182907 0.0516707 0.0507276 
0.0513682 0.0479592 0.0328078 
0.0106558 0.195791 0.0275999 
-0.0490226 0.0662451 0.02531 
0.0435602 0.0735839 0.0511653 
0.0747037 0.0600705 0.0423538 
0.0310954 0.0597934 0.0498779 
0.0717706 0.0700812 -0.00689931 
0.0773084 0.0783144 0.0362993 
0.0616953 0.0484838 -0.00546508 
0.0642923 0.112508 0.0356183 
0.0568223 0.19 0.0253016 
0.0627377 0.127907 0.0214184 
-0.0151743 0.138155 0.0275901 
0.0677472 0.0645515 0.0384058 
0.0391653 0.171503 0.041606 
0.0736762 0.0509332 0.0115613 
0.0510959 0.171829 0.0391071 
0.0843788 0.0918352 0.0228405 
0.0827726 0.0649848 0.0232927 
0.0682813 0.0473013 0.0184826 
0.0765327 0.169972 0.00590941 
-0.0496694 0.0711594 0.0297998 
0.0950052 0.151809 0.0261702 
0.0729787 0.0549334 0.0595578 
0.0135622 0.159424 0.0450427 
0.020945 0.0479261 0.0505787 
-0.0222888 0.148102 0.0254017 
0.00555825 0.0590029 0.0467009 
0.067371 0.0461676 0.0148212 
0.0286477 0.209027 0.0237443 
0.0414761 0.141063 0.0337734 
0.0730353 0.0604725 -0.0294306 
0.0769649 0.053723 0.0193532 
0.103426 0.156747 0.0176345 
0.0700437 0.0640948 -0.0175246 
0.072458 0.0841227 0.0392816 
0.0544021 0.176909 0.0383106 
0.0839986 0.066405 0.0190147 
0.0461187 0.130945 0.0348737 
0.0690647 0.0472921 0.0125385 
0.0645136 0.0459144 0.0238103 
0.0983714 0.184091 0.00201032 
-0.0423492 0.0701178 0.0289143 
0.0887884 0.186272 0.0232178 
0.078594 0.0542714 0.053157 
0.0547999 0.0674918 0.0461143 
0.0220502 0.0582902 0.0490464 
0.0344446 0.130678 0.036325 
0.0714634 0.0581489 0.0348788 
0.0569011 0.0900427 0.0469691 
0.0742986 0.0512107 0.0602605 
0.0725122 0.114809 0.0265332 
0.0525755 0.130229 0.0325199 
0.0307019 0.200223 0.0275505 
0.0826009 0.0897132 0.00656709 
0.0773736 0.059153 0.0284219 
-0.0642375 0.0565384 0.0375888 
0.104767 0.146925 -0.00126107 
0.05145 0.137482 0.0129428 
0.0605559 0.0459061 -0.00701874 
0.079432 0.0665673 0.0308473 
0.0732455 0.0548233 -0.0169709 
0.00907799 0.0671361 0.0456823 
0.0231291 0.0466065 0.049318 
0.0792695 0.108212 0.0183417 
0.0709951 0.0548153 -0.0103847 
-0.0482483 0.0741217 0.0256619 
0.0260923 0.0614741 0.0477631 
0.0499572 0.159339 0.0366289 
0.0517656 0.13273 0.0310971 
0.0779522 0.0618814 0.0299998 
-0.0622741 0.0542893 0.0385171 
-0.0493623 0.0627394 0.0330951 
0.0321929 0.0478942 0.0442177 
0.0574177 0.14718 0.0361851 
0.0705884 0.0623612 -0.0128416 
-0.050954 0.0636026 0.0355798 
0.000177094 0.114999 0.0286509 
0.066486 0.0453783 0.0151798 
0.0556793 0.132228 0.0266879 
0.0645799 0.10159 0.0381216 
0.0944032 0.171342 0.0309842 
0.0812199 0.0598894 0.0148698 
0.0722803 0.0587133 -0.0134581 
-0.0022779 0.122489 0.0272537 
0.0673287 0.0462477 0.0123371 
0.0566762 0.161313 0.0179545 
0.0455197 0.125017 0.036038 
0.0861337 0.0834846 0.0187142 
0.0529067 0.108269 0.0370959 
0.0677926 0.0544896 -0.00617026 
0.0262872 0.160299 0.0437034 
0.0140194 0.0672615 0.0449814 
0.055572 0.0789403 0.0502643 
0.0714254 0.0581951 0.0354643 
0.0901445 0.146154 0.0284963 
0.0674334 0.0734509 0.0404124 
0.0670506 0.122597 0.0250261 
0.0606568 0.0727882 0.0437676 
0.0504073 0.162882 0.00849273 
0.0822836 0.0665577 0.0261797 
0.114272 0.162646 0.012481 
0.0293343 0.0467404 0.0427053 
0.0716713 0.0497212 0.0231391 
0.0532719 0.135771 0.0253908 
0.0385555 0.142721 0.034597 
-0.0511908 0.0972468 0.0200507 
0.0788871 0.0512262 0.0446901 
0.0589431 0.0631511 0.0517111 
0.00620305 0.0865668 0.0376012 
0.0602653 0.100981 0.0386497 
0.0800637 0.0533753 0.0431519 
0.0531803 0.102465 0.0371275 
0.0701526 0.0518507 0.0294521 
0.0723697 0.0517931 0.0267294 
0.011367 0.0949658 0.0303173 
0.0720997 0.0519145 -0.0133392 
0.0806251 0.0602364 0.0234939 
0.0926536 0.189161 0.0170274 
0.0252171 0.0593127 0.0491563 
0.0879367 0.167667 0.0265636 
0.0718552 0.0498317 -0.0234532 
0.0698299 0.0503072 -0.0106242 
0.0336088 0.192817 0.0436132 
0.0966885 0.181636 0.0132619 
0.0858531 0.165808 0.00278046 
0.0622215 0.0616756 0.0544616 
0.0859241 0.0831818 0.0149062 
0.0614679 0.0685462 -0.0221215 
0.0609381 0.108271 0.0374202 
0.0626187 0.0789186 0.0455378 
0.0413135 0.119181 0.0359117 
0.0661295 0.0458668 0.0188335 
-0.0555596 0.100232 0.0196801 
0.0768857 0.0541452 0.0109949 
0.0697738 0.0480555 -0.0121284 
-0.0590809 0.0557485 0.0309615 
0.0689481 0.0604179 0.0603436 
0.0672352 0.0692986 0.039628 
0.0706426 0.066972 0.037971 
0.0488671 0.125109 0.0357251 
0.0672559 0.121805 0.0106045 
0.0731633 0.054532 -0.0210081 
0.072578 0.0552967 -0.0135559 
-0.0186515 0.144578 0.0260138 
0.0624027 0.143895 0.0347611 
0.0722742 0.0492248 -0.0170465 
-0.0600397 0.0553533 0.0333965 
0.0534309 0.0645911 0.0503492 
0.0780236 0.0557917 0.0416633 
0.0949204 0.17801 0.00500236 
0.0694982 0.0593297 0.0608119 
0.0708597 0.0671073 -0.028933 
0.0830706 0.0834955 0.00598482 
0.0135893 0.0595154 0.0467668 
0.0755101 0.0609405 0.0512081 
0.00438504 0.0921786 0.0342115 
-0.0600861 0.107312 0.0178913 
0.0720151 0.0521455 0.0547089 
-0.00369237 0.114946 0.0307999 
0.0469558 0.0750623 0.0513637 
0.063607 0.0510378 -0.00463512 
0.0611781 0.113467 0.0361997 
0.0628762 0.153148 0.0336667 
-0.0258539 0.149484 0.0253814 
0.0102041 0.059018 0.0472734 
0.0220912 0.176593 0.0460832 
0.0774506 0.058878 0.00429915 
0.0138019 0.0952756 0.0281321 
0.0151898 0.197053 0.0270978 
0.0742899 0.0612873 0.0339182 
0.0549406 0.16266 0.00414775 
0.0531752 0.119822 0.035712 
0.0343225 0.158181 0.0403355 
0.0748209 0.0587415 0.0313627 
0.0596186 0.0463158 0.0275397 
0.0816753 0.101108 0.0227399 
0.0718935 0.0490441 0.015114 
0.0480107 0.110418 0.0362007 
-0.0153859 0.142694 0.0260229 
0.0646017 0.0470329 0.0259581 
0.0555785 0.0637034 0.051603 
0.0703825 0.118553 0.0106956 
0.0801663 0.0605712 0.0075342 
0.0125555 0.0982442 0.0272081 
0.0264885 0.210405 0.0248468 
0.0831892 0.076622 0.00592009 
0.0683757 0.0981088 0.0383145 
0.0191528 0.0569 0.0498859 
-0.053119 0.0712497 0.0307975 
0.079703 0.171384 0.00770171 
-0.0453569 0.0709392 0.0299849 
0.0715234 0.0599769 0.0562251 
0.0710843 0.0602312 -0.00956842 
0.0717155 0.0728223 0.0387597 
0.0781284 0.0558537 0.0225923 
0.0363797 0.197815 0.0239085 
0.0652065 0.0630994 0.0506511 
0.0348783 0.0632224 0.0487106 
0.0961562 0.180091 0.0091353 
0.0660123 0.0787993 0.0417133 
0.0472979 0.0785472 0.0517728 
-0.0145299 0.112609 0.031191 
0.0778751 0.0557607 0.0477135 
0.0394219 0.0635809 0.0488059 
0.0752005 0.114037 0.0228563 
0.0587919 0.0844336 0.0487649 
0.0776115 0.0839972 0.0363128 
0.066571 0.0844451 0.0420196 
0.0461103 0.0640332 0.0488054 
0.0758894 0.066859 0.0351887 
-0.00940379 0.103672 0.0324585 
0.0625161 0.125998 0.0268957 
0.0814923 0.0838534 0.0321938 
0.0845632 0.0834486 0.0269602 
0.0104403 0.198819 0.0266222 
-0.0489451 0.0931475 0.0210229 
0.0859405 0.083444 0.0225227 
0.072996 0.0637529 -0.029656 
0.0791272 0.050797 0.0537207 
0.0411849 0.125424 0.0360952 
0.0501174 0.139825 0.0252794 
0.084982 0.0832586 0.0105611 
0.0226002 0.171439 0.0438595 
0.105847 0.149859 -0.000432321 
0.0595528 0.088363 0.0470435 
0.0831304 0.0812849 0.00500016 
0.0835271 0.0652429 0.015004 
0.0802665 0.106219 0.0219324 
0.0180235 0.160194 0.0442484 
-0.0614811 0.0834489 0.0195477 
0.071383 0.0650007 -0.0268458 
0.0801538 0.0844729 0.00239114 
-0.0148768 0.114955 0.0314271 
0.0473293 0.0712057 0.0501767 
0.0723211 0.0898812 0.0386121 
0.068436 0.184664 0.0327586 
0.0429961 0.0684058 0.0495721 
0.045555 0.136662 0.0331538 
-0.00346345 0.20208 0.0272721 
0.0774789 0.0898207 0.0357085 
0.0634853 0.188342 0.0246561 
0.0540946 0.170204 0.0391477 
0.0842414 0.0893286 0.0264139 
0.0497283 0.153822 0.0367101 
0.0858281 0.0883814 0.022544 
0.0536912 0.0888099 0.0488993 
0.0697801 0.181819 0.0245514 
0.0625261 0.088921 0.0446985 
0.0754208 0.055336 0.0272745 
0.0538059 0.125043 0.0344898 
0.0857692 0.089575 0.0186448 
0.085965 0.0881961 0.0149078 
-0.0485013 0.0888421 0.0217898 
0.061027 0.0915288 0.0435741 
0.0648323 0.0912821 0.0407846 
0.00803236 0.185552 0.0462024 
0.00574537 0.0897521 0.0357938 
0.0104497 0.0921738 0.0323113 
-0.0513199 0.0909028 0.0219431 
0.0443013 0.184905 0.0385114 
0.0767041 0.0563443 0.00494082 
0.0140249 0.0933303 0.0293901 
0.0724524 0.0516702 0.0622933 
0.0805851 0.0510109 0.043443 
0.0602387 0.0945019 0.040762 
0.098293 0.18525 0.00925931 
0.0619938 0.0478932 0.0278604 
0.0649407 0.0958666 0.0393224 
0.0510189 0.0736186 0.050138 
0.068228 0.0942263 0.0389712 
0.027083 0.209104 0.0253784 
0.0718222 0.0957957 0.0377162 
-0.0270728 0.140269 0.0270356 
0.04996 0.141237 0.0213659 
0.0562853 0.134091 0.0212027 
0.0806603 0.0953912 0.0306297 
0.0664149 0.0502826 -0.00704342 
-0.0103421 0.137574 0.0258393 
0.0636961 0.0632023 0.0398911 
0.0832662 0.0948951 0.0258593 
-0.0429252 0.0674814 0.0286446 
0.0839163 0.09554 0.0227349 
-0.0524277 0.0933828 0.0213668 
0.0678592 0.0450082 -0.012989 
-0.049064 0.0609758 0.036476 
0.0818025 0.0947693 0.00727638 
0.054039 0.0479622 0.0317992 
-0.06185 0.0847219 0.0196972 
-0.0305448 0.144819 0.0264552 
-0.00302895 0.126052 0.0261423 
0.0666147 0.0526872 0.0621778 
0.0575248 0.096867 0.0390905 
0.00884451 0.0979297 0.0302867 
0.0612952 0.118859 0.0340636 
0.0459273 0.166091 0.0386611 
0.0118746 0.0687175 0.0445015 
0.0554662 0.132513 0.0110955 
0.0869485 0.17515 0.00802549 
0.0595329 0.170521 0.0375523 
-0.0115741 0.126088 0.0298258 
-0.00337588 0.0982414 0.03312 
0.00364069 0.0980976 0.0325199 
-0.0538758 0.0960232 0.0206672 
-0.023057 0.133654 0.02871 
0.071783 0.100802 0.0364666 
-0.0590635 0.0506643 0.0373627 
0.0758594 0.101007 0.033515 
0.0657712 0.143802 0.0339593 
0.089131 0.177954 0.00910491 
0.0793665 0.10055 0.0294006 
0.0525615 0.084672 0.0505493 
-0.00822047 0.105308 0.0321862 
0.0692851 0.187185 0.0216727 
0.0904424 0.150028 0.027286 
0.0759978 0.0562012 0.0443342 
0.0476715 0.141818 0.0109517 
0.0828035 0.0995233 0.0186286 
0.0571564 0.10257 0.0380573 
-0.0187975 0.132108 0.0294064 
0.0691105 0.102518 0.0370437 
0.0816016 0.10099 0.0142485 
0.0238453 0.0477573 0.0493935 
0.0820061 0.0984182 0.010607 
0.0558548 0.186782 0.0328108 
-0.00700982 0.126543 0.028522 
0.0799958 0.099972 0.00782688 
-0.0283934 0.139653 0.0275173 
-0.0527738 0.099171 0.0195524 
0.0948311 0.17842 0.0131061 
-0.0617759 0.0588464 0.0343965 
0.0801278 0.102382 0.0267409 
0.0561128 0.167407 0.0394676 
0.0801512 0.101871 0.00987307 
0.00329869 0.103409 0.0311307 
0.0856455 0.0720791 0.0189414 
0.0297382 0.142525 0.0363119 
0.00743103 0.103658 0.0282973 
0.0642845 0.0453325 -0.0090974 
0.00113778 0.10956 0.0300779 
0.0189514 0.178508 0.0453335 
0.106309 0.157043 0.0133843 
0.0374155 0.131581 0.0361805 
0.00720788 0.195679 0.0279381 
0.108703 0.150258 0.0180696 
0.0104444 0.103216 0.0256973 
0.0540078 0.179629 0.0382203 
0.0739086 0.0510595 0.0187844 
0.000236817 0.104688 0.0319146 
0.0874622 0.171487 0.00549563 
0.0583095 0.165202 0.0372082 
-0.00300075 0.103664 0.0328246 
0.0722434 0.104611 0.0350937 
0.0748936 0.1046 0.0328497 
-0.0597302 0.0540071 0.0365143 
0.0717646 0.0464506 -0.0212419 
0.0778482 0.104244 0.0297962 
0.0777888 0.107009 0.0269127 
0.056137 0.107476 0.0371677 
0.078053 0.146632 0.0305707 
0.0814848 0.104546 0.0183699 
0.0537432 0.14576 0.0375518 
0.0779883 0.106811 0.0101357 
0.0788665 0.10361 0.00775548 
0.0456845 0.0779446 0.0519129 
-0.0114942 0.109821 0.0318492 
-0.00347218 0.109372 0.0319529 
0.0424858 0.171113 0.0398464 
0.00359466 0.106908 0.0298289 
0.0584315 0.12599 0.0311835 
0.0988928 0.144546 -0.00288785 
0.00697085 0.107226 0.0268448 
0.0628291 0.163799 0.0356315 
0.00899238 0.107082 0.0251404 
0.00548963 0.109807 0.026764 
0.00639056 0.0764945 0.0413126 
0.0228171 0.0492707 0.0500992 
0.00870888 0.10828 0.024712 
0.0682801 0.112851 0.033317 
0.0820237 0.0615602 0.0115627 
0.0727 0.117459 0.0144831 
0.0775711 0.110251 0.0221559 
0.0770628 0.112052 0.0182396 
0.0777114 0.109489 0.0144421 
0.0487368 0.113697 0.0361881 
0.0675969 0.116006 0.0318554 
0.0336934 0.192517 0.00474778 
-0.0113112 0.115779 0.0315318 
0.0564458 0.0733164 0.047843 
0.0715464 0.119874 0.0176535 
0.00389078 0.114609 0.0258348 
0.0751326 0.114025 0.013452 
-0.010777 0.134096 0.0276696 
0.0669171 0.0893641 0.040867 
-0.0649213 0.113486 0.0163525 
0.0803431 0.105833 0.0148184 
0.0570845 0.118886 0.0355837 
0.0528175 0.189722 0.0276348 
0.0702272 0.115998 0.0293208 
-0.0049337 0.130596 0.0256996 
0.0511053 0.160849 0.0291005 
0.0701066 0.118604 0.0264842 
0.0376541 0.13767 0.0355749 
0.0874492 0.156135 0.0258268 
0.0726399 0.117691 0.0217948 
0.072505 0.114854 0.00978332 
0.0493278 0.119097 0.0361765 
0.0741365 0.115999 0.0180077 
0.0304876 0.179383 0.0447687 
-0.0112862 0.130667 0.0289035 
0.0449138 0.119951 0.0359694 
0.0565888 0.0661931 0.0409424 
-0.00637266 0.120965 0.0297792 
-0.00387818 0.118588 0.0295683 
0.0506131 0.165558 0.0376815 
0.00482624 0.0870178 0.0395112 
0.0500167 0.13639 0.0296969 
0.0179173 0.182923 0.0440801 
0.108647 0.161325 0.0152913 
-0.000641006 0.120026 0.027078 
0.0719942 0.0603555 -0.0256628 
-0.0670917 0.123467 0.0154706 
0.0235525 0.195781 0.0270643 
0.0517432 0.182199 0.0375483 
0.0826246 0.0725911 0.00467469 
-0.0193032 0.12271 0.0299068 
0.0377454 0.121412 0.0355949 
0.0377182 0.124503 0.0360714 
0.0569134 0.122643 0.0345097 
0.105995 0.151118 0.00186459 
0.0410493 0.136444 0.0350691 
0.0331677 0.143314 0.0359088 
0.0601512 0.123299 0.0322112 
0.0453953 0.149753 0.0382393 
0.0307749 0.0474921 0.0447079 
0.0534652 0.134778 0.0115019 
0.064295 0.12325 0.0285374 
0.0582403 0.13162 0.0141881 
0.0682203 0.122894 0.0179817 
0.0667067 0.12412 0.0139891 
0.0526728 0.186094 0.0363752 
0.0952298 0.147013 0.0278001 
-0.0535605 0.0664661 0.0329802 
-0.0188024 0.127404 0.0297389 
0.0943624 0.176978 0.0121674 
-0.0152134 0.127862 0.0295688 
0.0280411 0.193869 0.0280674 
0.0845921 0.0719563 0.0107251 
-0.0657225 0.126328 0.0157647 
0.0651025 0.126422 0.0177754 
0.105184 0.156396 0.00907243 
0.0409994 0.130919 0.0358956 
0.0489018 0.129077 0.0347053 
0.0768719 0.0955954 0.0348527 
0.0569273 0.129643 0.029064 
0.10205 0.142363 0.0271945 
0.0618991 0.129223 0.0176162 
0.0627862 0.127118 0.0140868 
0.0611463 0.128296 0.0118391 
0.027703 0.183356 0.0440222 
0.0969905 0.175981 0.0215734 
0.0613112 0.127009 0.0106661 
0.0995858 0.145542 0.0285761 
-0.0237639 0.129468 0.0290057 
-0.00814221 0.13208 0.0269732 
0.0847997 0.068477 0.0151955 
0.0812301 0.0895736 0.0315858 
0.0585519 0.131684 0.0216117 
0.0425053 0.186495 0.037314 
0.0295513 0.136854 0.0362008 
0.033413 0.137754 0.0361718 
0.0557529 0.134023 0.014229 
0.0425817 0.063197 0.0492844 
-0.0216282 0.13897 0.0280472 
0.0715995 0.0654816 -0.00543867 
0.0521849 0.138195 0.0215666 
0.0443077 0.14171 0.0316508 
0.0509967 0.140065 0.0173052 
-0.00364447 0.0934836 0.0333026 
0.0498808 0.140057 0.0131582 
0.0482691 0.142269 0.025894 
0.00755288 0.0633242 0.0460175 
-0.0264587 0.145489 0.0264776 
-0.0563601 0.0664646 0.0361499 
-0.0224239 0.144191 0.0268531 
0.0991257 0.141733 0.0293831 
0.0538721 0.136424 0.0175117 
0.0497764 0.142018 0.0173422 
-0.033584 0.146163 0.0259853 
0.069234 0.14369 0.0325863 
0.090735 0.1422 -0.00293251 
0.028909 0.145501 0.0383378 
