-0.0932336 0.137796 -0.00481393 
-0.0920178 0.13697 -0.00337852 
-0.0927188 0.135008 -0.00392259 
-0.0957978 0.133342 -0.045272 
-0.0946262 0.134052 -0.0438746 
-0.0900662 0.134778 -0.0360598 
-0.0836694 0.137155 0.00126117 
-0.080676 0.139739 0.00149541 
-0.0790039 0.138652 0.00296274 
-0.0811573 0.135052 0.00247077 
-0.0829102 0.114798 -0.00208066 
-0.0752106 0.158079 -0.00465935 
-0.0817373 0.112623 -0.000978098 
-0.0683537 0.14596 0.0602532 
-0.0803191 0.115678 -8.88861e-05 
-0.0704801 0.155975 0.00158419 
-0.0632736 0.158901 0.0662259 
-0.0644586 0.1553 0.0665773 
-0.0792737 0.11169 0.00125545 
-0.0757615 0.118676 0.0037884 
-0.0774317 0.114577 0.00280165 
-0.0711329 0.12578 0.0224717 
-0.0611855 0.158603 0.0661765 
-0.0735354 0.118541 0.00623815 
-0.0744615 0.113443 0.00537839 
-0.0700137 0.124124 0.0229397 
-0.0696525 0.122463 0.0222663 
-0.0612028 0.155097 0.0659212 
-0.0689755 0.121612 0.0216224 
-0.0591012 0.160359 0.064793 
-0.0584089 0.155975 0.064642 
-0.0614562 0.148964 0.0657026 
-0.0611619 0.144219 0.0663547 
-0.0615969 0.131435 0.0690578 
-0.0661985 0.12359 0.0349778 
-0.0716344 0.113379 0.00743031 
-0.0684799 0.113365 0.00895589 
-0.0556159 0.160623 0.0621761 
-0.0591585 0.132609 0.0702485 
-0.0682876 0.111797 -0.00131085 
-0.0571366 0.148522 0.0637021 
-0.0585182 0.13892 0.0672557 
-0.0640864 0.121692 0.0321323 
-0.0554828 0.151248 0.062065 
-0.0773046 0.1562 -0.00664248 
-0.063443 0.1179 0.0200111 
-0.0668297 0.115674 0.0111516 
-0.0530726 0.161285 0.0585771 
-0.0546158 0.149688 0.0538451 
-0.0552126 0.146634 0.0533722 
-0.0569148 0.142014 0.0648645 
-0.0546817 0.13787 0.064783 
-0.0769598 0.153142 -0.00542217 
-0.0620309 0.118219 0.0205118 
-0.0653819 0.112407 0.00168906 
-0.0535495 0.139278 0.0637622 
-0.0542058 0.133349 0.0650839 
-0.0506504 0.161256 0.0551708 
-0.0511553 0.155463 0.0602 
-0.0535656 0.146023 0.0500226 
-0.0531687 0.14299 0.0492937 
-0.0493773 0.161465 0.0525342 
-0.0617108 0.112639 0.00356322 
-0.0528056 0.129482 0.0646873 
-0.0476124 0.159672 0.0511495 
-0.0488724 0.156778 0.0563211 
-0.0509061 0.151681 0.0517845 
-0.0500251 0.144507 0.0385947 
-0.0515342 0.1351 0.0624694 
-0.0505516 0.13024 0.0602378 
-0.0607072 0.109473 -0.00632539 
-0.045397 0.153444 0.051738 
-0.0483427 0.146041 0.034125 
-0.0478363 0.133867 0.0599713 
-0.0488633 0.129003 0.0569034 
-0.0494818 0.12582 0.0555639 
-0.0529592 0.115683 0.0204826 
-0.0444839 0.154892 0.0517974 
-0.0436653 0.156681 0.0514714 
-0.0479598 0.125261 0.0514614 
-0.0455212 0.148173 0.0114419 
-0.0473511 0.140581 0.0144156 
-0.0390681 0.147154 0.0819262 
0.0388699 0.13322 0.0472985 
-0.0159632 0.131907 0.0166048 
0.0430289 0.153633 0.0226312 
0.0630301 0.13288 0.0418643 
0.0377812 0.132664 0.0468835 
0.0337033 0.104789 0.0334895 
-0.0613923 0.134259 0.070865 
0.0463055 0.158331 0.0150323 
-0.0625305 0.136389 0.0708718 
-0.0186893 0.124606 0.0650808 
0.0460836 0.155806 0.0196432 
0.0465673 0.153227 0.0230687 
0.0566653 0.0854992 0.0215478 
-0.0413136 0.117031 0.0166733 
0.0404279 0.155921 0.0194324 
-0.0911831 0.134869 -0.0382417 
0.0486658 0.132034 0.0469019 
0.0375285 0.0910566 0.0171866 
0.0699709 0.0959136 0.0408528 
0.0414095 0.0945315 0.0216071 
-0.04206 0.148774 0.0143831 
0.0279306 0.104634 0.0271828 
-0.0685737 0.141559 0.0596332 
0.0525106 0.155014 0.0188128 
0.0303771 0.0958407 0.019991 
0.00616512 0.12668 0.0364279 
-0.0429272 0.123453 0.0165369 
-0.0490905 0.148406 0.0398762 
0.0465314 0.149343 0.0298496 
0.0548915 0.150069 0.027765 
0.00332453 0.11301 0.0247356 
0.0514976 0.134745 0.0450279 
0.0458514 0.107073 0.0388393 
0.0485758 0.115915 0.0451208 
-0.0778813 0.133534 0.0033767 
0.0333716 0.137316 0.0446533 
0.0571984 0.156397 0.0195633 
0.0557629 0.130527 0.0456953 
0.0434589 0.0978475 0.024078 
0.0783834 0.172376 0.0236758 
0.063758 0.171362 0.0233642 
0.04803 0.0937818 0.0172614 
0.0487402 0.0916195 0.0127442 
0.0582307 0.16269 0.0156448 
0.0318711 0.0997592 0.0255341 
0.0552048 0.120717 0.0458688 
-0.0785712 0.130903 0.002048 
0.0522696 0.145951 0.0353156 
0.0541268 0.115263 0.0440244 
0.00146042 0.144597 0.0234327 
0.0619548 0.172133 0.019681 
-0.0320269 0.118918 0.0280451 
0.0632081 0.0890351 0.0385017 
-0.0515672 0.144044 0.0447601 
0.0223899 0.121096 0.0432329 
0.0646154 0.150309 0.0286211 
0.0646607 0.17553 0.027309 
-0.0184314 0.114411 0.00413491 
-0.0527439 0.11142 0.00029013 
0.0197194 0.108722 0.0319309 
0.0424369 0.116583 0.0461794 
-0.0471736 0.139212 0.0147333 
0.056922 0.0919421 0.0270136 
-0.0738446 0.154572 -0.00167928 
0.0440437 0.100953 0.0259335 
0.0561544 0.0873554 0.0195251 
0.0504865 0.12778 0.0466873 
0.0417098 0.194081 -0.0898163 
0.015036 0.111411 0.0333396 
0.0459655 0.105082 0.0360528 
0.0740154 0.110443 0.0269839 
-0.0513236 0.147215 0.045631 
0.0465441 0.146598 0.035943 
-0.0230358 0.135968 0.0116371 
-0.0440572 0.108422 -0.00751816 
0.0688894 0.173986 0.0289826 
0.068411 0.0994293 0.0379561 
0.0514586 0.107028 0.038377 
0.073917 0.127506 0.0343921 
0.0573349 0.0949013 0.0246902 
0.0458741 0.142847 0.0408983 
-0.0213964 0.159501 0.0692226 
0.0680851 0.1768 0.0280443 
-0.0458706 0.11869 0.012104 
0.0444513 0.12844 0.047683 
-0.0457712 0.150814 0.00854871 
0.0355795 0.196698 -0.092047 
0.0102923 0.114515 0.0330875 
0.0572255 0.166159 0.0118111 
0.0677011 0.0940721 0.0367502 
-0.0784688 0.154059 -0.00862032 
0.0677366 0.0802442 0.0352711 
0.0457555 0.151446 0.0253666 
0.0613918 0.091043 0.0374622 
0.0721501 0.0899925 -0.0123534 
0.0402706 0.107636 0.0392971 
0.0682801 0.0917634 0.0367381 
0.0537133 -0.0184171 0.0390357 
0.0398059 0.105517 0.036219 
0.0673548 0.120503 0.0397508 
0.064095 0.143194 0.0336869 
0.0412993 0.111421 0.042919 
0.0806703 0.130356 0.0237006 
0.0103846 0.136501 0.0377744 
0.0664412 0.0781745 0.0353656 
-0.070512 0.116572 0.00946814 
-0.0210623 0.127594 0.0687606 
0.0519566 0.104989 0.0351783 
-0.027929 0.115987 0.022247 
0.0140858 0.145574 0.0304986 
0.06141 0.156528 0.0233368 
-0.0229775 0.157147 0.0712071 
0.0737637 0.168047 0.0283362 
0.074335 0.097584 -0.0155456 
0.0731678 0.0976408 -0.0143684 
0.084234 0.160452 0.027315 
0.0452722 0.136021 0.0456243 
0.0779318 0.159061 0.0293968 
0.0495002 0.121462 0.0467403 
-0.0769487 0.13885 0.00342585 
0.028439 0.102092 0.0248295 
-0.0201888 0.162623 0.0650933 
-0.00710464 0.145529 0.0137163 
0.0676886 0.126539 0.0400203 
-0.0277128 0.130048 0.0671877 
-0.0459547 0.154057 0.00431236 
0.0323693 0.102734 0.0274236 
0.0525362 0.158096 0.0147045 
0.0665106 0.114547 0.038023 
0.0517424 0.152291 0.0224296 
0.0285028 0.137499 0.0440774 
0.0547079 -0.0197361 0.0393063 
0.0367694 0.0948368 0.0224889 
-0.065559 0.145372 0.0679995 
0.0328981 0.0959308 0.0226357 
-0.0407001 0.113112 0.000744578 
-0.0391654 0.148793 0.0189769 
0.0641007 0.146251 0.0295271 
0.0645264 0.109403 0.0352935 
0.0319295 0.132128 0.0459726 
-0.00791114 0.121223 0.0221548 
0.0746637 0.141773 0.025907 
0.0790723 0.116948 0.0235237 
0.0792077 0.166843 0.0278181 
0.0588854 0.150752 0.0290025 
0.0262344 0.187077 -0.0889616 
-0.023987 0.116266 0.00353593 
-0.0336105 0.135779 0.0674499 
0.0654832 0.169254 0.0253497 
-0.000453147 0.129442 0.0314419 
0.0463655 0.13231 0.0471577 
0.0700344 0.0812093 0.0343606 
0.0733527 0.0955456 0.0413015 
0.00990572 0.125291 0.0390163 
-0.0548148 0.155568 0.062132 
0.0785731 0.128198 0.0282814 
0.00609944 0.14629 0.023949 
0.0553978 0.161984 0.0136269 
0.0718437 0.0869041 0.0414701 
0.0516364 0.139032 0.0431073 
0.0628664 0.166062 0.021582 
0.0280494 0.128923 0.0463759 
-0.00757318 0.117165 0.0191593 
0.0770723 0.13852 0.0258076 
0.0768238 0.121205 0.0303626 
0.0755935 0.107212 0.0166429 
0.0282712 0.148853 0.0274628 
-0.0194678 0.132394 0.0139898 
0.0573319 0.084509 0.0233165 
0.0753881 0.135127 0.0307071 
0.052026 0.1422 0.0401328 
0.0726026 0.175389 0.0279223 
0.0810864 0.121733 0.0226813 
0.0386109 0.101516 0.0276643 
0.0661431 0.0826231 0.0337139 
0.0818027 0.149627 0.0227397 
0.0765056 0.130114 0.0311123 
0.00402537 0.138783 0.0320463 
0.0527314 0.148336 0.0304239 
0.0503097 0.102663 0.0312169 
0.0701445 0.0797353 0.0353554 
0.0587054 0.128873 0.0443645 
0.0542985 0.0930693 0.016043 
0.0464943 0.13986 0.0437053 
0.0549983 0.0971675 0.0172773 
0.0689159 0.110042 0.0326564 
0.0192557 0.191965 -0.0927173 
0.0792251 0.136109 0.0238603 
0.0287698 0.149339 0.0271213 
0.0588726 0.0973034 0.0226587 
0.0564853 0.168302 0.00958299 
-0.044921 0.155755 0.0339981 
0.0375872 0.123279 0.0478884 
0.0353143 0.154006 0.0193292 
0.034885 0.1088 0.0400396 
-0.0412038 0.152559 0.017602 
0.0579731 0.147325 0.03065 
0.0304371 0.0975076 0.0225409 
0.0607695 0.167539 0.0174895 
0.0795733 0.123074 0.025534 
0.0611718 0.0759408 0.030087 
0.0746136 0.107908 0.0209982 
0.0733474 0.139092 0.0307814 
0.0392306 0.103807 0.0334127 
0.0708392 0.115253 0.0353456 
0.0714008 0.120565 0.0369168 
-0.0385121 0.149279 0.0825263 
0.0572632 0.100002 0.0209528 
0.0758188 0.116016 0.0299909 
0.075919 0.144652 0.021899 
0.0391646 0.0908281 0.0171873 
0.0573232 0.134021 0.0440462 
0.0772595 0.110461 0.0184067 
0.0767039 0.149007 0.0245513 
0.0330654 0.141336 0.0421004 
0.084284 0.168092 0.0233438 
0.0184685 0.122307 0.0426765 
0.078876 0.162086 0.0291889 
0.0714188 0.109544 0.0294526 
0.0680214 0.102868 0.0326156 
-0.0113916 0.1146 0.0115405 
0.0578769 0.168494 0.0110011 
0.0386024 0.129455 0.0476859 
0.0567699 0.0902553 0.0266106 
0.0701922 0.150141 0.0274514 
-0.0198602 0.144677 0.052406 
0.115382 0.144776 0.127499 
0.0574554 0.102711 0.0299037 
0.0682139 0.0885181 0.0405926 
0.0632815 0.0782874 0.0325572 
-0.0190664 0.126808 0.0663595 
0.0160791 0.109629 0.0315674 
0.0742243 0.121505 0.0334064 
0.0702689 0.0777315 0.0360419 
0.0624085 0.127342 0.0431966 
-0.0770251 0.140438 0.00246623 
0.0270061 0.101601 0.0226642 
-0.0146201 0.141371 0.0132844 
-0.0194528 0.124823 0.0655692 
-0.013563 0.145856 0.00834031 
0.0734281 0.159622 0.0297146 
0.079298 0.144968 0.0192164 
0.060079 0.114848 0.0416527 
-0.0532017 0.124642 0.0566977 
0.0466042 0.0907122 0.0124525 
0.0713935 0.124916 0.0375475 
0.00553904 0.116709 0.0312773 
0.0731277 0.132686 0.0349388 
0.0612188 0.0844333 0.0340878 
0.0354592 0.112238 0.0428116 
0.0273987 0.194212 -0.0917605 
-0.04622 0.143279 0.0138458 
0.0334965 0.10696 0.0367245 
0.0638901 0.123168 0.042783 
0.0627813 0.0757146 0.0300882 
0.0631519 0.161352 0.0236405 
-0.0439914 0.150862 0.00848346 
0.0294009 0.106135 0.0335863 
0.0549385 -0.0181522 0.0388289 
0.060336 0.0795105 0.0318325 
0.0560451 0.126578 0.045966 
0.0720658 0.0872814 -0.0167221 
0.0462457 0.193794 -0.0894974 
0.069541 0.134211 0.0372868 
0.0718621 0.137246 0.0343066 
-0.0522586 0.158941 0.0587194 
0.076986 0.125652 0.0307843 
0.0214473 0.1405 0.040078 
0.0695655 0.1407 0.0327643 
0.0558 0.159121 0.0167778 
0.0679974 0.138304 0.036298 
-0.0438042 0.11866 0.0147354 
0.0673715 0.163218 0.0271872 
-0.0394684 0.120281 0.0236656 
0.0218093 0.187712 -0.0901216 
0.0164368 0.133089 0.0419032 
0.0127366 0.124218 0.0400821 
0.0360951 0.0927069 0.018903 
0.0795154 0.138653 0.0216955 
-0.070944 0.154974 0.00150434 
0.0454657 0.103313 0.033485 
0.0731917 0.114964 0.0321793 
0.0737143 0.172812 0.0285327 
0.0745758 0.0488 0.103078 
-0.0323761 0.141717 0.0709718 
0.071581 0.155526 0.0286858 
-0.0476962 0.14997 0.0375175 
0.0474621 0.0989121 0.0227144 
0.0423473 0.0928516 0.0189304 
-0.0393677 0.109572 -0.0077498 
0.0430265 0.0902683 0.0129446 
0.0459862 0.0956198 0.0208711 
0.0764054 0.111772 0.0234691 
0.075049 0.150735 0.0266126 
0.0723189 0.162524 0.0293352 
0.0238774 0.137129 0.0422859 
0.0577827 0.0838823 0.0246673 
0.0408642 0.140328 0.043591 
0.072164 0.147423 0.0249363 
0.0580228 0.0875713 0.0359365 
0.0583198 0.0910995 0.0365715 
0.0494961 0.0976206 0.0201008 
0.0669592 0.131384 0.0403763 
0.0600249 0.0993253 0.0273043 
0.0607419 0.124518 0.0438195 
-0.0119473 0.144315 0.0115959 
-0.0816513 0.131785 0.000957221 
0.0571165 0.138345 0.0425035 
0.0578472 0.109915 0.0391851 
-0.0426751 0.142011 0.0168015 
-0.0949075 0.136198 -0.00607234 
0.0336553 0.129315 0.0470553 
0.0194403 0.128182 0.0436963 
-0.0740119 0.159353 -0.00361925 
0.0393767 0.136698 0.0456352 
0.0473185 0.110577 0.0421336 
0.0643933 0.153866 0.0263765 
0.0580503 0.101236 0.0263707 
0.0610891 0.120316 0.043242 
0.0374254 0.0984662 0.0259517 
-0.038691 0.152306 0.0217375 
0.0122367 0.119136 0.0380883 
0.0581916 0.144818 0.0347859 
0.057765 0.104996 0.0336576 
0.0646861 0.165977 0.0238085 
0.0413377 0.158246 0.0160469 
0.0389263 0.190982 -0.0889289 
0.0858052 0.15096 0.0203442 
-0.0286432 0.119346 0.0308045 
0.0772576 0.154957 0.028317 
0.0601858 0.108851 0.0374556 
-0.0886941 0.133644 -0.00139258 
0.0263816 0.133081 0.0447561 
0.0532351 0.109966 0.0405408 
0.0617858 0.112068 0.0390124 
0.0645581 0.100422 0.0364206 
-0.0428168 0.110426 -0.00436923 
0.0639439 0.115568 0.0405029 
0.0646315 0.119207 0.0416484 
-0.0592198 0.110979 -0.00355305 
0.0832115 0.154424 0.0257792 
-0.0216926 0.121248 0.0104344 
0.0633357 0.13926 0.0386712 
0.0386214 0.14938 0.0300278 
-0.0476595 0.148456 0.0351263 
0.0378696 0.154144 0.0208615 
0.0300124 0.110573 0.040518 
0.0304391 0.11903 0.0455213 
0.031507 0.124882 0.0467712 
-0.0720286 0.158028 -0.00084756 
0.0371603 0.140789 0.0433055 
0.0276804 0.108864 0.0371016 
0.0346393 0.143589 0.0402391 
-0.0329241 0.124454 0.0366122 
0.0839842 0.165014 0.0261906 
0.0271994 0.0987414 0.0202016 
0.0274389 0.103969 0.0245796 
-0.0461055 0.134119 0.0547212 
0.0365639 0.156864 0.0170994 
0.0401779 0.19666 -0.0914638 
-0.00785726 0.126716 0.0244365 
0.0362532 0.194038 -0.0904406 
-0.00360944 0.129955 0.0292104 
-0.0260949 0.144997 0.0742773 
0.0225049 0.110716 0.0370283 
-0.0930825 0.133648 -0.0411684 
0.0637998 0.103825 0.0325101 
0.0197653 0.137089 0.0416268 
0.0224587 0.114812 0.0405737 
-0.0011384 0.145342 0.0198936 
0.0247775 0.11594 0.0426309 
0.0654092 0.157492 0.0261114 
0.0251932 0.120338 0.0446056 
0.0266333 0.125588 0.046003 
0.00771202 0.146736 0.0244153 
-0.041496 0.122656 0.0196201 
0.0271761 0.141102 0.0411721 
0.0241777 0.127347 0.0448912 
0.0259778 0.144567 0.0373051 
0.0314302 0.194233 -0.0911666 
0.029996 0.196396 -0.0925066 
-0.0371752 0.147129 0.0818126 
0.0195001 0.109604 0.0330415 
-0.022124 0.117556 0.00687259 
-0.0837397 0.113399 -0.00263745 
0.0166806 0.113159 0.0364945 
0.017349 0.116959 0.0395861 
0.0205636 0.133475 0.0431687 
0.00515558 0.121213 0.0341079 
0.0363534 0.117524 0.0461403 
0.0212054 0.144233 0.0360869 
-0.0568969 0.134992 0.0678796 
-0.00267634 0.143389 0.0218712 
0.0602483 0.159569 0.0199441 
0.0256333 0.196282 -0.0931021 
-0.00127797 0.123564 0.0297632 
-0.0237529 0.142074 0.0686267 
0.0697764 0.105837 0.0277453 
-0.0309252 0.148349 0.0718697 
0.0185849 0.145617 0.0326148 
-0.0359772 0.142945 0.0743823 
0.00890191 0.111581 0.027534 
-0.00937401 0.139063 0.0194645 
0.051106 0.151161 0.0237187 
-0.0451368 0.1231 0.0423043 
0.0347941 0.190611 -0.089786 
0.0144879 0.129123 0.0413348 
-0.01471 0.124125 0.0170519 
0.0175264 0.14036 0.0383804 
0.0805986 0.170487 0.0244581 
0.0153235 0.142802 0.0352412 
0.0124471 0.131372 0.0401827 
0.0782216 0.133291 0.0281599 
-0.020893 0.144367 0.057318 
-0.0206078 0.126533 0.0132425 
-0.0846076 0.13246 -9.50586e-06 
0.0580638 0.140927 0.0395253 
0.00958047 0.118866 0.0362496 
-0.0346394 0.142191 0.0714229 
0.0181343 0.188351 -0.0909724 
0.0125583 0.140453 0.0364541 
0.0130597 0.14718 0.0272263 
0.00646116 0.113339 0.0285485 
0.040144 0.143055 0.0410011 
0.00789208 0.132002 0.03754 
0.00808894 0.139491 0.0342229 
0.0109473 0.143012 0.0330061 
-0.0652346 0.149547 0.0672046 
0.0103029 0.145052 0.0292311 
0.0293498 0.113698 0.0425452 
0.00740046 0.143357 0.0299908 
0.0404203 0.152286 0.023698 
0.00566617 0.135016 0.0352649 
-0.0625103 0.140737 0.0692543 
-0.0133503 0.129409 0.0192002 
-0.00102343 0.11563 0.023853 
0.0017662 0.123958 0.0329564 
0.0708975 0.0972952 0.0410786 
-0.0286566 0.145442 0.074076 
0.0681452 0.169858 0.0277589 
0.00259508 0.128252 0.0346663 
0.00258102 0.141483 0.0287232 
0.069458 0.158407 0.0289339 
-0.0294339 0.140802 0.0731342 
0.0237153 0.190367 -0.0913692 
-7.84909e-05 0.137643 0.0295751 
-0.00423474 0.118055 0.0235696 
-0.0504504 0.151054 0.0484198 
-0.00447089 0.125672 0.0278219 
-0.00637344 0.13253 0.0258306 
0.0705166 0.129511 0.0378568 
0.0187444 0.190307 -0.0920321 
-0.00322112 0.137225 0.0270389 
0.0231988 0.193696 -0.0926082 
-0.00167777 0.141385 0.0254758 
-0.0317578 0.12285 0.0355115 
-0.0105151 0.116974 0.0162862 
-0.00572751 0.139971 0.0226876 
-0.024261 0.127946 0.0118824 
-0.00349654 0.145097 0.018028 
-0.00669261 0.14353 0.0177314 
-0.00550587 0.146159 0.013917 
-0.00844007 0.135604 0.0234703 
-0.0135876 0.113658 0.00689117 
-0.016663 0.115609 0.00801752 
-0.0658322 0.14233 0.0690825 
-0.0115626 0.134896 0.0199012 
-0.0105883 0.141507 0.0163279 
-0.0448294 0.122437 0.038755 
-0.0173945 0.137183 0.0138492 
-0.0188583 0.140556 0.0114145 
-0.0578614 0.110168 -0.00436296 
-0.039219 0.123151 0.0252255 
-0.0164044 0.143723 0.00963523 
-0.0149428 0.119432 0.0144039 
-0.0172172 0.14549 0.00676019 
-0.0223006 0.114247 -0.000929794 
-0.0181257 0.126166 0.065467 
-0.0213814 0.136202 0.0118808 
-0.0256708 0.11922 0.00741061 
-0.0252552 0.122438 0.00938649 
0.00292556 0.116137 0.0286711 
-0.0234908 0.132996 0.0120954 
0.0523438 0.102109 0.0295667 
0.0597241 0.154255 0.0266904 
0.0699389 0.144749 0.0276817 
-0.0222038 0.138573 0.0111736 
0.040477 0.146678 0.0365895 
-0.0243342 0.153216 0.0723201 
-0.0164006 0.159038 0.0557098 
-0.021568 0.132253 0.0730953 
-0.0206118 0.138987 0.0539243 
-0.0174907 0.16152 0.0640215 
-0.0137524 0.13797 0.0163784 
-0.0491966 0.110686 -0.00351378 
-0.0280671 0.118332 0.0292793 
-0.0464349 0.113143 -7.79319e-06 
0.0287783 0.145774 0.0361317 
-0.0205653 0.149941 0.0568217 
0.0610029 0.101639 0.0301569 
-0.0339585 0.149181 0.0720001 
-0.0876411 0.136822 -0.000509354 
-0.0184755 0.159377 0.0667594 
-0.0478014 0.112106 -0.00103235 
-0.0218823 0.142392 0.0625503 
-0.0218893 0.136164 0.0744553 
-0.047253 0.115574 0.00895438 
0.000757417 0.113306 0.0223538 
0.0299997 0.144029 0.0388771 
-0.0213789 0.14628 0.0620143 
0.0629598 0.0961928 0.0360381 
0.0733142 0.0968662 0.0411744 
-0.033711 0.15302 0.066473 
-0.0214634 0.139224 0.0589407 
-0.0283205 0.12113 0.0367788 
-0.0264361 0.130364 0.0701361 
-0.0256114 0.138741 0.0750573 
-0.0226396 0.14301 0.0632176 
-0.021243 0.153112 0.0606484 
0.0645458 0.136245 0.0401129 
-0.0323366 0.114002 0.0110142 
-0.0375437 0.112274 0.000571407 
-0.032501 0.120916 0.031468 
-0.0306935 0.136417 0.0708711 
-0.0496518 0.121812 0.0491323 
0.0355549 0.151564 0.0232083 
-0.024459 0.14712 0.0705607 
0.0290249 0.190839 -0.0909958 
-0.022294 0.152287 0.0647133 
-0.0348797 0.11579 0.014339 
-0.0355172 0.111263 -0.00169781 
0.014618 0.136821 0.0393382 
0.0595704 0.102923 0.0293201 
-0.0387896 0.107936 -0.0116698 
-0.0379618 0.109102 -0.0109549 
-0.0371472 0.152218 0.0249689 
-0.0370659 0.120374 0.0275444 
0.086487 0.154585 0.0232949 
-0.0175117 0.118759 0.0114939 
-0.042978 0.112234 -0.00132503 
-0.0364166 0.122966 0.030584 
-0.0319702 0.132145 0.0653166 
-0.0031986 0.114957 0.0211442 
-0.0282786 0.153086 0.0717498 
0.0874959 0.159347 0.0251246 
-0.0266876 0.157244 0.0711351 
0.0334818 0.146009 0.0369322 
0.00202272 0.134583 0.0326081 
-0.02142 0.151818 0.0610359 
-0.0470714 0.12043 0.0388734 
-0.0112001 0.122399 0.0193191 
-0.0266661 0.158477 0.069299 
-0.00652081 0.114215 0.0166407 
-0.0303124 0.155532 0.0677682 
-0.0355936 0.130192 0.0540199 
-0.057332 0.129721 0.068052 
-0.0405896 0.117533 0.0196719 
0.052496 0.092967 0.012869 
0.0713832 0.092789 0.0338722 
-0.036256 0.151941 0.0257696 
-0.041974 0.128915 0.0178807 
-0.0336081 0.154297 0.0654859 
-0.0440573 0.128653 0.0163817 
-0.0747095 0.151441 -0.00249748 
0.0560243 0.165724 0.0107009 
-0.0358367 0.146871 0.0767089 
-0.0394187 0.143923 0.0241446 
-0.0497898 0.108793 -0.00702698 
-0.0451027 0.124158 0.0147521 
-0.0436751 0.144758 0.013945 
0.0434984 0.122239 0.047629 
-0.00161353 0.118879 0.026721 
-0.0447251 0.12506 0.0448692 
0.0722722 0.146508 0.0246132 
-0.0371458 0.149185 0.0823977 
-0.025962 0.133359 0.0735055 
-0.044979 0.139204 0.0148317 
-0.0431858 0.131268 0.0534803 
-0.0443366 0.153778 0.00404428 
-0.0401731 0.129998 0.021271 
0.0793174 0.152472 0.0264899 
0.0231189 0.107812 0.033398 
-0.0550377 0.110371 -0.00277928 
-0.0225567 0.148941 0.0651389 
-0.0476258 0.121938 0.044431 
-0.0457296 0.125287 0.0468523 
-0.046027 0.130974 0.0547366 
