-0.0178118 0.188756 -0.0215703 
-0.0196173 0.187989 -0.0186263 
-0.0221409 0.187197 -0.0157237 
-0.0426899 0.184833 -0.00120653 
-0.0233269 0.183957 -0.0145432 
-0.0310704 0.182325 0.0117318 
-0.0317527 0.181174 0.0135597 
-0.0290954 0.178229 -0.0103881 
-0.0308218 0.179178 -0.00655737 
-0.0338595 0.179506 -0.00311513 
-0.0405213 0.179574 0.00360505 
-0.0308427 0.179555 0.00904623 
-0.0733724 0.176194 0.0322687 
-0.0371937 0.174516 0.0187619 
-0.0394125 0.17299 -0.0240528 
-0.0406115 0.172725 -0.0216994 
-0.0484735 0.173292 0.0256043 
-0.0515184 0.172993 0.0292866 
-0.0530288 0.173865 0.0286785 
-0.0717963 0.174751 0.0342396 
-0.0732783 0.173104 0.0487422 
-0.06931 0.17199 0.0347316 
-0.017267 0.171054 0.000573739 
-0.040971 0.170194 -0.0204303 
-0.0430391 0.170183 -0.0162037 
-0.0445223 0.169726 -0.0124645 
-0.0177681 0.169415 -0.001718 
-0.0225789 0.169139 0.00528143 
-0.026852 0.170268 0.00897389 
-0.0516387 0.172036 -0.00910254 
-0.0355836 0.170339 0.0161831 
-0.037818 0.169666 0.0189187 
-0.0559428 0.1685 0.0314932 
-0.0674331 0.169845 0.0351958 
-0.0680243 0.170528 0.0431891 
-0.0550073 0.167357 0.0304744 
-0.0413422 0.166608 -0.0192091 
-0.0622771 0.165621 0.0445346 
-0.0680391 0.166342 0.0474146 
-0.0436534 0.166702 -0.0121534 
-0.0550846 0.166267 0.0340163 
-0.0242894 0.165153 0.00517158 
-0.0327025 0.165165 -0.00711838 
-0.0207704 0.166618 0.00158004 
-0.0273252 0.165629 0.00887274 
-0.0466575 0.174129 0.0225607 
-0.034914 0.16555 0.0163643 
-0.0380846 0.164874 0.0195219 
-0.0452657 0.165019 0.0270919 
-0.0544041 0.163738 0.037622 
-0.0566817 0.16521 0.0383831 
-0.0631864 0.167104 0.04122 
-0.0433174 0.169897 0.0227689 
-0.0473025 0.162721 0.0299112 
-0.0402756 0.190397 -0.00343659 
-0.0600169 0.161836 0.0410861 
-0.0390042 0.172035 -0.00249579 
-0.0325674 0.161522 0.0142145 
-0.0569019 0.161136 0.0385136 
-0.0667366 0.160487 0.0422794 
-0.0377203 0.160932 -0.0240696 
-0.0303426 0.159477 -0.0101204 
-0.0344461 0.161127 0.0164536 
-0.0400471 0.160627 0.021254 
-0.0424347 0.160913 0.0237137 
-0.0454429 0.161182 0.0269908 
-0.0472697 0.160042 0.028549 
-0.0493236 0.160937 0.0312917 
-0.0548071 0.159815 0.0363063 
-0.0676463 0.16035 0.0435126 
-0.038684 0.158176 -0.0226172 
-0.0391359 0.160956 -0.0200321 
0.0153139 0.159397 -0.0248777 
0.00254717 0.158999 -0.0194943 
-0.015944 0.160513 -0.00139874 
-0.0171925 0.160366 0.00126838 
-0.0190644 0.160713 0.00305804 
-0.0247753 0.159386 0.0071253 
-0.0321923 0.158661 0.0153095 
-0.0401502 0.158396 0.021616 
-0.032033 0.157468 0.0152909 
0.00830436 0.157301 -0.0213151 
-0.0844905 0.15598 0.0504568 
-0.0860741 0.155972 0.0516068 
-0.0218042 0.183527 -0.0178504 
0.00810618 0.156221 -0.020285 
-0.0425479 0.165678 0.0236873 
0.00217036 0.156041 -0.0179021 
-0.00358707 0.155901 -0.0161737 
-0.0807933 0.154774 0.0470393 
-0.0316201 0.15617 -0.00401724 
-0.0309051 0.155176 -0.00233021 
-0.0233183 0.155207 0.00140439 
-0.0206923 0.156559 0.00214348 
-0.0225164 0.155827 0.00544074 
-0.0267025 0.15565 0.0101365 
-0.0357626 0.155975 0.0167026 
-0.0453996 0.155743 0.026009 
0.0336308 0.153962 -0.0335113 
0.0288343 0.156067 -0.0303304 
0.0172072 0.153831 -0.0165544 
-0.0307288 0.152886 -0.00631696 
-0.0308724 0.152471 -0.00444252 
-0.0306812 0.152564 -0.00330612 
-0.0382056 0.174393 0.000558807 
-0.0787299 0.152594 0.0460106 
-0.0245188 0.156263 0.00866703 
-0.0398854 0.150834 0.0214994 
-0.050827 0.151428 0.0306419 
-0.0531487 0.150093 0.0326953 
-0.0575144 0.149699 0.0363997 
-0.0724335 0.150448 0.0483176 
-0.0198796 0.151332 0.00168896 
-0.022761 0.151475 0.00544082 
-0.0260991 0.151466 0.00933316 
-0.0366693 0.176429 -0.000347058 
-0.0766692 0.152591 0.0486975 
-0.0349369 0.151194 0.0165982 
-0.0422503 0.151195 0.0236704 
0.0335707 0.151536 -0.0307032 
-0.07128 0.170673 0.0479803 
0.0273781 0.151258 -0.0218021 
0.0214633 0.150344 -0.014152 
0.0166905 0.149683 -0.0109627 
-0.0727865 0.172182 0.0457368 
-0.0184674 0.148576 -0.000638114 
-0.0398269 0.148426 0.0220807 
-0.0607966 0.148235 0.0394875 
-0.0665995 0.148697 0.0411443 
0.0638594 0.149318 -0.0331099 
-0.0388338 0.157939 -0.0213697 
-0.0187825 0.148289 0.00163714 
-0.0316121 0.176047 0.00930853 
-0.0683866 0.148358 0.0453758 
-0.0555515 0.148206 0.0352724 
-0.0424445 0.187855 0.00197517 
-0.0241122 0.147728 0.00611617 
-0.0700276 0.172161 0.0377925 
0.0639419 0.148126 -0.0329794 
0.0629108 0.147398 -0.0312501 
0.00947515 0.146239 -0.00632929 
0.0398271 0.146841 -0.0338061 
-0.0684434 0.170424 0.0394221 
0.0636633 0.147311 -0.0360871 
0.0343665 0.147556 -0.0243499 
-0.0292236 0.146434 9.02466e-05 
-0.0274137 0.146447 0.009079 
-0.0343618 0.146597 0.0164254 
-0.0380155 0.146625 0.0203336 
-0.0735712 0.172104 0.0435659 
-0.0449937 0.146672 0.0278602 
-0.0470204 0.145818 0.0305465 
-0.0524583 0.14636 0.0347349 
-0.0581859 0.146889 0.0381157 
-0.0603206 0.144672 0.0416535 
-0.0632878 0.146752 0.0416677 
-0.0251018 0.17124 0.00596683 
-0.0682138 0.145301 0.0480055 
-0.0729208 0.146603 0.0528403 
-0.0735664 0.145414 0.0555341 
0.0363587 0.145281 -0.0238617 
-0.0203331 0.185564 -0.0185308 
0.0323912 0.147141 -0.0199656 
-0.0405914 0.192181 -0.00143851 
0.0295749 0.146087 -0.0162498 
0.0146292 0.156772 -0.0230032 
0.0279114 0.145216 -0.0139417 
-0.0357848 0.175424 0.0159989 
0.0155486 0.144646 -0.00828888 
-0.0380985 0.173191 0.0167573 
0.0107724 0.145438 -0.00702409 
-0.0285318 0.143995 0.0085712 
0.0733026 0.145219 -0.0386015 
-0.0398057 0.172893 0.0194344 
0.074936 0.146407 -0.0358479 
0.0566233 0.144692 -0.0295765 
0.0315264 0.149545 -0.0246963 
-0.0446196 0.143054 0.0282841 
0.022636 0.158915 -0.02785 
-0.0522853 0.142576 0.0352271 
-0.0569283 0.142742 0.0390096 
-0.0598809 0.142768 0.0417346 
-0.0526004 0.160951 0.0348106 
0.0714 0.143356 -0.0392365 
0.0571144 0.143031 -0.0299858 
0.00249003 0.142397 -0.00347814 
-0.0678822 0.142058 0.0497933 
-0.0749008 0.1748 0.0465001 
-0.0692494 0.142051 0.0524749 
-0.0548801 0.142232 0.0373382 
-0.0710889 0.142226 0.0543514 
-0.0329523 0.170426 0.0136334 
0.00286489 0.141137 -0.00272231 
-0.0331894 0.162637 -0.00522201 
-0.0308377 0.141557 0.00739048 
-0.0401306 0.139858 0.017747 
-0.0350952 0.142031 0.0164858 
0.0122755 0.142062 -0.00653875 
-0.067567 0.139308 0.0502184 
0.0396943 0.141546 -0.0258038 
0.0383813 0.142039 -0.0230544 
0.0358137 0.141957 -0.0190251 
0.0332073 0.154246 -0.031121 
0.0336448 0.140896 -0.0163503 
-0.0382862 0.179824 0.00130781 
0.0153177 0.141136 -0.00776112 
0.0692395 0.141216 -0.040067 
0.0717327 0.141949 -0.0365187 
0.0705951 0.141316 -0.0336984 
-0.0379616 0.163778 -0.0238178 
0.0588146 0.14172 -0.0301906 
-0.0468332 0.142881 0.0311246 
0.0412776 0.139327 -0.0269996 
0.0687479 0.139178 -0.0340164 
0.0396074 0.139256 -0.0221927 
0.0636719 0.149485 -0.0345915 
0.0154763 0.138329 -0.00766086 
-0.0383392 0.137901 0.0167704 
0.0218073 0.137511 -0.0104292 
-0.0514026 0.173777 -0.00989147 
0.0631735 0.140772 -0.0314472 
-0.0336244 0.137112 0.0117278 
0.0128363 0.137054 -0.00669553 
0.00648255 0.137169 -0.00347428 
0.0391222 0.136185 -0.0195253 
0.0372014 0.137566 -0.0181594 
-0.0380168 0.151407 0.0197806 
0.034059 0.137049 -0.0154742 
0.075721 0.136235 -0.0392204 
0.0666491 0.137398 -0.0337704 
0.0617946 0.135767 -0.0326925 
0.0611099 0.13704 -0.0315893 
-0.0495756 0.142744 0.0329557 
0.0421099 0.136845 -0.0259929 
0.0715332 0.13756 -0.0367231 
0.0283137 0.137479 -0.0124767 
0.0170895 0.13374 -0.00973006 
-0.0521842 0.15837 0.0335278 
0.0364163 0.145283 -0.0262144 
-0.0413858 0.143293 0.0241305 
0.0313078 0.133971 -0.0136305 
-0.0296143 0.147325 0.0126357 
-0.0325003 0.132713 0.00769422 
-0.033868 0.132445 0.0116825 
-0.0422497 0.154988 0.0236874 
0.0272444 0.148269 -0.0161756 
0.038114 0.148195 -0.0328972 
-0.0365393 0.132697 0.0156635 
-0.0474212 0.15615 0.0277731 
-0.064991 0.142249 0.0459022 
-0.0436425 0.131729 0.0217528 
0.0139653 0.132069 -0.00955361 
0.0688923 0.133219 -0.0361286 
0.0309884 0.14222 -0.0150882 
0.00693662 0.132276 -0.00356181 
0.0366019 0.148624 -0.0306032 
0.0346914 0.132254 -0.0149758 
0.0106823 0.12977 -0.00915733 
0.0612835 0.132279 -0.033866 
0.0589807 0.132673 -0.0322734 
0.023894 0.138356 -0.0110951 
0.0576469 0.130707 -0.0321359 
-0.0396943 0.166142 0.0204614 
0.0439842 0.131388 -0.0288772 
0.0434836 0.132152 -0.026253 
0.0336758 0.152946 -0.033516 
0.0419667 0.132216 -0.0217626 
0.0721287 0.131483 -0.039741 
0.0316802 0.151779 -0.0290772 
0.0709858 0.132269 -0.0377705 
-0.074449 0.174302 0.0427337 
-0.0454469 0.150737 0.0265143 
-0.0457975 0.127861 0.024409 
-0.0469047 0.126805 0.0254432 
0.0728679 0.129019 -0.0394351 
0.0345296 0.144996 -0.0201908 
0.0373602 0.128911 -0.0161828 
0.0367688 0.150767 -0.0329717 
-0.036873 0.12779 0.0156742 
-0.0383218 0.12784 0.0180067 
-0.0401763 0.127717 0.0199106 
-0.0767265 0.176588 0.043233 
-0.0434861 0.127736 0.0227701 
-0.00178004 0.127905 0.0017001 
0.00850046 0.127737 -0.00771716 
0.0313859 0.137408 -0.0139001 
0.00606773 0.12746 -0.00427747 
0.00146787 0.127518 -1.31967e-05 
-0.073499 0.177299 0.0347406 
-0.0360919 0.124795 0.011804 
0.0609205 0.128205 -0.0346682 
0.0395092 0.127848 -0.0178688 
0.0342356 0.127811 -0.0144601 
0.0337664 0.154311 -0.032567 
-0.0417908 0.146562 0.0241538 
-0.0372344 0.124321 0.0152743 
-0.0271246 0.180205 -0.0108845 
0.0642492 0.125839 -0.035773 
-0.0463883 0.171646 0.0238405 
0.0583653 0.126044 -0.0339391 
0.0547076 0.125667 -0.0296537 
0.044218 0.127365 -0.0259744 
0.0648251 0.124936 -0.0387546 
0.065077 0.124989 -0.0374338 
-0.0306112 0.182381 0.00911504 
0.00328012 0.12369 -0.00167144 
-0.00118012 0.124287 0.00173046 
-0.0366886 0.12292 0.011036 
-0.040057 0.123117 0.0195899 
-0.0456744 0.122897 0.0257434 
-0.0482291 0.123252 0.0272698 
-0.0294894 0.0766498 0.0432784 
-0.0198904 0.167696 -0.00121755 
0.00858462 0.159293 -0.0219013 
-0.0318541 0.0765277 0.0470996 
0.062632 0.0675005 -0.000654995 
-0.0425554 0.11226 0.0149564 
-0.0415977 0.0755362 0.0614523 
0.0369431 0.07812 0.0146357 
0.0558366 0.0608569 -0.00163899 
0.0215636 0.0740958 -0.0461095 
0.0219347 0.0717937 -0.046152 
0.0235735 0.0749139 -0.0429874 
-0.0411153 0.188716 -0.0032467 
-0.0622937 0.162523 0.0429465 
-0.0274308 0.0771806 0.0389351 
0.0586552 0.0717341 0.00288689 
0.0707079 0.0805954 -0.017015 
0.0711836 0.0787093 -0.0137248 
0.0716633 0.0805336 -0.0114042 
0.0707683 0.0805687 -0.00702016 
-0.0339852 0.182475 -0.00346418 
-0.0299401 0.0799241 0.0380756 
-0.018007 0.073341 0.0293969 
0.0223015 0.073277 -0.0455835 
0.053483 0.071588 -0.0293928 
0.0357465 0.0743271 -0.0365419 
-0.0497781 0.157756 0.0307571 
0.0362397 0.0763433 0.0141223 
0.0582459 0.0630513 -0.00132406 
0.0099011 0.140091 -0.0049377 
-0.0287621 0.0597744 0.047995 
-0.0417703 0.0734627 0.06148 
-0.0377647 0.160982 0.019697 
0.068367 0.0906513 -0.00701767 
-0.0349203 0.17599 -0.0035599 
-0.026773 0.0735095 0.0409802 
-0.0435931 0.069807 0.0590556 
-0.0266962 0.160442 0.00932939 
-0.0344999 0.0707712 0.0508802 
-0.0378253 0.156158 0.0197414 
0.00955958 0.133372 -0.00513899 
-0.00840772 0.0589257 0.0269279 
-0.00903425 0.075756 0.0251117 
0.00383948 0.121594 -0.00489644 
-0.0407325 0.183801 0.000463595 
-0.00813233 0.0721798 0.0254791 
-0.0174509 0.0705237 0.0321998 
0.0242312 0.155922 -0.0271618 
-0.0191893 0.0703116 0.0353744 
-0.0213272 0.0721285 0.0361665 
0.0373671 0.112276 0.00141027 
0.0225477 0.0655671 0.0147758 
-0.0451917 0.109346 0.0275613 
0.0703107 0.132984 -0.0407146 
-0.0356598 0.0634731 0.0407752 
-0.0472993 0.115288 0.0290278 
-0.0329369 0.0901311 0.0290049 
0.0691334 0.0763211 -0.0166029 
0.0125909 0.0625861 -0.0512038 
0.0423619 0.104879 0.00833176 
0.0697901 0.0740199 -0.00946421 
0.0699516 0.0760224 -0.00710132 
0.0689798 0.0734037 -0.00643587 
-0.025346 0.172986 0.00604915 
-0.0441398 0.101262 0.0251894 
0.0389483 0.0770167 0.0114606 
0.0186892 0.0679264 -0.0473996 
-0.0301658 0.160408 0.0127428 
-0.0624866 0.142184 0.0434907 
0.0699038 0.140642 -0.0391476 
0.0315278 0.0687682 -0.0422474 
0.0259543 0.150381 -0.017657 
0.0331343 0.0705729 -0.0397127 
0.0375524 0.0712282 -0.0368734 
-0.0191322 0.18603 -0.0210565 
0.0385581 0.0733565 -0.0347036 
0.0677236 0.0729293 -0.0158613 
0.0561717 0.0587433 -0.00681856 
0.0413125 0.0704791 -0.0350105 
-0.0187843 0.150091 -0.000678133 
0.0683821 0.0734023 -0.00488532 
-0.039414 0.170917 -0.0239171 
0.0269507 0.0834493 -0.0400808 
0.0222161 0.152537 -0.0182129 
0.0445623 0.0695645 -0.0337489 
-0.0309251 0.156087 -0.00711291 
0.0623492 0.0714344 -0.0233621 
0.0666403 0.0713152 -0.00327172 
0.024813 0.0839307 -0.0411839 
-0.0284636 0.0626281 0.0442873 
-0.00530538 0.067944 0.0203766 
-0.00472805 0.0683895 0.0225419 
0.0129743 0.0660585 -0.0520529 
-0.0407486 0.076141 0.0589565 
-0.0224571 0.1608 0.00562141 
0.0466504 0.0949554 0.00965021 
0.0159852 0.151115 -0.0117973 
0.0351611 0.0714683 0.0104791 
-0.0380831 0.0717128 0.0551272 
-0.00728861 0.12762 0.00370819 
-0.0282731 0.0659012 0.0478599 
0.060382 0.0694379 0.001897 
-0.0359218 0.0612552 0.0519419 
0.0715619 0.0900985 -0.0115551 
-0.033997 0.0670803 0.0515355 
0.0371902 0.133151 -0.0168664 
-0.0356688 0.0667462 0.0541813 
-0.0654898 0.169378 0.0446229 
-0.0307017 0.138061 0.00453369 
0.0394252 0.132516 -0.018543 
-0.0376507 0.0671164 0.0558262 
0.0540145 0.0589368 -0.0220568 
-0.0444168 0.097679 0.0366954 
0.0431839 0.102111 0.0113543 
0.0419054 0.0809585 0.00794001 
0.0407531 0.13681 -0.0223771 
-0.00158266 0.107986 0.00117864 
0.0633114 0.0809421 -0.000273508 
-0.0182279 0.0672907 0.0359945 
-0.0346356 0.0667313 0.0407513 
0.0397727 0.0635297 -0.0402073 
-0.0357493 0.0641186 0.0538316 
-0.0404749 0.0676447 0.0575156 
0.0448153 0.0860608 0.00927278 
-0.00677099 0.0908927 0.00663725 
0.0606133 0.0660652 4.56391e-05 
0.0499248 0.0605373 -0.0363147 
0.0670212 0.0754221 -0.019525 
0.0707522 0.0768395 -0.0106072 
0.0554922 0.0617699 -0.0322394 
0.0310989 0.067941 0.0121342 
-0.0314433 0.160935 -0.00796782 
0.0722938 0.089772 -0.0149893 
0.0153584 0.063161 0.0223675 
0.0185123 0.154248 -0.0196894 
0.0243507 0.146453 -0.0128321 
0.0418417 0.0663506 -0.037526 
-0.0209615 0.0763486 0.0309877 
0.0566392 0.0642652 0.00140824 
0.0440021 0.0629281 -0.0379137 
-0.0340856 0.128316 0.00822978 
0.032576 0.0617668 0.00738461 
0.0225846 0.144443 -0.010892 
-0.000205083 0.136627 -0.000634063 
0.0152126 0.0658438 0.0222491 
0.0398483 0.0787421 0.00569727 
-0.0718762 0.174822 0.0381502 
0.0423626 0.0623953 -0.0391153 
0.0381928 0.0673334 -0.0390809 
0.0680434 0.103945 -0.0270034 
-0.047945 0.0997657 0.0355307 
-0.0211888 0.0686565 0.0375587 
0.0681001 0.0905163 -0.0261124 
0.0415358 0.106208 0.000728418 
0.0490187 0.0601141 -0.0368901 
0.0671416 0.102432 -0.0145006 
0.0343452 0.0681108 -0.0409976 
0.0630759 0.0646216 -0.00459625 
0.0316898 0.0699805 0.0126798 
0.0329232 0.069157 0.0111892 
-0.0574541 0.099056 0.0398827 
-0.00923695 0.0668269 0.0304437 
-0.0361193 0.182135 -0.00146015 
0.066738 0.097855 -0.00986804 
-0.0512797 0.174589 -0.0118563 
0.0520919 0.0619243 -0.0347754 
0.0681128 0.0715012 -0.0124107 
0.031355 0.121645 -0.013252 
0.0372383 0.0605992 0.0145596 
0.0580758 0.0622295 -0.0261038 
-0.0404632 0.13698 0.0184573 
-0.0488841 0.10554 0.0329398 
0.062403 0.115319 -0.0318174 
-0.00739766 0.0597449 0.0284535 
-0.0382167 0.0761517 0.0549876 
0.0355127 0.0620741 0.0110907 
0.0582091 0.0604995 -0.00621047 
-0.00920858 0.0587949 0.0304011 
0.0694635 0.0816202 -0.0203033 
0.0722269 0.090205 -0.0174214 
-0.0410083 0.096176 0.0339865 
0.0585313 0.0753539 0.00304112 
-0.0433631 0.113895 0.0232735 
0.0169872 0.152631 -0.0148615 
0.0399206 0.0775144 0.008491 
-0.00326702 0.101418 0.00238364 
0.0529039 0.0584263 -0.0180136 
0.0685827 0.0762597 -0.0037034 
0.0144846 0.0638184 -0.0490024 
0.0609476 0.079338 0.00149572 
-0.00628234 0.0697825 0.0253422 
-0.0338132 0.165439 -0.00419707 
0.0299607 0.133432 -0.0128045 
0.0291053 0.0714069 -0.0417332 
0.0547332 0.0665697 0.00370137 
-0.0406112 0.170589 0.0202709 
0.0444885 0.128498 -0.0289191 
0.0557039 0.0582227 -0.0274407 
0.0251405 0.0724649 -0.0436966 
0.0408365 0.0808885 0.0125304 
-0.0196893 0.0726561 0.0319667 
-0.0383949 0.0855236 0.0395718 
0.0564044 0.0605994 -0.017366 
0.0463141 0.0994299 0.00517809 
0.0339115 0.0648989 0.0110301 
0.0328527 0.0762223 -0.0378706 
0.0725137 0.128988 -0.0380638 
0.020498 0.0631843 0.0168616 
0.063571 0.0939789 -0.00615079 
0.00101278 0.1325 -0.000255243 
0.0369859 0.0591397 0.0120809 
-0.0157975 0.0677643 0.0333741 
0.0233785 0.0654966 0.0138472 
0.0579915 0.0624106 -0.0295499 
0.0220842 0.154994 -0.0239764 
0.0561584 0.12308 -0.0395122 
0.0398474 0.085738 0.0159986 
-0.00999867 0.0732446 0.027799 
0.0347994 0.0733165 0.0132956 
0.00942641 0.136648 -0.00499195 
-0.027741 0.0626688 0.047975 
0.0260154 0.153213 -0.0264592 
-0.00780852 0.059751 0.02973 
0.0170047 0.066485 0.0195665 
0.0191647 0.141456 -0.00939324 
0.072119 0.0853528 -0.0113521 
-0.00763411 0.0747977 0.0229532 
-0.040473 0.132833 0.0192586 
0.0515159 0.073136 -0.0298953 
0.00228582 0.156779 -0.0186781 
0.0723727 0.0855563 -0.0148909 
-0.0197748 0.0767379 0.028054 
0.0435381 0.10437 0.00338616 
-0.029699 0.155939 0.0130668 
0.0701075 0.0753638 -0.0127067 
-0.0304944 0.0718959 0.0472023 
-0.015904 0.0707906 0.0290031 
0.0294356 0.151258 -0.0261225 
0.014939 0.0685229 0.0196999 
-0.027701 0.0654627 0.0456397 
0.0364925 0.0750415 -0.0353056 
-0.0307658 0.165689 0.0124801 
0.0589245 0.064897 -0.0225037 
-0.0384918 0.140061 0.0165441 
0.059028 0.0608669 -0.0111399 
-0.0444144 0.104634 0.0233692 
0.0349387 0.0662977 -0.0415132 
0.0273175 0.155327 -0.0283025 
0.0173958 0.0628265 0.0197346 
0.0514206 0.0742289 -0.0297197 
0.0657237 0.0764553 -0.0217394 
0.0701766 0.0995831 -0.0170503 
0.0149246 0.157187 -0.0240032 
0.0658098 0.0674452 -0.00825078 
0.0562794 0.0591729 -0.0262692 
-0.0299694 0.15128 0.0131084 
0.0644844 0.07327 -0.0216396 
0.0668813 0.108086 -0.0267339 
-0.0323428 0.164987 0.014093 
0.0612402 0.0664931 -0.0201173 
0.0711316 0.0900562 -0.021376 
0.00170535 0.118367 -0.00163625 
0.0521561 0.0592184 -0.0346274 
-0.0289164 0.182863 -0.00793191 
0.0278722 0.142019 -0.0130281 
0.0281654 0.0807161 -0.0397186 
0.0365442 0.0725392 0.00833716 
0.064991 0.126701 -0.0394279 
0.0645798 0.0669792 -0.00409595 
0.0210541 0.148477 -0.0125826 
0.0459888 0.0674218 -0.0348072 
0.0661583 0.069859 -0.0148339 
-0.0546093 0.169368 0.0298601 
0.0401939 0.104778 -0.000963579 
-0.0451423 0.168486 0.0252035 
-0.0439932 0.10873 0.0180275 
-0.041259 0.188981 -0.000509958 
-0.00745195 0.0684267 0.0279474 
-0.072497 0.14268 0.0562895 
-0.0239612 0.0720441 0.0390314 
0.0373925 0.0603986 0.013722 
0.0605011 0.062561 -0.00534769 
-0.0421563 0.166367 -0.0158312 
0.0619524 0.063816 -0.0134096 
0.0668523 0.0755139 -0.00181591 
0.053679 0.070619 0.00507726 
0.0629244 0.113482 -0.0245608 
-0.0431594 0.187886 0.0028137 
-0.0244173 0.14654 0.00485352 
-0.0126284 0.0622248 0.0336828 
-0.0364254 0.179165 -0.000375851 
0.0287752 0.0691701 -0.043732 
-0.053633 0.100543 0.0382614 
0.0551718 0.0665024 -0.0309592 
-0.0423991 0.163927 -0.0127963 
-0.044854 0.104467 0.0278313 
0.0541631 0.0623509 0.00142649 
0.021589 0.158652 -0.0262275 
-0.054904 0.150569 0.034035 
0.0385846 0.0809889 0.0150093 
0.0387419 0.06521 -0.0402016 
-0.0526942 0.174362 0.0264926 
0.025199 0.141781 -0.0116953 
0.0306589 0.0793214 -0.0380653 
-0.00017054 0.107392 -0.00726741 
0.0216797 0.142112 -0.0104492 
-0.0349236 0.127847 0.0113662 
0.00940428 0.0603092 0.0227989 
0.0594418 0.0669526 -0.0259323 
0.0695736 0.102773 -0.0213417 
-0.0374765 0.0628604 0.054907 
-0.0102816 0.059405 0.0329192 
0.0367279 0.108812 -0.00289993 
0.0398463 0.1232 -0.0178157 
-0.0235243 0.0749525 0.0351945 
-0.0326983 0.174907 0.0118247 
0.0575044 0.066721 0.00235379 
-0.00267026 0.104055 0.0018614 
-0.0544445 0.162434 0.0376304 
0.0546741 0.0589368 -0.0028997 
0.0640254 0.0666471 -0.0141557 
0.0700723 0.0950891 -0.0121045 
-0.0371196 0.0613787 0.0401823 
0.0404738 0.08702 0.00252915 
0.0695562 0.0894278 -0.024136 
-0.0333556 0.145157 0.013628 
-0.00378244 0.0990672 0.00216296 
0.0617625 0.062964 -0.00956295 
-0.00914847 0.0624871 0.0320283 
-0.0142739 0.0688347 0.0294915 
0.0643664 0.0991387 -0.00989973 
0.0654047 0.126953 -0.0375707 
0.0223224 0.0637991 0.0152316 
-0.0275037 0.0629155 0.0456287 
0.0707185 0.139158 -0.0403772 
0.0609489 0.0760876 0.00172567 
0.0648889 0.106526 -0.0159943 
-0.00513511 0.0702537 0.0225157 
0.0448177 0.0876254 0.00626588 
-0.0325675 0.0699284 0.041262 
-0.0384324 0.132443 0.0175258 
0.0701495 0.0893364 -0.00818431 
-0.00605361 0.0626345 0.0277848 
0.0569636 0.121437 -0.0279186 
0.0238632 0.0709281 -0.04528 
0.055613 0.0581047 -0.0134433 
-0.0304421 0.0717143 0.0435194 
0.060582 0.0680837 -0.02327 
0.0681259 0.0711628 -0.00784189 
0.0661686 0.0681709 -0.0115983 
0.0710929 0.092647 -0.0123634 
-0.00705903 0.060394 0.0269404 
-0.0495171 0.147216 0.0317649 
-0.025046 0.0747756 0.0389901 
0.0550479 0.0591428 -0.0233122 
0.0426718 0.127342 -0.0216425 
0.0616792 0.0649562 -0.0166216 
-0.0365766 0.0596109 0.0510265 
0.0456384 0.0635941 -0.036676 
-0.0357522 0.0725372 0.0518643 
0.0654745 0.0715914 -0.0184208 
0.0591659 0.118095 -0.0261656 
-0.0191865 0.169841 0.00205491 
0.0510288 0.0665673 -0.033303 
-0.0825841 0.155099 0.0489915 
-0.0158207 0.0637594 0.034876 
0.0143101 0.0682975 0.0212532 
0.0328962 0.0667894 0.0099693 
-0.0702608 0.147045 0.0491024 
0.0687072 0.0804938 -0.00366597 
0.0361761 0.114424 0.000612757 
0.0640383 0.0930396 -0.0057586 
-0.0476762 0.151774 0.0279917 
0.0374507 0.0591093 0.014317 
0.063623 0.068187 -0.0174973 
-0.0315328 0.137044 0.00742319 
0.0403508 0.0723596 -0.0340294 
-0.0335101 0.178731 0.0160221 
-0.0179487 0.157732 -0.00072746 
0.0583477 0.0709505 -0.0267491 
0.0715602 0.0948028 -0.0165199 
0.0646108 0.100846 -0.0315436 
0.0204096 0.066812 0.0161153 
-0.0302324 0.156411 -0.0100717 
-0.0359512 0.06958 0.0538493 
0.0705181 0.0855274 -0.0207475 
-0.00493648 0.123067 0.0035436 
-0.0411199 0.161418 -0.0154053 
-0.0347589 0.0633448 0.0519338 
-0.0321749 0.1794 0.0122417 
0.0660615 0.0809551 -0.00196291 
-0.0378691 0.0593863 0.0412016 
-0.00790879 0.0918435 0.0086893 
-0.0165425 0.0638526 0.0355613 
0.0384617 0.075671 0.00768566 
-0.0237436 0.165102 0.0016056 
0.0540346 0.0699669 -0.0300888 
0.0677281 0.0873716 -0.0254714 
-0.0248568 0.151004 0.00731758 
-0.0119589 0.0656844 0.0329098 
0.0547505 0.0710068 0.00439529 
-0.0357995 0.0765881 0.0513975 
-0.0444656 0.0688184 0.0590967 
-0.0744672 0.178628 0.0361778 
0.0437817 0.0845241 0.00702059 
-0.0389345 0.173699 0.00669213 
0.0371096 0.0748799 0.0117609 
0.0159411 0.0667724 -0.0490927 
-0.0400827 0.192258 -0.00332495 
0.0630647 0.0700879 -0.0210734 
0.0719884 0.0819715 -0.0145035 
0.0299649 0.0775069 -0.0393018 
-0.0258951 0.076895 0.0349651 
-0.0370894 0.173714 -0.0032534 
-0.0411234 0.0720998 0.0588845 
0.063437 0.0824586 -0.026957 
-0.0263781 0.0813178 0.0341026 
0.0311763 0.0795054 -0.0376183 
0.070517 0.0852378 -0.00708069 
0.0627578 0.0842418 -0.000574574 
0.0659058 0.0857506 -0.00306427 
-0.0758271 0.15106 0.0510378 
0.071907 0.0853327 -0.0176102 
0.0679872 0.0850594 -0.0239378 
-0.0223476 0.0794702 0.0304945 
-0.059847 0.165341 0.0423332 
0.0442232 0.0902929 0.0136563 
0.0244912 0.153097 -0.0225169 
-0.0429106 0.11847 0.0234609 
-0.0323046 0.0801904 0.0465138 
-0.0214195 0.0791082 0.0275269 
-0.0288989 0.0869602 0.0296947 
-0.0388849 0.174216 0.00772945 
0.043008 0.0830549 0.0113995 
0.0432996 0.0830547 0.0106252 
0.0635892 0.0759244 -0.0243331 
0.0638742 0.113351 -0.0291666 
-0.0345805 0.0916368 0.0312442 
0.064686 0.0845441 -0.0258871 
0.039334 0.108834 0.00535731 
0.0639995 0.0857734 -0.0269923 
0.0578081 0.122721 -0.0363616 
0.0740581 0.145107 -0.0370505 
-0.0375696 0.0792478 0.0538462 
0.0550316 0.0588232 -0.0311495 
0.0610642 0.116015 -0.0257695 
-0.036249 0.0797134 0.0507242 
0.00295456 0.118511 -0.00537141 
-0.0342626 0.079828 0.0485534 
0.0466899 0.0950038 0.00555705 
-0.0651559 0.16579 0.0455294 
0.0311208 0.120295 -0.0132137 
-0.0307354 0.0802258 0.0428042 
0.0592522 0.0634587 -0.0190909 
0.0415333 0.0846025 0.0143129 
-0.0231045 0.165889 0.00508739 
0.0742524 0.136814 -0.0401147 
0.0636517 0.0761283 0.000296489 
0.0463526 0.0903671 0.00942166 
-0.0342131 0.0761407 0.0494827 
0.033545 0.11074 -0.0144761 
0.0221453 0.0749956 -0.0447565 
0.0567752 0.0618713 -0.0215592 
0.0434049 0.0859508 0.0128942 
-0.00739882 0.0623787 0.0301457 
0.0314243 0.110084 -0.0133794 
-0.0707317 0.139536 0.0539386 
0.042577 0.0857257 0.0047156 
-0.0320754 0.0812509 0.0379096 
-0.0243655 0.0820301 0.0300166 
0.0363398 0.113633 -0.002748 
0.0620305 0.0859283 -0.000821798 
-0.0307249 0.182998 -0.00633206 
0.0260948 0.0826983 -0.0409067 
0.0183103 0.136757 -0.00934813 
0.0641901 0.0806635 -0.0253985 
-0.0327654 0.081594 0.0412154 
-0.0319683 0.0894899 0.0323861 
0.0670387 0.0805282 -0.0224835 
-0.0383366 0.0827682 0.0398874 
0.0642358 0.0882961 -0.0274522 
-0.0324404 0.0860996 0.0368385 
-0.0293833 0.0839385 0.0358336 
0.0334422 0.0771415 -0.0367052 
-0.0279976 0.0849714 0.0334608 
-0.0648919 0.168516 0.0410353 
0.00587962 0.123579 -0.00787833 
-0.0267177 0.0848019 0.0300947 
-0.0388728 0.171675 -0.00104865 
-0.0444291 0.104373 0.020835 
0.0373495 0.113501 -0.0162838 
0.0677921 0.141817 -0.0326418 
0.040837 0.0893402 0.0164198 
-0.043601 0.184747 0.00443184 
-0.0740782 0.14956 0.0506173 
0.0712784 0.0947813 -0.0214759 
0.043573 0.0899868 0.00388568 
0.0398498 0.088857 0.00213155 
0.0502754 0.0584389 -0.000745288 
-0.00608993 0.0949663 0.00638783 
-0.0385883 0.119253 0.0116494 
0.0533533 0.0741907 -0.0286056 
-0.041495 0.0861916 0.0408345 
-0.0290765 0.145715 0.00263374 
0.0365585 0.0623067 0.0139797 
-0.0299557 0.087177 0.0331449 
-0.0671623 0.150482 0.0415843 
0.0545627 0.0587615 -0.0166147 
0.0417012 0.0914901 0.0161152 
-0.0418897 0.187339 -0.00181145 
-0.0364928 0.137156 0.0151336 
-0.00597985 0.0672087 0.0264662 
0.0675794 0.0945253 -0.00854881 
-0.0421498 0.183954 0.00309005 
0.0460411 0.0907899 0.00607649 
0.0700374 0.0939436 -0.0243806 
0.0395946 0.109334 0.00195096 
0.0685578 0.0948479 -0.0266054 
-0.0476191 0.118898 0.0283203 
0.00375261 0.137464 -0.00205329 
-0.0416409 0.0902271 0.0405312 
-0.0325556 0.176514 -0.00712063 
0.0153874 0.148392 -0.00923581 
-0.038783 0.0905862 0.0390879 
-0.0165135 0.171015 -0.00112259 
-0.0299248 0.169911 0.0120304 
0.00325733 0.139943 -0.00240855 
-0.0506856 0.121731 0.0293916 
-0.0436793 0.0997682 0.0284168 
0.0118166 0.132518 -0.00752492 
-0.033894 0.0895327 0.0362808 
-0.0471951 0.163443 0.0298945 
0.0638155 0.108607 -0.0321085 
0.0423563 0.0945559 0.0159348 
0.0333936 0.0619309 0.00821682 
0.0442384 0.0950636 0.0136836 
0.0580058 0.114467 -0.03664 
0.0447 0.0946733 0.00302018 
-0.0378802 0.0939617 0.0350048 
-0.0456469 0.118119 0.0267098 
0.00942651 0.130683 -0.00629428 
-0.0357078 0.091806 0.035813 
-0.0493558 0.164748 0.0309963 
0.0622013 0.109238 -0.0337415 
-0.0312111 0.0890028 0.0294624 
-0.0454157 0.113822 0.0272807 
0.0701762 0.0962225 -0.0244094 
0.071979 0.145156 -0.0334402 
-0.00783119 0.0933981 0.00879997 
-0.0737867 0.177667 0.0342805 
0.0391462 0.114737 -0.0176346 
-0.00464595 0.0955371 0.00303627 
0.0681071 0.0994861 -0.0128635 
0.0705902 0.0994617 -0.0217166 
-0.068349 0.150707 0.0439456 
0.055739 0.123541 -0.0287661 
0.0701888 0.0984953 -0.0244141 
-0.0487405 0.102666 0.034364 
0.0685691 0.0993367 -0.0269829 
-0.043139 0.0976885 0.0338345 
-0.0104267 0.0748864 0.0276096 
-0.0427233 0.0955017 0.0383674 
0.0620904 0.145601 -0.0311871 
-0.0395964 0.0936295 0.0381685 
0.0564941 0.127161 -0.0319293 
-0.0402919 0.0954137 0.03012 
0.0432237 0.099393 0.0133262 
0.0175826 0.146621 -0.00984486 
-0.0371584 0.0935121 0.0314198 
-0.0506712 0.118414 0.0305012 
-0.0058524 0.127084 0.00326636 
0.0456764 0.0995031 0.00921596 
0.0450303 0.0993726 0.00238357 
0.0350439 0.123282 -0.0146712 
0.0437086 0.100526 0.000759137 
0.0699687 0.100922 -0.0242559 
-0.0053601 0.0990033 0.00565079 
0.0585347 0.129384 -0.0332597 
-0.0225011 0.0803787 0.0273567 
0.0617985 0.112671 -0.021402 
-0.0422114 0.0969159 0.028096 
-0.0477719 0.16659 0.0281015 
0.0423373 0.101451 0.0134309 
-0.00267901 0.100634 -0.00100346 
0.0652348 0.104032 -0.0144029 
-0.0471614 0.108321 0.0305925 
0.060502 0.118385 -0.0304204 
0.0687433 0.103035 -0.0177685 
0.0688312 0.104561 -0.0228767 
-0.0420071 0.161748 -0.0125891 
0.00929566 0.0602704 0.0218502 
0.0660765 0.10447 -0.0299816 
-0.00988735 0.122689 0.00529675 
0.0400755 0.107381 0.00682768 
-0.0454531 0.0998156 0.032528 
-0.00381288 0.132055 0.00172821 
0.00356048 0.127672 -0.00148589 
0.0635741 0.0711711 0.000230399 
0.0445153 0.102429 0.00861099 
0.0402668 0.146295 -0.0348256 
-0.0299659 0.0681395 0.0474117 
0.0453748 0.102297 0.00573819 
-0.0513819 0.171399 0.0294712 
0.0428937 0.103148 0.000571623 
-0.0480843 0.170521 0.0265662 
-0.0434614 0.110473 0.0193435 
0.0411191 0.0821007 0.00500533 
0.0644938 0.104334 -0.0318683 
0.0672325 0.105239 -0.0180334 
-0.0413448 0.163906 -0.0158614 
-0.0512907 0.100721 0.036879 
0.0627535 0.105606 -0.0332646 
-0.00162819 0.104685 -0.00152868 
-0.0294287 0.067421 0.0442023 
-0.00177835 0.102986 -0.00272313 
0.000128173 0.10895 -0.00570565 
-0.0262893 0.183516 -0.010767 
0.00382213 0.131133 -0.00167203 
0.0374569 0.0590865 0.0135918 
0.0374014 0.105793 -0.00262597 
0.066692 0.108554 -0.0232978 
0.0660834 0.0996394 -0.0300884 
-0.0515305 0.104542 0.0354522 
-0.0384195 0.130675 0.0180154 
0.0654851 0.109251 -0.0294006 
0.00486343 0.12149 -0.00808765 
-0.0541406 0.114375 0.0338588 
-0.0251968 0.18085 -0.014152 
0.0373744 0.118176 -0.0161696 
-0.0544917 0.103359 0.0377453 
0.0659922 0.0952054 -0.0291091 
0.0413072 0.107413 0.00350502 
0.0303156 0.149486 -0.0215161 
0.0389671 0.108584 -0.00123162 
-0.00587095 0.0718669 0.022128 
0.0556585 0.120229 -0.0394716 
-0.000566145 0.105543 -0.00503937 
-0.0381206 0.122316 0.0155313 
-0.0576648 0.105284 0.037845 
-0.0444816 0.105349 0.0194707 
-0.000395663 0.105679 -0.00650453 
0.0633448 0.112401 -0.031994 
-0.0290379 0.180294 -0.00783691 
0.0628878 0.110194 -0.0194691 
0.0594641 0.0622856 -0.0153953 
-0.000709136 0.108858 -0.00161569 
0.0306756 0.110227 -0.0126528 
0.0647901 0.11095 -0.0238842 
-0.0368135 0.14261 0.0200992 
0.00860561 0.0593372 0.0222072 
0.0621719 0.116008 -0.0289006 
-0.0493048 0.109672 0.0319309 
-0.0522843 0.109104 0.0344788 
0.0613398 0.11357 -0.0340455 
-0.0216426 0.185935 -0.0161544 
0.0047797 0.123618 -0.00481599 
-0.0576144 0.108771 0.0365877 
-0.0469397 0.104041 0.0317359 
0.0378705 0.111659 -0.00125606 
0.0312292 0.113271 -0.0127449 
0.0340841 0.113669 -0.01446 
-0.0431327 0.110804 0.0155744 
0.0582695 0.0660047 -0.0290153 
0.000304099 0.113596 -0.00141234 
0.00134767 0.113741 -0.00565882 
-0.0528638 0.11292 0.0336135 
0.0400534 0.11851 -0.0179446 
0.00398516 0.119623 -0.00784408 
0.0584864 0.121958 -0.0313214 
-0.0496584 0.114075 0.0310641 
-0.0734994 0.172924 0.0502447 
-0.0422711 0.113922 0.018818 
-0.00738523 0.0656537 0.0294609 
-0.0414987 0.11443 0.0147265 
0.0411958 0.115287 -0.0196948 
0.0601375 0.117825 -0.0339417 
0.0686987 0.0843396 -0.00447666 
-0.0440587 0.109289 0.0231071 
0.0349824 0.117643 -0.000485765 
-0.0396076 0.164218 -0.0201673 
-0.0433379 0.123284 0.0235102 
0.0567546 0.0587805 -0.0110806 
0.0349805 0.118376 -0.0033552 
0.0427126 0.118534 -0.0212427 
-0.0738511 0.177693 0.037485 
0.0576202 0.118638 -0.0370008 
-0.0297349 0.142396 0.00359845 
0.0348529 0.118174 -0.0144734 
-0.0405557 0.115634 0.0119918 
0.0654642 0.0898078 -0.00436558 
0.0418488 0.103808 0.011902 
-0.0408279 0.118519 0.0193045 
-0.0395473 0.11851 0.0148075 
-0.0689413 0.167385 0.0479733 
-0.0334961 0.142025 0.0121552 
0.033555 0.120314 -0.00523025 
-0.0527281 0.164168 0.0348923 
-0.0293714 0.144172 0.000635226 
0.0439511 0.119993 -0.0240168 
-0.00913565 0.11971 0.00582329 
0.00683027 0.14195 -0.00452631 
-0.0289786 0.059713 0.0468053 
0.0430723 0.122738 -0.0216034 
0.0441023 0.122964 -0.0249579 
0.058823 0.121253 -0.0337789 
0.0340387 0.121278 -0.00208651 
-0.0400226 0.174897 0.00440822 
-0.078812 0.14711 0.0556797 
0.0308546 0.0681972 -0.0428616 
0.0336981 0.121643 -0.00333664 
-0.0259099 0.172927 0.0081753 
-0.0662642 0.146206 0.0449915 
0.0323789 0.122826 -0.0045104 
0.0206565 0.155874 -0.0249566 
0.0640296 0.0651657 -0.00964351 
0.0554472 0.122593 -0.0401159 
-0.00518201 0.120431 0.0041602 
0.0653289 0.107949 -0.0190415 
0.0571123 0.124122 -0.0313026 
-0.0819447 0.15362 0.0489376 
0.00195263 0.122941 -0.000877896 
