0.0310204 0.190018 0.0109801 
0.0314479 0.188976 0.00785445 
0.0324606 0.188081 0.00442323 
0.0431904 0.186743 -0.016702 
0.0339287 0.185199 0.0032989 
0.0295592 0.178624 -0.0212321 
0.0296985 0.17729 -0.0228836 
0.0385251 0.180371 -0.00209291 
0.0379745 0.180582 -0.00609494 
0.0388056 0.180639 -0.0103363 
0.0411802 0.180411 -0.0188966 
0.0313832 0.17685 -0.0186438 
0.0559382 0.177199 -0.0570846 
0.0339016 0.171304 -0.0288472 
0.053918 0.181614 0.00456054 
0.0539586 0.181032 0.00213694 
0.0402361 0.170927 -0.0395502 
0.0411733 0.170374 -0.0439125 
0.0423242 0.171628 -0.0442484 
0.0543515 0.175077 -0.0577408 
0.050003 0.170181 -0.0698629 
0.0530917 0.171986 -0.0566227 
0.0270439 0.168636 -0.00438569 
0.0545193 0.178566 0.00125072 
0.0543771 0.177908 -0.00311679 
0.0541239 0.17686 -0.00676257 
0.0289105 0.16791 -0.00259425 
0.0298368 0.166901 -0.0104561 
0.0312702 0.167866 -0.0155813 
0.0575331 0.179568 -0.013117 
0.0350537 0.167966 -0.0255189 
0.0358721 0.167155 -0.028693 
0.0451383 0.16684 -0.0472511 
0.0521216 0.169576 -0.0558458 
0.0490409 0.16822 -0.0626088 
0.0451979 0.1659 -0.045854 
0.0554463 0.175191 0.0005228 
0.045571 0.162313 -0.0603665 
0.0486328 0.163459 -0.0655012 
0.0542835 0.173942 -0.00623826 
0.0441337 0.16404 -0.0485972 
0.0324883 0.163817 -0.0107082 
0.0441492 0.168879 -0.00487387 
0.030772 0.165262 -0.00633152 
0.0331628 0.163936 -0.0151736 
0.0398195 0.172054 -0.0363481 
0.0359861 0.163582 -0.0247755 
0.0373598 0.162863 -0.0287327 
0.0397613 0.162595 -0.0382299 
0.0429124 0.160737 -0.0508595 
0.0439003 0.162327 -0.0527282 
0.047184 0.164674 -0.0583216 
0.0384823 0.167562 -0.0344212 
0.0409101 0.160297 -0.0411836 
0.0404593 0.191663 -0.0144289 
0.0464527 0.159403 -0.056079 
0.0449427 0.17507 -0.0123925 
0.0363385 0.160101 -0.0214577 
0.045319 0.158777 -0.0524529 
0.0516231 0.159388 -0.0600728 
0.0564581 0.170695 0.00681419 
0.0453755 0.164165 -0.000669946 
0.0369972 0.159585 -0.0240981 
0.0395252 0.159127 -0.0305486 
0.0402714 0.159261 -0.0336888 
0.0411667 0.159303 -0.0377769 
0.0423063 0.158301 -0.0397586 
0.0424806 0.15882 -0.0430389 
0.0450265 0.157736 -0.049531 
0.0518629 0.159147 -0.061477 
0.0574856 0.168117 0.00552035 
0.0558749 0.169975 0.00290454 
0.0159641 0.157912 0.0328906 
0.0238 0.158965 0.0225498 
0.0301999 0.159636 -0.000922452 
0.030111 0.159086 -0.00363486 
0.0307144 0.159335 -0.00600034 
0.0338969 0.158368 -0.0118178 
0.0365047 0.15723 -0.0218156 
0.0401675 0.157103 -0.0306221 
0.0367695 0.156156 -0.0215828 
0.0206136 0.156689 0.0269504 
0.0634955 0.157213 -0.0745361 
0.0642539 0.157254 -0.0762097 
0.0342545 0.18535 0.006723 
0.0206849 0.155519 0.0261598 
0.0388486 0.163462 -0.0342883 
0.0243765 0.156044 0.0214475 
0.0281883 0.156736 0.0173393 
0.0624209 0.156236 -0.0698961 
0.0448895 0.159962 -0.00577163 
0.0439486 0.158495 -0.00666386 
0.0364749 0.155883 -0.0060462 
0.0336899 0.156296 -0.00554871 
0.0339742 0.155197 -0.00897017 
0.0353397 0.154738 -0.0147019 
0.0395651 0.155301 -0.0243112 
0.0432786 0.15479 -0.0363231 
0.00701813 0.151382 0.0491699 
0.00876041 0.153449 0.0440892 
0.0128063 0.150456 0.0277894 
0.0462003 0.157492 -0.00311518 
0.0456653 0.156672 -0.00463511 
0.0450144 0.156414 -0.005465 
0.0422973 0.176162 -0.0147387 
0.0619373 0.154144 -0.0678309 
0.0340538 0.155177 -0.0125586 
0.0424251 0.150458 -0.0295031 
0.0469596 0.150998 -0.0421029 
0.048341 0.149805 -0.0446936 
0.0503283 0.149454 -0.0496912 
0.0567581 0.150281 -0.0664253 
0.0349152 0.151662 -0.00417606 
0.0355547 0.151442 -0.00856893 
0.0365401 0.151154 -0.0132737 
0.0408265 0.177843 -0.0135243 
0.0592156 0.152988 -0.0690008 
0.0404924 0.150963 -0.0232657 
0.0432499 0.150728 -0.0324102 
0.00667261 0.14854 0.0471815 
0.0495392 0.167814 -0.0680124 
0.00788566 0.147337 0.0371393 
0.00960542 0.145843 0.0283068 
0.012209 0.145483 0.0235595 
0.0511639 0.170049 -0.0671125 
0.0356627 0.149547 -0.00131259 
0.0429071 0.148187 -0.0296542 
0.0520692 0.14809 -0.053552 
0.0557543 0.149336 -0.0576959 
-0.0152171 0.140573 0.0637912 
0.0571592 0.167617 0.00447826 
0.035054 0.148772 -0.0032503 
0.0329941 0.173881 -0.0188027 
0.0554955 0.14833 -0.0618946 
0.0497444 0.14801 -0.0476766 
0.0407111 0.188504 -0.0194923 
0.0375235 0.148284 -0.00930721 
0.0523239 0.171495 -0.0594356 
-0.014955 0.139478 0.0638678 
-0.0146382 0.138617 0.0620789 
0.0170045 0.142846 0.0168244 
0.00458769 0.143866 0.0532029 
0.0509667 0.169203 -0.0597796 
-0.0131858 0.139636 0.0663205 
0.00468227 0.143227 0.0429466 
0.0444246 0.149845 -0.0067614 
0.0392733 0.147116 -0.0130988 
0.0415847 0.146859 -0.0223066 
0.0427976 0.146667 -0.0271786 
0.0527026 0.17072 -0.0657386 
0.0450903 0.14628 -0.0365329 
0.0458252 0.145278 -0.0395471 
0.0481477 0.145855 -0.0455539 
0.0510357 0.146695 -0.0510506 
0.0519361 0.144302 -0.0546358 
0.0535775 0.146771 -0.0563072 
0.0308464 0.169115 -0.0124559 
0.0552442 0.144931 -0.0635543 
0.0564856 0.145844 -0.0698213 
0.0562482 0.144244 -0.0721442 
0.00365402 0.140671 0.0437748 
0.0327407 0.186986 0.00772578 
0.00453125 0.142155 0.0385451 
0.0393048 0.192772 -0.0163914 
0.00551729 0.140883 0.0343544 
0.0165567 0.155276 0.031376 
0.00613199 0.139885 0.031818 
0.0336627 0.172508 -0.0260721 
0.0135962 0.140628 0.0214743 
0.0358631 0.170865 -0.0275152 
0.0165384 0.142042 0.0180935 
0.0411386 0.145349 -0.0129328 
-0.0189824 0.136343 0.0731715 
0.0361755 0.170282 -0.030436 
-0.0217793 0.136306 0.0716029 
-0.00957083 0.137194 0.0580675 
0.00640388 0.145682 0.0416353 
0.0457782 0.142922 -0.0362638 
0.0116489 0.156656 0.0388136 
0.0490169 0.142378 -0.0454155 
0.0510086 0.142558 -0.0506743 
0.0521679 0.142519 -0.0542649 
0.0435661 0.158635 -0.0474181 
-0.0166408 0.135296 0.0729959 
-0.00925278 0.135739 0.0588267 
0.0224888 0.140275 0.0116733 
0.0552785 0.141554 -0.0644421 
0.0516575 0.172606 -0.0690418 
0.0552309 0.14115 -0.0672394 
0.0502707 0.142097 -0.0483002 
0.0558281 0.141218 -0.0696385 
0.0340359 0.168129 -0.0222349 
0.022285 0.138893 0.0113965 
0.0445476 0.166279 -0.00632332 
0.0442049 0.14403 -0.012795 
0.0476822 0.141885 -0.0253094 
0.0435895 0.143009 -0.0221609 
0.0162439 0.138631 0.0188222 
0.0557343 0.138968 -0.0643054 
0.00305565 0.137176 0.0473621 
0.00277805 0.137179 0.0444769 
0.00312946 0.136622 0.040038 
0.00626377 0.151101 0.0470206 
0.00404622 0.135473 0.03699 
0.0403138 0.180738 -0.016023 
0.0146779 0.13747 0.0213594 
-0.0139287 0.134115 0.072887 
-0.0175806 0.133284 0.0711454 
-0.0176645 0.132244 0.068421 
0.0556324 0.173173 0.00615904 
-0.0100735 0.134272 0.0599561 
0.0463772 0.142516 -0.0395714 
0.00302775 0.135199 0.0493372 
-0.0154102 0.130862 0.0680506 
0.00235343 0.13425 0.0447017 
-0.0145087 0.141147 0.0648684 
0.0154091 0.134953 0.0216885 
0.0473176 0.140034 -0.0234418 
0.0118887 0.133568 0.0270164 
0.057121 0.181246 -0.0125801 
-0.0126444 0.132812 0.06315 
0.0459928 0.139621 -0.0170657 
0.0174718 0.134166 0.0198104 
0.0210462 0.134823 0.0141928 
0.00260331 0.130975 0.0427002 
0.00309082 0.132249 0.0405278 
0.0415008 0.150997 -0.0273054 
0.00458804 0.131787 0.0369433 
-0.0177398 0.128112 0.0758871 
-0.0133087 0.129701 0.0670663 
-0.00945356 0.12906 0.0640863 
-0.00978549 0.130037 0.0627254 
0.0477962 0.142522 -0.0423269 
0.00275369 0.132581 0.0492227 
-0.0159383 0.12954 0.0717363 
0.00768087 0.132644 0.031757 
0.0164784 0.131122 0.0246593 
0.0445996 0.156619 -0.0458857 
0.00458652 0.141274 0.0456857 
0.0449092 0.143503 -0.0314269 
0.00694821 0.129218 0.0345235 
0.0392286 0.147441 -0.0170988 
0.048199 0.136576 -0.0127775 
0.0476922 0.135603 -0.0165902 
0.0420308 0.154042 -0.0328748 
0.00660522 0.143285 0.0329261 
0.00511213 0.14519 0.0514986 
0.0480377 0.135373 -0.0210795 
0.0439902 0.15513 -0.0387464 
0.0545824 0.142101 -0.0599729 
0.0513496 0.1345 -0.0292217 
0.019373 0.1303 0.0232296 
-0.0127411 0.126166 0.0705195 
0.00516828 0.136886 0.0345573 
0.0222917 0.130464 0.0150611 
0.00519945 0.1453 0.0488908 
0.00541974 0.127322 0.0374157 
0.0225004 0.128907 0.0216229 
-0.00745343 0.126426 0.0651975 
-0.00644703 0.126861 0.0627792 
0.0102697 0.134023 0.0284424 
-0.00483708 0.125398 0.062268 
0.0378184 0.164082 -0.0304021 
0.0042356 0.128146 0.0530737 
0.0032904 0.128241 0.0506431 
0.00730979 0.150484 0.0493161 
0.00258524 0.127459 0.046318 
-0.0132065 0.124878 0.0751592 
0.00739179 0.148745 0.0449506 
-0.0133862 0.125303 0.0729439 
0.0530304 0.173053 -0.0657516 
0.0447043 0.150288 -0.0361546 
0.0531599 0.130895 -0.0319141 
0.0539298 0.129945 -0.0331437 
-0.0131223 0.122479 0.0755594 
0.00364366 0.139868 0.0399984 
0.00490997 0.124125 0.0400503 
0.00536942 0.147756 0.0506117 
0.0498608 0.131149 -0.0206631 
0.0500039 0.130903 -0.0232264 
0.0506965 0.130707 -0.0256191 
0.0538672 0.175423 -0.0675075 
0.0520802 0.130706 -0.0294867 
0.0282917 0.127183 0.00721832 
0.0242508 0.127232 0.0196729 
0.00590172 0.132278 0.0343677 
0.0248047 0.126627 0.0157936 
0.026597 0.126577 0.0101824 
0.0546561 0.17755 -0.0592556 
0.0518177 0.129366 -0.0168361 
-0.00553568 0.123149 0.0661518 
0.00427606 0.123163 0.0425499 
0.00697945 0.123401 0.0373143 
0.00640839 0.151412 0.0484368 
0.0441709 0.146446 -0.0320273 
0.0514168 0.128297 -0.0201022 
0.0365648 0.181796 -0.000992266 
-0.00691425 0.120636 0.0689024 
0.0398706 0.169489 -0.0369494 
-0.00315787 0.12163 0.0646086 
-0.00196916 0.120987 0.0594809 
0.00413156 0.123818 0.0513392 
-0.0058349 0.120496 0.0716715 
-0.00659725 0.120143 0.0707275 
0.0302714 0.179254 -0.0189249 
0.0270975 0.123261 0.0128284 
0.0289673 0.123877 0.00791004 
0.0532011 0.128056 -0.016282 
0.0522063 0.126739 -0.0247582 
0.0540947 0.126177 -0.0323335 
0.0553373 0.126651 -0.034814 
0.0489667 0.077582 -0.0331672 
0.0309052 0.166741 -0.00380071 
0.0200027 0.158523 0.0273162 
0.0492594 0.0769988 -0.0373381 
-0.00162002 0.0607885 0.0469536 
0.059547 0.118995 -0.0209459 
0.0512005 0.074531 -0.053351 
0.00864578 0.0717395 0.0212175 
0.00620567 0.0567242 0.0452969 
0.0471687 0.0874282 0.0630147 
0.0476326 0.0853433 0.0634993 
0.0440434 0.0868889 0.0613743 
0.0415713 0.190327 -0.0147808 
0.047234 0.160019 -0.0587341 
0.048999 0.0787262 -0.0287726 
-0.00134641 0.0644437 0.0417207 
-0.00529324 0.0747371 0.0623399 
-0.00642934 0.0721246 0.0601562 
-0.00835065 0.0730109 0.0583094 
-0.00948721 0.0720956 0.0543688 
0.0381002 0.183356 -0.0104699 
0.050435 0.0819022 -0.0296053 
0.0468486 0.0757819 -0.0161923 
0.0466367 0.0864125 0.0630422 
0.0161504 0.0738649 0.0651228 
0.0320668 0.0820214 0.062078 
0.0440731 0.156275 -0.0424488 
0.00997474 0.0704731 0.0215052 
0.00349665 0.0580331 0.0459306 
0.0180578 0.13701 0.0166443 
0.0518294 0.0614259 -0.03459 
0.0519858 0.0727472 -0.0532086 
0.0382809 0.159342 -0.0282576 
-0.0108379 0.0814454 0.0520241 
0.0409399 0.177911 -0.0100668 
0.0488088 0.0748362 -0.0296603 
0.0555817 0.0705805 -0.0517002 
0.0341398 0.15914 -0.0146227 
0.0515878 0.0715574 -0.0409399 
0.0398505 0.155122 -0.0277481 
0.0205539 0.131258 0.0174423 
0.0450005 0.0617023 -0.00793056 
0.0408678 0.0770409 -0.00877687 
0.0286719 0.122145 0.0159263 
0.0413007 0.184974 -0.0169847 
0.0411546 0.0736176 -0.00821625 
0.0461499 0.0724639 -0.0178367 
0.0110758 0.153507 0.0393779 
0.0462522 0.0718329 -0.0211809 
0.0470082 0.073686 -0.023049 
0.00290363 0.104982 0.0279456 
0.0238131 0.0638808 0.0157459 
0.0572914 0.113739 -0.0319471 
-0.0118647 0.126845 0.0748948 
0.0590238 0.0680595 -0.0325326 
0.0564259 0.119019 -0.0348316 
0.0532808 0.0938564 -0.0249832 
-0.00287253 0.0712353 0.0617689 
0.059954 0.0806552 0.0641917 
-0.0015026 0.0956079 0.0256613 
-0.0056171 0.0672168 0.0566392 
-0.0073649 0.0683179 0.0545858 
-0.00604798 0.0660663 0.053902 
0.0304448 0.170675 -0.0128458 
0.06004 0.107052 -0.0285854 
0.00875591 0.0711611 0.0248457 
0.0519152 0.0829973 0.0634134 
0.0354349 0.158983 -0.0190035 
0.0536546 0.142122 -0.056842 
-0.0146452 0.133227 0.0725353 
0.0395014 0.0795708 0.0652995 
0.00755148 0.145803 0.0332467 
0.0366195 0.0801365 0.06382 
0.0317874 0.0789993 0.0635717 
0.0327062 0.187789 0.0102644 
0.0294219 0.0800753 0.0620599 
-0.000999024 0.0683836 0.0609075 
0.00877318 0.056151 0.0498553 
0.0283226 0.0770323 0.0639592 
0.0354423 0.150952 -0.00161165 
-0.00622645 0.0657923 0.052376 
0.0545249 0.179765 0.00469776 
0.0374774 0.0928585 0.0596391 
0.0100065 0.148656 0.0316558 
0.0255582 0.0751892 0.0646049 
0.0456616 0.160543 -0.00295213 
0.00678423 0.0702111 0.0645329 
-0.00487356 0.0639281 0.0505031 
0.0394477 0.0940369 0.0594474 
0.0522268 0.0648238 -0.0318186 
0.0424265 0.0706199 -0.00228087 
0.0409341 0.0703185 -0.00379288 
0.0588992 0.0838309 0.064641 
0.0513834 0.0755241 -0.0510203 
0.0322643 0.159488 -0.00967829 
-0.0022223 0.0856385 0.0278277 
0.0126483 0.147108 0.0237218 
0.013887 0.0673937 0.0244889 
0.0523131 0.0720616 -0.0461584 
0.0318398 0.12762 0.00302198 
0.0495476 0.066715 -0.0349779 
-0.0015468 0.062313 0.0436085 
0.0552939 0.0632659 -0.0413348 
-0.0112641 0.0814424 0.057244 
0.0521024 0.0680463 -0.0407862 
0.00397217 0.128051 0.0400124 
0.0524117 0.0674317 -0.0436608 
0.0468374 0.166284 -0.0624136 
0.0464034 0.141685 -0.0100269 
0.00313089 0.127441 0.0424944 
0.0531537 0.0677623 -0.0459654 
0.0167274 0.0607656 0.0610068 
0.0566168 0.100979 -0.037504 
-0.00251551 0.0922174 0.0239617 
0.00665654 0.0748783 0.0286035 
0.00231846 0.131907 0.0456856 
0.0347174 0.109845 0.0100997 
-0.00660147 0.0723022 0.0453723 
0.0462103 0.0688166 -0.0208605 
0.057195 0.0706918 -0.0324136 
0.0339027 0.0726437 0.0682141 
0.0534591 0.0652412 -0.0431065 
0.054483 0.0684047 -0.0487254 
0.00220544 0.0783566 0.0283145 
0.0419502 0.0946042 0.00529254 
0.000119958 0.0597934 0.0456023 
0.0253303 0.0667805 0.0702861 
0.00027516 0.0716741 0.0632101 
-0.00679214 0.0697707 0.057677 
0.0189046 0.065574 0.0695266 
0.0174906 0.064768 0.0216494 
0.0448724 0.165122 -0.00309103 
-0.0103023 0.0818908 0.0603811 
0.0270268 0.0613761 0.00653091 
0.0129597 0.151351 0.0308714 
0.00804976 0.14146 0.0290873 
0.0302749 0.073959 0.0667165 
0.0475284 0.0786482 -0.0192303 
0.0032248 0.0587362 0.0428335 
0.029846 0.0705905 0.0684626 
0.050616 0.132937 -0.0134379 
0.0202865 0.0602786 0.0268902 
0.0092611 0.139584 0.0269322 
0.025249 0.135078 0.00879941 
0.0263326 0.0637866 0.00623709 
0.0098997 0.0739752 0.0296837 
0.0527655 0.174137 -0.0609185 
0.0317931 0.0707976 0.0687076 
0.0334503 0.0760258 0.0661076 
-0.0065228 0.0983578 0.0662915 
0.0591834 0.103883 -0.0384993 
0.0474306 0.0702545 -0.0236849 
-0.0026481 0.0863624 0.0672027 
0.0018774 0.0989344 0.031198 
0.0264107 0.0667592 0.0703658 
-0.0105351 0.0939738 0.0560309 
0.0369966 0.0780508 0.0657181 
0.000592288 0.059199 0.0506632 
0.0161519 0.0662808 0.0212512 
0.0160736 0.0656776 0.0231298 
0.0650096 0.104217 -0.0464263 
0.041661 0.0678823 -0.0120805 
0.0390381 0.183005 -0.01305 
-0.0106846 0.0888498 0.0526739 
0.0575827 0.182441 -0.0110449 
0.0225589 0.067117 0.0699202 
-0.00228071 0.0661492 0.0584997 
0.0106912 0.118323 0.0357093 
0.0140439 0.0563627 0.0235034 
0.0141939 0.0638095 0.065789 
0.0485654 0.139254 -0.0256941 
0.0591479 0.109818 -0.0375588 
-0.00375981 0.110804 0.0661079 
0.0433176 0.0617997 -0.00876874 
0.0510573 0.0760117 -0.0466383 
0.0163595 0.0589365 0.0252841 
0.00637194 0.0570817 0.0501294 
0.0442222 0.0608586 -0.0110774 
-0.00328396 0.0767642 0.0642586 
-0.00937733 0.0829184 0.0622452 
0.0555674 0.0996208 -0.0335336 
-0.00247022 0.0675984 0.0411075 
0.0561962 0.118436 -0.0281846 
0.0126571 0.149013 0.0264719 
0.00907402 0.072157 0.0276272 
0.0376267 0.104153 0.00911437 
0.0160748 0.0595091 0.0573015 
-0.00778689 0.0679407 0.0511852 
0.0571698 0.0807439 0.0631839 
-0.00498297 0.0709566 0.0430213 
0.0405359 0.0711491 -0.00694077 
0.0437124 0.168601 -0.00777435 
0.0078264 0.128827 0.0332849 
0.0403322 0.0822779 0.0634206 
0.00302033 0.0605739 0.0398159 
0.0371913 0.168225 -0.0312152 
0.00478329 0.125517 0.0536912 
0.0178776 0.0611728 0.066207 
0.0438996 0.0845864 0.0629795 
0.00560324 0.0738555 0.0244273 
0.0473096 0.0748824 -0.0189693 
0.0546118 0.0882695 -0.0354944 
0.0123841 0.060473 0.0581908 
-0.00153029 0.0907933 0.0307162 
0.0167299 0.0617759 0.0242343 
0.0342685 0.0846618 0.0615389 
-0.0134068 0.122173 0.0742964 
0.0253039 0.0617024 0.0133835 
-0.00852446 0.0851849 0.048651 
0.025461 0.1311 0.00956688 
0.0157373 0.055787 0.0255417 
0.0452549 0.0693801 -0.0176616 
0.0235744 0.0638786 0.0168933 
0.0156345 0.0648846 0.0684867 
0.0117207 0.152337 0.0359157 
0.00182542 0.120974 0.0683732 
0.003383 0.0774126 0.0206025 
0.0413041 0.0743548 -0.0110889 
0.0124075 0.0683563 0.0218415 
0.0195502 0.134115 0.0168715 
0.0501176 0.0637395 -0.0344322 
0.0102589 0.150562 0.0399869 
0.043105 0.0615626 -0.0099872 
0.0258469 0.0646532 0.00916199 
0.0122568 0.137331 0.0244595 
-0.0102667 0.0771143 0.0579113 
0.0409804 0.0764573 -0.00626797 
0.0495645 0.135419 -0.025847 
0.0173975 0.0757826 0.0644045 
0.0243734 0.156867 0.022036 
-0.00905805 0.0781589 0.0608414 
0.0476991 0.0794928 -0.0163627 
-0.000200471 0.0961935 0.0302417 
0.0363638 0.154885 -0.0185091 
-0.00494556 0.0691682 0.0592267 
0.0496368 0.0726202 -0.036222 
0.0461884 0.0731908 -0.0145724 
0.00807874 0.148012 0.0415782 
0.0267499 0.0668555 0.00782938 
0.0501649 0.0667843 -0.0328756 
0.0307433 0.0821604 0.0613581 
0.0343247 0.163804 -0.0197071 
0.0111839 0.065019 0.062993 
0.0468409 0.142016 -0.0235901 
0.00766601 0.058508 0.0544225 
0.0599338 0.110537 -0.0276599 
0.0373278 0.0764682 0.0666293 
0.00933566 0.152606 0.0418314 
0.0266408 0.061322 0.00964881 
0.0170497 0.0767142 0.0640885 
0.00187669 0.0734404 0.0642426 
-0.0109297 0.0914785 0.0598562 
0.0166095 0.155836 0.0322679 
-0.000920284 0.0620217 0.054555 
0.0166386 0.0615725 0.06543 
0.0380455 0.150857 -0.0181168 
0.00381824 0.0708994 0.0639517 
-0.00705228 0.102167 0.0650298 
0.0351069 0.163116 -0.0216658 
0.00787763 0.0652851 0.0619947 
-0.00683223 0.0840594 0.064908 
0.0300098 0.118941 0.0126837 
0.0233117 0.0646964 0.0701542 
0.0358844 0.183746 -0.00452565 
0.00680376 0.136858 0.0314481 
0.0372534 0.0901055 0.0602525 
0.0133578 0.0685851 0.026735 
-0.00624795 0.12218 0.0720795 
-0.00154052 0.0608013 0.050698 
0.00986804 0.14389 0.0270774 
0.0255712 0.0732767 0.0663863 
0.000774089 0.065773 0.0597049 
0.0445009 0.167732 -0.0454119 
0.00408345 0.0984181 0.0320842 
0.0393425 0.166094 -0.0370716 
0.0605182 0.115421 -0.0236694 
0.0404609 0.189877 -0.0170721 
0.0407971 0.0695407 -0.00942224 
0.0559746 0.141419 -0.0719146 
0.0478964 0.0734441 -0.0265869 
0.014336 0.0563716 0.0242714 
0.003569 0.0581573 0.0502843 
0.0547534 0.174278 -0.00254072 
0.00538913 0.0610377 0.0572812 
-0.00698515 0.0671762 0.0489388 
0.00197624 0.0639902 0.0377306 
-0.00659634 0.107191 0.0607641 
0.0409097 0.18847 -0.0205077 
0.0386657 0.147641 -0.00830004 
0.0444268 0.063756 -0.0157411 
0.0397747 0.18019 -0.0137106 
0.0421349 0.080914 0.0651301 
0.0622316 0.105101 -0.043486 
0.0171103 0.0694519 0.067786 
0.0544601 0.171406 -0.00479623 
0.0584744 0.109325 -0.0314221 
0.00575783 0.0576003 0.0418679 
0.011874 0.156233 0.0370472 
0.0489997 0.150258 -0.0466585 
0.00629508 0.073792 0.0213585 
0.0341667 0.0743391 0.0675189 
0.0428136 0.172559 -0.0423979 
0.00840841 0.13689 0.0291367 
0.0350688 0.0879064 0.0602816 
0.0373183 0.111216 0.0176054 
0.0105267 0.137627 0.0264243 
0.0501147 0.131894 -0.0162924 
0.0323973 0.0600762 0.00369029 
0.0115496 0.0675978 0.0657401 
-0.00969462 0.0955209 0.0626259 
0.0547597 0.0642393 -0.0446401 
0.0438165 0.060972 -0.013677 
0.00630021 0.103215 0.0315047 
0.00547589 0.119008 0.0432207 
0.0482221 0.0768932 -0.0236527 
0.0331585 0.172466 -0.0211989 
0.00137312 0.0604487 0.0421962 
0.0365366 0.106466 0.0095029 
0.043357 0.159603 -0.0507303 
0.00824891 0.055628 0.0459814 
0.00317985 0.0632543 0.0585287 
-0.0114692 0.0862798 0.056381 
0.0610767 0.0667019 -0.0325036 
0.00808539 0.0819073 0.0315334 
-0.00425661 0.0845749 0.0664427 
0.0424235 0.146107 -0.0194165 
0.0388709 0.102267 0.00932536 
0.00421 0.0593314 0.0542121 
0.0423195 0.0636522 -0.0127909 
0.04534 0.0709939 -0.0139548 
-0.00923368 0.0905024 0.0514176 
-0.00742274 0.121825 0.0707595 
0.0243638 0.0622644 0.0154841 
0.0508294 0.0645148 -0.0324698 
-0.0142947 0.13207 0.0740843 
-0.00404134 0.0680521 0.0432245 
-0.00946661 0.0984403 0.0556676 
0.0406667 0.072046 -0.00418746 
0.00295394 0.0805089 0.0305372 
0.0543502 0.0729021 -0.0322184 
0.0488196 0.135081 -0.0234416 
-0.0113216 0.0802072 0.0539633 
0.0416254 0.0642073 -0.00793731 
-0.00309702 0.116337 0.0596688 
0.046044 0.0839349 0.0638221 
0.0121667 0.0574414 0.0549699 
0.0511852 0.0734096 -0.0332265 
0.00919312 0.0676432 0.0640165 
-0.0040823 0.0646594 0.0548879 
-3.99253e-05 0.0634504 0.0573199 
-0.0113766 0.0839861 0.0573647 
0.0434755 0.0626877 -0.00747324 
0.0468174 0.146732 -0.0418775 
0.0478862 0.0760834 -0.0273952 
0.0163784 0.0610461 0.0624795 
0.00354266 0.123008 0.0471373 
0.00657321 0.0629327 0.0595874 
0.0567098 0.0622095 -0.040718 
0.0278437 0.0704912 0.0681712 
0.0515903 0.0731214 -0.0425342 
0.00224472 0.0683741 0.0620454 
-0.00447418 0.112472 0.0597112 
0.0283111 0.167611 -0.00634115 
0.021292 0.0710297 0.0676828 
0.0629009 0.156405 -0.0723504 
0.0459278 0.0654892 -0.0183987 
0.0266661 0.0663916 0.00631299 
0.0173581 0.0639297 0.0243755 
0.055826 0.146621 -0.0656145 
-0.00925188 0.0716087 0.0507107 
0.00347727 0.107331 0.0277617 
-0.00875156 0.0841581 0.0486711 
0.0454957 0.1513 -0.0385222 
0.0144552 0.0550755 0.023976 
0.00439081 0.065561 0.0608295 
0.0461746 0.140224 -0.0126151 
0.0280633 0.0786334 0.062492 
0.0308243 0.174897 -0.0254013 
0.0323713 0.157467 -0.00208334 
0.0114647 0.0715494 0.0653976 
-0.0107013 0.0868533 0.0606589 
-0.000971003 0.0975836 0.0686615 
0.0245244 0.0650908 0.0135074 
0.0462488 0.161445 -0.000291665 
0.0518646 0.07006 -0.0438666 
-0.0051689 0.0800674 0.0646515 
0.03153 0.123162 0.00481522 
0.0553494 0.169609 -0.0017997 
0.0537237 0.0648411 -0.0410234 
0.0311421 0.176174 -0.0218182 
-0.00804592 0.0721496 0.0480327 
0.0618733 0.0648574 -0.0334395 
0.0416799 0.0951513 0.00299466 
0.0461754 0.0655507 -0.0193022 
0.0111343 0.0710742 0.0277968 
0.0335621 0.164582 -0.00758694 
0.0165278 0.0725066 0.0661355 
-0.00162037 0.0835253 0.0668864 
0.0365578 0.151001 -0.0110133 
0.0431215 0.0668377 -0.015215 
0.00130106 0.0642719 0.0387406 
0.0505273 0.0767982 -0.0426649 
0.0565601 0.0698964 -0.0520308 
0.0543885 0.178551 -0.0610255 
0.004438 0.0778259 0.0298087 
0.0405369 0.174117 -0.0199143 
0.0107462 0.0696169 0.0239842 
0.0551289 0.0830324 0.0635981 
0.0396682 0.193219 -0.0146479 
0.00570537 0.0682791 0.0632011 
-0.00777466 0.0750055 0.0607748 
0.0367031 0.0867933 0.0611572 
0.0495442 0.0791736 -0.0248287 
0.0432294 0.176316 -0.0110741 
0.0529962 0.0720889 -0.0506603 
0.00390998 0.0805559 0.0666177 
0.0488664 0.0833747 -0.0248942 
0.034421 0.0878372 0.0601481 
-0.0107576 0.0762524 0.0537421 
-0.00709894 0.0753897 0.0449573 
-0.00899856 0.0766673 0.04827 
0.0580757 0.150853 -0.0702918 
-0.00749329 0.0787743 0.0628237 
-0.00172124 0.0810453 0.0660568 
0.0478163 0.0818129 -0.0198666 
0.0446825 0.162108 -0.0574135 
-0.000507457 0.0810476 0.0240192 
0.00984463 0.149767 0.0361186 
0.0543044 0.122291 -0.0286635 
0.048684 0.0804555 -0.0375192 
0.0484426 0.0820657 -0.0170055 
0.0508607 0.0900148 -0.023236 
0.039902 0.174287 -0.0207827 
0.00368958 0.075569 0.0261089 
0.00378437 0.0757065 0.0268677 
0.00478765 0.0741207 0.0653665 
-0.00537958 0.108068 0.0649198 
0.0531494 0.0949514 -0.0277378 
0.00182589 0.0818276 0.0661075 
0.000829872 0.100509 0.0261311 
0.00242757 0.0833422 0.0665193 
-0.000654946 0.119476 0.0666785 
-0.0201801 0.135675 0.0723026 
0.0500388 0.0788763 -0.0457847 
0.0197516 0.0628126 0.0687853 
-0.0054536 0.110132 0.0605451 
0.0501591 0.0798073 -0.0427116 
0.0305434 0.119766 0.0162521 
0.0494773 0.0800369 -0.0400413 
-0.000566869 0.0867389 0.0311182 
0.0473463 0.162834 -0.0625536 
0.011289 0.117183 0.0357278 
0.0489923 0.0811086 -0.0338061 
0.00996905 0.062799 0.0605874 
0.00313298 0.0764879 0.0228899 
0.0313652 0.164223 -0.0101642 
-0.0164084 0.129174 0.0758352 
-0.00556597 0.0678664 0.0456507 
-0.000429711 0.0817483 0.0284148 
0.0502302 0.0765573 -0.0403232 
0.0129772 0.108618 0.0390294 
0.0458656 0.0877352 0.0621012 
0.0134322 0.0625973 0.0615735 
0.00183386 0.0776263 0.0247564 
0.0417737 0.0636637 -0.0104376 
0.0143831 0.108224 0.0372198 
0.0565806 0.138894 -0.0688179 
0.00595111 0.0797428 0.0309379 
0.0517439 0.0835756 -0.0306467 
0.0487695 0.0846208 -0.0207491 
0.00499953 0.107479 0.0306248 
-0.00696826 0.0770897 0.0446084 
0.0365851 0.183845 -0.00668367 
0.0387274 0.0926046 0.0599823 
0.0144046 0.133395 0.0245757 
0.00324862 0.0784134 0.0659418 
0.0507975 0.0831659 -0.033663 
0.0513252 0.0922012 -0.0271532 
-0.000139475 0.0769095 0.0649799 
0.0553152 0.0857634 -0.0353915 
0.0016289 0.0856176 0.0667 
0.0509248 0.0881779 -0.0305397 
0.049651 0.0858771 -0.0280226 
0.0330311 0.0850329 0.0607769 
0.0492279 0.087095 -0.0255859 
0.0481383 0.166333 -0.0591537 
0.0276879 0.124211 0.019049 
0.0496844 0.0875427 -0.0222612 
0.0443536 0.174349 -0.0134458 
0.0610823 0.110973 -0.0256065 
0.00988265 0.110669 0.0419595 
-0.0160799 0.133023 0.066181 
0.00128616 0.0802376 0.0203078 
0.0415834 0.185399 -0.0216402 
0.0573672 0.149265 -0.068944 
-0.00841435 0.088188 0.0644957 
0.00415906 0.083469 0.0315696 
0.00815005 0.0837554 0.0313362 
0.0109394 0.0555971 0.0422216 
0.0402221 0.0980842 0.00533184 
0.0555973 0.125105 -0.0172413 
0.0150928 0.0759657 0.0641211 
0.0562888 0.0892061 -0.0380607 
0.0434823 0.148521 -0.00864244 
0.0142693 0.0581573 0.023441 
0.0501804 0.0895375 -0.0265276 
0.0554397 0.150907 -0.0585285 
0.0140937 0.0590735 0.0569311 
5.28372e-05 0.0820084 0.0207073 
0.042018 0.188918 -0.0161348 
0.0467974 0.139403 -0.0211636 
0.040655 0.0685375 -0.00739055 
-0.0108251 0.0854075 0.0524143 
0.0412642 0.184735 -0.0197806 
0.00106872 0.0830586 0.0308947 
-0.00597227 0.0884846 0.0663304 
0.0018831 0.101778 0.028923 
-0.0041834 0.0901808 0.0672999 
0.0558159 0.122433 -0.0348469 
0.0224881 0.135311 0.0117203 
0.0552395 0.0928485 -0.0383675 
0.0404106 0.178778 -0.00615227 
0.0129188 0.144189 0.02171 
0.0534982 0.092911 -0.035894 
0.0271744 0.168879 -0.00266407 
0.0325078 0.167431 -0.0194489 
0.0222299 0.137681 0.011474 
0.0568548 0.125307 -0.0375015 
0.0588167 0.104803 -0.0307727 
0.0200602 0.130636 0.0205289 
0.0511926 0.0916467 -0.0311935 
0.0406025 0.16091 -0.0412051 
-0.00259558 0.104697 0.0678119 
-0.00136194 0.0845943 0.0207988 
0.019251 0.0600257 0.0265935 
-0.0020545 0.0852118 0.023437 
0.00194327 0.112282 0.0679775 
0.00214387 0.0875479 0.0322416 
0.0534142 0.0967307 -0.0325964 
0.055198 0.121737 -0.0325256 
0.0219968 0.129235 0.0186239 
0.0520742 0.0941564 -0.0319529 
0.0414112 0.162239 -0.043271 
-0.000860524 0.106029 0.0682759 
0.0521063 0.0923707 -0.0243937 
0.056153 0.117778 -0.0323616 
-0.00679638 0.0904558 0.0661485 
-0.0200767 0.135233 0.0684162 
0.0410768 0.0964658 0.00275804 
0.0549539 0.178055 -0.059068 
0.0086496 0.111708 0.0437494 
0.0403082 0.09914 0.00863498 
-0.011027 0.0907571 0.0555302 
-0.00927314 0.0924975 0.063804 
0.0553105 0.15075 -0.061011 
-0.00246269 0.118668 0.0595141 
-0.00753025 0.0924431 0.0658878 
0.0593618 0.1069 -0.0382889 
-0.00546905 0.0942046 0.0670736 
0.0568076 0.101452 -0.0346061 
0.041192 0.0759348 -0.0113364 
0.0552977 0.0982658 -0.0377777 
-0.013451 0.137207 0.0618518 
0.0535421 0.0959925 -0.0359071 
-0.00289233 0.122495 0.0619756 
0.0568603 0.0998041 -0.0300059 
-0.00249827 0.0893164 0.022725 
0.0120272 0.142316 0.0234534 
0.0544859 0.097113 -0.0293287 
0.0574419 0.122111 -0.0379884 
0.0310758 0.126951 0.00412328 
-0.00273551 0.0899451 0.0271707 
0.000650129 0.0917535 0.0323495 
0.00788426 0.119314 0.038407 
0.00198683 0.0934765 0.0328838 
-0.00819958 0.0945736 0.0653677 
0.0386704 0.101649 0.00578915 
-0.0046391 0.124338 0.0637479 
0.0489502 0.0834594 -0.0175353 
-0.00677332 0.105906 0.0577953 
0.0587175 0.102068 -0.0294777 
0.0407924 0.164257 -0.0404182 
-0.0025085 0.0912847 0.0219744 
0.0388271 0.104221 0.0121996 
-0.00960104 0.0957669 0.0548547 
0.0578933 0.112484 -0.0351899 
-0.00383892 0.113541 0.0637196 
-0.0106168 0.0950008 0.0593385 
-0.00904903 0.0976483 0.0632889 
0.0547645 0.169359 -0.00451629 
0.0328888 0.0603133 0.00440287 
-0.00392003 0.100026 0.0676773 
0.0347793 0.123462 0.00109957 
0.000104988 0.0986913 0.0254796 
0.0584744 0.104162 -0.0349147 
0.0285382 0.131254 0.00573435 
0.0255297 0.126636 0.0123395 
-0.00389458 0.0635629 0.0462564 
-0.00251396 0.0929181 0.0267543 
0.00484334 0.143558 0.0542934 
0.0503379 0.0691624 -0.0356912 
-0.00194711 0.0933626 0.0294795 
0.0414994 0.168901 -0.0438057 
0.00186231 0.0959986 0.0323341 
0.0404182 0.168166 -0.0398054 
0.0589997 0.116487 -0.0246774 
0.00812444 0.0768154 0.0304431 
-0.00185892 0.100746 0.0684508 
-0.0100337 0.0973307 0.0585691 
0.0549197 0.171954 -0.00183753 
0.0609246 0.105103 -0.0412852 
-0.000328807 0.102605 0.0685891 
0.0369329 0.107671 0.0126385 
0.0514831 0.0692521 -0.0327801 
0.0380891 0.106529 0.0137256 
0.0359385 0.112107 0.0163117 
0.0348077 0.184479 -0.00108256 
0.0242979 0.129656 0.0122013 
0.0147591 0.0552432 0.0245624 
0.00662581 0.100354 0.0319651 
-0.00848273 0.101722 0.0621327 
-0.00233793 0.095825 0.0683409 
0.0604841 0.108871 -0.0407114 
0.0491706 0.133404 -0.0236173 
-0.00522789 0.104188 0.0663618 
0.0292341 0.12266 0.0189814 
0.060039 0.118465 -0.0418481 
0.0362154 0.182788 0.00246512 
0.00832244 0.114725 0.0413237 
0.0622156 0.107889 -0.0438166 
-0.00125771 0.0917097 0.0680408 
0.000516398 0.099315 0.0287226 
0.00604387 0.145067 0.0385195 
0.00393495 0.102088 0.031262 
0.0408859 0.0737204 -0.00441923 
0.00310862 0.118578 0.0684418 
0.0372908 0.109104 0.015853 
0.0526407 0.126671 -0.0204914 
0.0640317 0.110244 -0.045636 
0.0613786 0.112194 -0.0246552 
0.0377237 0.109568 0.0170912 
-0.0034884 0.108091 0.0670447 
0.03676 0.1815 -0.00435395 
-0.00763443 0.102995 0.0570609 
0.00864227 0.0607628 0.0578687 
0.0349199 0.111144 0.0126492 
0.0146186 0.108324 0.0362646 
-0.00752254 0.10439 0.0614118 
0.043241 0.142951 -0.0259411 
0.0335761 0.0595552 0.00389952 
-0.00501249 0.110698 0.0635804 
0.0585753 0.113789 -0.0374427 
0.0600189 0.113282 -0.0408337 
-0.00144663 0.110089 0.0675939 
0.0326543 0.18698 0.00515541 
0.0272592 0.123689 0.0160686 
0.0634011 0.113613 -0.0450201 
0.0586123 0.108392 -0.0354908 
0.00381712 0.105027 0.0303936 
0.0132533 0.11089 0.0362397 
0.011615 0.111058 0.0389247 
0.0602051 0.117686 -0.0215422 
0.0140476 0.0678293 0.0677634 
0.0325325 0.115015 0.012405 
0.0334386 0.116019 0.0162848 
0.0596111 0.116975 -0.0408708 
0.00686652 0.114891 0.0439806 
0.0304134 0.121156 0.0185904 
-0.00303545 0.117346 0.0630563 
0.0578047 0.117946 -0.0374409 
0.0496079 0.169681 -0.0711498 
0.0571894 0.11938 -0.0241002 
0.0410017 0.066705 -0.0102725 
0.0581262 0.120722 -0.0205169 
0.00773329 0.112276 0.0463092 
-0.00191211 0.114049 0.0664322 
-0.0101367 0.0751871 0.0508983 
0.0582788 0.114601 -0.0278344 
0.00383566 0.110697 0.02769 
0.0552566 0.172968 0.00240014 
0.0530791 0.126585 -0.0294791 
0.0100791 0.0571663 0.053541 
0.00479593 0.112087 0.0298995 
0.00615798 0.115188 0.0478845 
0.0536638 0.177256 -0.0616676 
0.00106135 0.116111 0.0675866 
0.0446542 0.14551 -0.00933354 
0.00958256 0.114835 0.0387654 
0.058144 0.12228 -0.0180214 
-0.00940936 0.0806538 0.048619 
-0.00224511 0.093853 0.0226857 
0.054394 0.12296 -0.0243498 
0.0552689 0.123842 -0.0201383 
0.0487703 0.164424 -0.0665022 
0.0441456 0.143782 -0.0179314 
0.00606704 0.114584 0.0304918 
0.042604 0.161457 -0.0479271 
0.0450358 0.147756 -0.00699903 
0.0058805 0.116915 0.0505218 
0.0349263 0.120553 0.00139024 
0.0196855 0.139205 0.0146319 
0.0525123 0.0617298 -0.0337331 
0.00468495 0.118881 0.0478444 
0.00520492 0.119727 0.0509939 
-0.00205065 0.117295 0.0652683 
0.00407528 0.114502 0.0280901 
0.0419516 0.175999 -0.0187459 
0.0597332 0.146842 -0.0749596 
0.0404637 0.079379 0.0655388 
0.00474392 0.115222 0.0288856 
0.0300189 0.170194 -0.0148097 
0.054689 0.146081 -0.0603206 
0.0058818 0.116853 0.0290567 
0.0129595 0.153676 0.0359162 
0.00177387 0.060781 0.0550939 
0.00278628 0.120861 0.068576 
0.0323069 0.120749 0.00451821 
-0.00899698 0.100383 0.0581477 
-0.00266365 0.119536 0.0621297 
0.0628975 0.154984 -0.0718269 
0.028041 0.122691 0.0116501 
