-0.054484 0.1937 -0.0194186 
-0.0550578 0.191647 -0.0182237 
-0.0234864 0.185089 -0.0247407 
-0.0572279 0.189383 -0.0176634 
-0.0580807 0.189133 -0.0139002 
-0.0252707 0.183113 -0.0217552 
-0.0584099 0.186202 -0.0150913 
-0.0342619 0.179575 -0.021402 
-0.0299563 0.180797 -0.0204792 
-0.0331616 0.180283 -0.0164885 
-0.0543213 0.187909 0.00539744 
-0.0608183 0.174299 -0.0301091 
-0.0412329 0.176369 -0.0169386 
-0.0406655 0.176945 -0.0145385 
-0.0524066 0.184873 0.00253462 
-0.0675946 0.171459 -0.0312914 
-0.0446788 0.175522 -0.0160252 
-0.044078 0.175915 -0.0143353 
-0.0616146 0.171419 -0.0260545 
-0.0474435 0.17491 -0.0160025 
-0.0605006 0.184193 0.0100616 
-0.0620848 0.179001 0.000672043 
-0.0610709 0.170417 -0.0275035 
-0.0699117 0.168917 -0.0292479 
-0.062073 0.169314 -0.024853 
-0.0598399 0.171099 -0.0158269 
-0.0535784 0.174311 -0.00860945 
-0.0546715 0.180508 0.00439359 
-0.0544926 0.180576 0.00643004 
-0.0449243 0.177407 0.00568216 
-0.0624161 0.166562 -0.0257627 
-0.062026 0.168923 -0.0186547 
-0.0446961 0.162368 -0.0286172 
-0.0325886 0.173156 0.00240318 
-0.0317113 0.173646 0.00400136 
-0.0529048 0.188994 0.00367149 
-0.0536829 0.163612 -0.0213724 
-0.0586895 0.165856 -0.0189644 
-0.0541892 0.17099 -0.00516285 
-0.0538762 0.17256 -0.000573608 
-0.0491926 0.170294 0.00125021 
-0.0366572 0.170622 0.00286914 
-0.0355601 0.17105 0.00484942 
-0.0394196 0.170242 0.00611063 
-0.0516749 0.167417 -0.00334191 
-0.0517472 0.168456 -0.000430511 
-0.0511998 0.156392 -0.0295901 
-0.0493549 0.157381 -0.0284435 
-0.0435314 0.155794 -0.0254428 
-0.0476301 0.158351 -0.0251312 
-0.0534523 0.160519 -0.0187555 
-0.0533807 0.16227 -0.014457 
-0.0611985 0.177077 -0.0321159 
-0.0477995 0.163314 -0.0106799 
-0.0381853 0.166951 0.00397395 
-0.0342211 0.165487 0.00559138 
-0.0467646 0.153643 -0.0213896 
-0.0518237 0.155814 -0.0164351 
-0.0462919 0.148738 -0.0271934 
-0.0554445 0.166305 -0.0142322 
-0.0417194 0.150894 -0.0278677 
-0.050089 0.153402 -0.0175905 
-0.0443818 0.155786 -0.00956228 
-0.0485307 0.160362 -0.00200638 
-0.045386 0.148543 -0.0245112 
-0.0334662 0.159138 0.0078964 
0.0147027 0.157277 0.000300636 
0.0248771 0.157649 0.0035031 
-0.0448343 0.148832 -0.0225395 
-0.0464453 0.155219 -0.00323778 
-0.0463697 0.155409 -0.00266627 
-0.0390662 0.159432 0.0105886 
0.0252502 0.155829 0.00367463 
-0.0485487 0.14727 -0.0252308 
0.00539423 0.15414 -0.00113765 
0.0141261 0.153992 -4.2867e-05 
-0.0482316 0.151098 -0.0106786 
-0.0416012 0.157202 0.0108224 
0.019175 0.152445 -0.000153891 
-0.0416694 0.155261 0.0117319 
0.031179 0.154476 0.00437658 
-0.0520315 0.143692 -0.0223191 
0.015122 0.149015 -0.00439497 
0.0221987 0.149541 -0.00169275 
0.0286945 0.152188 0.00295578 
0.0342682 0.153187 0.00572394 
-0.0405105 0.148912 -0.00558192 
-0.0625165 0.168539 -0.0274827 
-0.0401197 0.147728 -0.0054926 
0.0253556 0.148774 -0.000321244 
-0.0445078 0.139529 -0.0229698 
-0.0449189 0.140727 -0.0205837 
-0.0478033 0.143337 -0.0194359 
0.0297982 0.148392 0.00193303 
-0.0486044 0.139598 -0.0169566 
0.0360984 0.149352 0.00630779 
-0.0438874 0.137472 -0.0221838 
0.0377284 0.145719 0.00602215 
0.0401471 0.148607 0.00844192 
0.0433048 0.147812 0.0106988 
0.0435087 0.148752 0.011736 
0.0332148 0.149947 0.0184122 
-0.0435608 0.151828 -0.0236373 
0.0695926 0.151524 0.0247866 
0.0826984 0.151345 0.0282727 
-0.0496212 0.14124 -0.00942432 
-0.0509277 0.140607 -0.0109154 
0.03429 0.148536 0.0192349 
0.00663688 0.136775 -0.00876419 
0.0709473 0.148339 0.0249486 
0.0178223 0.138225 -0.00733967 
-0.0518132 0.145015 -0.0229452 
0.0234881 0.13872 -0.0056057 
-0.0478512 0.146837 -0.0209716 
0.0284081 0.138266 -0.00371127 
0.034198 0.140152 -8.16582e-05 
0.039215 0.141582 0.00536794 
0.0449329 0.143375 0.0110136 
0.0468578 0.144097 0.0139055 
0.0827583 0.149439 0.0305995 
-0.0395874 0.15157 -0.0279566 
-0.0558342 0.135761 -0.0105218 
0.0608895 0.143082 0.0190942 
0.0620622 0.145222 0.0203176 
0.0725525 0.145358 0.0228069 
0.0795686 0.146765 0.0259715 
0.0823015 0.148286 0.0282099 
0.0812076 0.146775 0.0313092 
-0.0636858 0.133446 -0.0125743 
-0.0596831 0.130778 -0.00904144 
0.0146252 0.132408 -0.00663393 
0.0113864 0.143731 -0.00723344 
0.0149288 0.130071 -0.00605989 
-0.0425205 0.166907 0.00298124 
0.0231189 0.133055 -0.00510954 
0.0209632 0.0379125 0.00931939 
0.0129767 0.0727726 0.013161 
0.0687779 0.0980516 0.0539717 
-0.0883434 0.0791716 0.00334677 
-0.0490047 0.156232 -0.0116187 
0.0162378 0.0751151 0.012861 
0.0691229 0.0989087 0.0544309 
0.0305209 0.0812544 0.0309059 
0.0663447 0.09709 0.0669085 
-0.0424251 0.0676973 0.00836983 
-0.0480878 0.160333 -0.0293356 
0.0266647 0.0750754 0.0160253 
-0.047722 0.161925 0.00200654 
0.0296093 0.0775703 0.027423 
0.0311101 0.082627 0.0366521 
0.0135414 0.0721618 0.0137132 
0.0295339 0.0796259 0.0355427 
0.032646 0.0838923 0.0414547 
0.0612939 0.100488 0.0380684 
0.0501706 0.127414 0.0155907 
-0.0347634 0.0705021 0.0125597 
-0.00285908 0.115959 -0.00111919 
-0.0567699 0.182786 0.00173308 
0.0119856 0.071197 0.0135361 
0.030023 0.0798235 0.0394962 
-0.0365246 0.0668642 0.0142865 
-0.0436284 0.0634764 0.00797746 
0.0520386 0.13421 0.0170333 
-0.0397084 0.06484 0.0123885 
0.0302416 0.0758974 0.0215475 
-0.0377881 0.0640037 0.0158585 
0.0233003 0.0693316 0.0146841 
-0.0704004 0.0617163 0.00732006 
0.0272949 0.0699347 0.0166735 
0.0295319 0.0785896 0.0317083 
0.0303104 0.0698261 0.0192972 
-0.0411299 0.157142 0.00771417 
0.0315407 0.0731511 0.0319154 
0.0459295 0.138511 0.0113746 
0.00599367 0.132067 -0.00784611 
-0.0879178 0.0771632 0.00263418 
0.0301446 0.0790306 0.0474899 
-0.0420218 0.0601905 0.010213 
-0.0501811 0.144214 -0.0134787 
0.0647578 0.120768 0.0280136 
0.0233485 0.152652 0.00122432 
0.0293196 0.0728151 0.0361107 
0.0221971 0.0438754 0.0073709 
0.0302873 0.0789812 0.0257243 
0.0318344 0.0716866 0.0222485 
0.0408779 0.0557529 0.0346808 
0.0407202 0.124391 0.00329871 
-0.0386033 0.0620644 0.0165661 
0.0733349 0.125273 0.0317537 
0.0691088 0.102307 0.0529917 
0.0304296 0.117742 0.000685942 
0.0676853 0.138858 0.019554 
-0.0493085 0.0564126 0.00764395 
0.012239 0.0611452 0.00901184 
0.0342612 0.0694288 0.0291177 
-0.0582119 0.176151 -0.00191993 
0.0616959 0.081178 0.0548328 
0.0479775 0.0449533 0.0433094 
0.0341533 0.0773165 0.0538292 
0.0803846 0.132011 0.0299983 
-0.0487667 0.0533171 0.00618117 
0.0450972 0.104876 0.0172503 
0.0442674 0.118687 0.00747461 
-0.073922 0.0631115 0.0058291 
0.0291924 0.0750027 0.0429066 
-0.0585454 0.186782 -0.0127855 
-0.0499601 0.14944 -0.0151189 
0.0496995 0.0631111 0.08287 
0.035612 0.0676462 0.0344684 
0.0612992 0.113341 0.0267779 
0.0309319 0.0732201 0.0455742 
0.0581524 0.0795135 0.0829978 
0.0793524 0.142709 0.0279879 
0.0127132 0.0716855 0.0136505 
-0.0769357 0.0641128 0.00436136 
-0.044033 0.069005 0.00658647 
0.0185907 0.133042 -0.00632354 
-0.00103529 0.118706 -0.00277895 
0.052394 0.0465319 0.0490741 
0.0214882 0.0610765 0.0185325 
-0.0427299 0.162515 -0.0313953 
-0.0517653 0.157261 -0.0142834 
0.0215651 0.0761199 0.0141461 
-0.0146837 0.0963598 0.00577706 
-0.0245643 0.0816428 0.00947887 
0.0304358 0.0658374 0.0206012 
-0.0427093 0.148126 -0.00735185 
0.0634253 0.0784126 0.0616141 
0.0635641 0.0831227 0.0762281 
0.0422849 0.0976804 0.0257086 
0.0586482 0.105808 0.0315224 
-0.0475345 0.0518088 0.00712517 
0.0485252 0.111888 0.0208361 
-0.0558767 0.134574 -0.0162678 
-0.0463048 0.0527777 0.00921636 
0.0337951 0.0692855 0.0462573 
0.0536147 0.0675947 0.0824309 
0.0408715 0.0634574 0.0414238 
-0.0420684 0.0632275 0.00943847 
0.012603 0.0638662 0.0161895 
0.0205683 0.0579816 0.015833 
0.0299575 0.140873 -0.0025327 
0.0351145 0.0621223 0.0280118 
0.0385511 0.112507 0.00494699 
-0.0494955 0.166801 -0.0097183 
0.0615493 0.0867763 0.0519073 
0.0638378 0.14249 0.0198983 
-0.042636 0.0789973 0.00590314 
0.0626938 0.0787946 0.0766064 
0.0146346 0.0618577 0.0133241 
0.0630072 0.0757802 0.0686267 
0.0295036 0.0764672 0.0290386 
0.0362853 0.0899535 0.0185116 
-0.0694291 0.0587628 0.00770632 
0.0630922 0.133602 0.0178782 
0.0156331 0.157923 0.00189419 
0.0546933 0.069753 0.0572103 
0.0538689 0.0569539 0.0509706 
0.0161726 0.0495727 0.0070053 
0.0617482 0.0746922 0.0743267 
0.0174748 0.0522576 0.00978071 
0.0176568 0.0828948 0.0103946 
0.0807967 0.13911 0.0276053 
0.0351629 0.0734663 0.0535079 
0.0356533 0.0666868 0.0297196 
0.0653435 0.109333 0.0551099 
0.0554432 0.0611028 0.0673181 
0.0151046 0.0528565 0.00635917 
0.0400757 0.129702 0.00263324 
0.0390513 0.0977094 0.013446 
0.0235286 0.127808 -0.00357554 
0.0171253 0.0365618 0.00715378 
0.0631701 0.129815 0.0179207 
0.0320922 0.0732182 0.0274248 
0.0331425 0.0872191 0.0169531 
0.0658187 0.100827 0.0422872 
0.0172854 0.0359762 0.00832373 
0.0481406 0.0483931 0.0420005 
0.0214795 0.0640943 0.0173424 
0.0199418 0.0510583 0.0119751 
0.0482049 0.115491 0.0149819 
0.0511671 0.0690129 0.0511755 
0.0842494 0.13661 0.0296339 
-0.0517863 0.188399 0.0018458 
0.0269503 0.06089 0.0206573 
0.0514079 0.0659984 0.0503558 
0.0523305 0.0600748 0.0733458 
0.0723356 0.134279 0.0210714 
0.0631343 0.117281 0.0408984 
0.0270224 0.0647287 0.0185989 
0.0623848 0.0755641 0.0608216 
-0.0819302 0.0679298 0.00228588 
-0.0472191 0.161446 -0.0266532 
-0.0417367 0.152278 -0.00629761 
-0.0129566 0.0981929 0.00629015 
-0.0230853 0.184893 -0.0242155 
0.0301275 0.056481 0.0177493 
-0.0481136 0.14587 -0.00947773 
0.0254654 0.0493033 0.0129708 
-0.0524307 0.145396 -0.0244013 
0.0646384 0.0793265 0.066796 
0.0287318 0.081003 0.017607 
0.0373048 0.0899817 0.0223441 
0.0232952 0.156783 0.00163321 
0.0290511 0.0759689 0.0333714 
0.0469435 0.0530125 0.0410633 
0.0686064 0.0911336 0.0593345 
0.032347 0.0751011 0.0505268 
0.0423554 0.132692 0.00530311 
0.0504964 0.0456835 0.0462244 
0.033377 0.0702154 0.034434 
0.0413099 0.118629 0.00469822 
0.0554919 0.0517491 0.0517224 
0.0469624 0.0553778 0.0746732 
0.0429363 0.0628583 0.0472336 
-0.0619048 0.170023 -0.0180611 
-0.0492314 0.0550108 0.00642172 
-0.0332836 0.0842136 0.00574764 
0.0673447 0.088229 0.057816 
0.0564166 0.0672545 0.0580412 
-0.0417636 0.0749637 0.00854009 
0.0739473 0.129383 0.0248103 
0.0446608 0.0443841 0.0399875 
0.0326066 0.0684453 0.0429459 
0.0569894 0.0628469 0.0573032 
0.0647067 0.0811453 0.0720453 
0.0641542 0.0883641 0.075021 
0.0688637 0.0949577 0.0607873 
0.00817372 0.0461995 0.00758857 
0.0361464 0.143166 0.00314124 
0.0401857 0.059943 0.0353607 
0.0620735 0.0886907 0.0778723 
0.0552079 0.0630677 0.0724322 
-0.0424229 0.159192 0.0137833 
0.0380044 0.122976 0.00189635 
0.0552368 0.0739247 0.0847163 
0.0589817 0.133116 0.0173253 
0.0578644 0.0537569 0.0576282 
-0.0371317 0.16185 0.00496428 
0.0378491 0.0504307 0.0291069 
0.0621212 0.0955771 0.0432194 
0.0607099 0.0764379 0.0572162 
0.0641644 0.0933465 0.0729847 
0.0518823 0.0549761 0.0476359 
0.0576299 0.0584944 0.057049 
0.0686002 0.0918811 0.0617691 
0.0637631 0.121876 0.0209355 
0.0240873 0.0400661 0.0106649 
0.0569811 0.0674324 0.0761116 
0.0569017 0.0520499 0.0543874 
0.0563369 0.0527248 0.062392 
0.0292139 0.0737178 0.0393066 
0.0600329 0.0843193 0.0811219 
0.0502769 0.0504568 0.0455185 
0.0564937 0.0506647 0.0585875 
0.0427561 0.0519908 0.0349287 
0.0628386 0.097718 0.0718869 
0.0414498 0.137181 0.00543051 
-0.0205507 0.18693 -0.0235487 
0.0268459 0.0567029 0.0164067 
0.0398186 0.0940951 0.0204384 
-0.0274163 0.093837 0.00232468 
0.0242658 0.0411695 0.0142669 
0.0489012 0.0597392 0.0789656 
0.0557377 0.059288 0.054392 
0.0528911 0.0498804 0.0480462 
0.0566928 0.0687758 0.0792648 
0.0768235 0.144976 0.0241561 
0.0527532 0.0579293 0.0677994 
0.0775216 0.141079 0.0242813 
-0.0402275 0.0699089 0.0102533 
0.068126 0.0898608 0.0635166 
-0.0571666 0.174844 -0.00533398 
0.0592651 0.0673149 0.0648444 
0.0691059 0.141537 0.0203852 
0.0653785 0.0833315 0.0597642 
-0.0532632 0.143857 -0.0229398 
0.0819484 0.135755 0.0272744 
0.0576343 0.0554316 0.0615752 
0.0306659 0.0712426 0.040548 
-0.0296826 0.181653 -0.0172819 
0.0135585 0.060542 0.0101558 
0.0463112 0.0569427 0.0786813 
0.0559326 0.071415 0.0825205 
-0.0515658 0.141806 -0.0130915 
0.0719487 0.122012 0.0301974 
0.0382352 0.065606 0.0414525 
-0.0552984 0.0422528 0.00750751 
0.057696 0.0654436 0.0601632 
0.0782379 0.130639 0.0272014 
-0.0757693 0.0674712 0.00544509 
0.0262586 0.0813943 0.014545 
-0.0416029 0.168116 0.0063706 
-0.0810164 0.066324 0.00268359 
0.0493219 0.0560127 0.0695345 
0.0634992 0.0977005 0.070894 
0.0496998 0.0576615 0.0737835 
0.0284847 0.14486 -0.00126997 
0.035524 0.0879543 0.0259168 
0.0351617 0.0654748 0.0271722 
-0.0536683 0.138655 -0.0122625 
0.0436628 0.108635 0.01101 
0.0458609 0.0475313 0.0388505 
-0.0463497 0.159447 -0.0100161 
-0.0184223 0.0917164 0.00588017 
-0.0499348 0.164548 -0.00340142 
0.0617896 0.0831689 0.0788723 
0.0167352 0.0353063 0.00937924 
0.0419668 0.100314 0.015098 
0.0373875 0.126848 0.000899313 
-0.0426095 0.162274 0.00365233 
0.0406672 0.0502274 0.0320471 
0.0273375 0.0471363 0.0181353 
-0.0617638 0.176882 -0.0327681 
-0.0445831 0.162358 -0.0091487 
0.0634709 0.0823754 0.055962 
0.0310056 0.0582405 0.0209393 
-0.0312483 0.0729161 0.0122901 
0.0259377 0.0457232 0.0133418 
-0.0479476 0.174761 -0.0135341 
-0.0169748 0.096435 0.00362624 
0.0451945 0.0442636 0.0407193 
0.0362196 0.0673172 0.0478628 
0.0208984 0.0404511 0.00624624 
0.0504911 0.0587242 0.0483784 
0.0381781 0.152842 0.00786557 
0.0438404 0.12422 0.00610545 
0.0448467 0.0523294 0.0693641 
0.0323371 0.0499972 0.0238948 
0.00656453 0.157141 -0.00110851 
0.039087 0.0469317 0.0322053 
0.0579144 0.109157 0.0280758 
0.0384601 0.0579548 0.0326513 
0.0625819 0.0931663 0.0754888 
0.0492 0.0555545 0.0448268 
0.0463597 0.0538886 0.0703333 
0.0670447 0.0918416 0.0684562 
0.0546181 0.0641205 0.054395 
0.0556317 0.0497599 0.0590089 
-0.0310753 0.162628 0.00773194 
0.043582 0.136098 0.00790518 
0.0582276 0.0606039 0.0610152 
0.0573074 0.063621 0.0662135 
0.0476693 0.141761 0.0145257 
0.0598523 0.118609 0.0211771 
0.0124228 0.0573617 0.00935172 
0.066404 0.0865314 0.070257 
0.0367038 0.0894758 0.0355149 
-0.0433333 0.0779858 0.00468545 
0.0324276 0.0609284 0.0255684 
-0.0329653 0.179269 -0.0186193 
0.0332421 0.0964524 0.00943959 
0.0169799 0.149755 -0.0025213 
-0.00150184 0.114795 0.00101672 
0.0645503 0.126634 0.0187852 
0.0427425 0.139865 0.00862227 
0.0423652 0.0589939 0.0384149 
0.0521935 0.0625066 0.0508446 
-0.0398692 0.0613056 0.0139026 
0.0183026 0.0479058 0.00935624 
-0.0226828 0.0862953 0.00710893 
0.0495563 0.0616908 0.0487901 
0.0297124 0.0493615 0.0197842 
0.0407642 0.107477 0.00849711 
-0.0381086 0.158565 0.00680429 
0.0404619 0.0476572 0.0329175 
-0.0110791 0.106894 0.000433081 
0.0329536 0.0539954 0.022171 
-0.0449275 0.176397 0.00600689 
-0.0792193 0.0644244 0.00341103 
-0.0859386 0.0794607 0.00529563 
-0.0451155 0.138609 -0.0198058 
0.0303897 0.052475 0.0182695 
0.0302434 0.0792478 0.0437896 
0.0335453 0.0857973 0.0293991 
0.0367239 0.0552791 0.0281523 
0.0149497 0.0561848 0.010765 
0.0616391 0.122952 0.0193298 
0.0235935 0.145946 -0.00309166 
0.0163882 0.128605 -0.00482275 
0.0635595 0.115767 0.0442821 
0.0219138 0.0802569 0.0123426 
-0.0790154 0.0686428 0.00381588 
0.0190487 0.0475858 0.0107224 
0.0176605 0.0467265 0.00840718 
0.0432692 0.0469939 0.0363092 
0.062996 0.0791906 0.057735 
0.0513262 0.0640551 0.0822712 
0.0445702 0.0987775 0.0359616 
-0.0435249 0.151271 -0.00823619 
0.0369837 0.0703176 0.0521514 
0.0340672 0.0485015 0.0277892 
0.045173 0.131204 0.00857888 
0.0191046 0.0386187 0.00664605 
0.0378843 0.0652868 0.0488958 
0.0593717 0.0709138 0.0754986 
0.0583743 0.0727667 0.0801825 
0.0519939 0.0620404 0.0782387 
0.0232923 0.0380694 0.0133912 
0.0548274 0.0650437 0.0774609 
0.0607109 0.0776124 0.0792975 
0.0547345 0.0480953 0.0537197 
0.0412172 0.0972575 0.0173977 
0.0161045 0.0629459 0.0170843 
0.0648102 0.11324 0.0480057 
0.0703789 0.149983 0.0261048 
0.0571756 0.0655345 0.0712434 
-0.033327 0.0803217 0.00758244 
-0.0537109 0.169038 -0.0109693 
0.0648068 0.0872159 0.0537218 
0.0617804 0.073162 0.0684997 
0.0289817 0.0769427 0.0381645 
0.040027 0.0533657 0.0314861 
0.0340366 0.146802 0.00382543 
0.062695 0.099028 0.0403237 
0.0383652 0.0646543 0.0361341 
-0.0601355 0.13342 -0.0108427 
0.0668304 0.0848254 0.0650118 
0.0124383 0.073761 0.0124734 
0.0277213 0.0910622 0.00962909 
0.0371993 0.0626327 0.0310821 
0.0631715 0.118163 0.03719 
0.0592376 0.07151 0.0591224 
0.0614851 0.0724366 0.0632156 
0.068395 0.0960269 0.0633837 
0.0626243 0.10896 0.0320068 
-0.0556562 0.13688 -0.016894 
-0.0455463 0.0575611 0.00869107 
-0.0189905 0.0877336 0.00873661 
-0.0065342 0.112754 -0.000975499 
-0.0455438 0.154053 -0.00266331 
0.0682922 0.0922666 0.054913 
-0.0586066 0.17913 0.00258467 
0.066046 0.0918673 0.0509872 
-0.0414927 0.164499 -0.0326486 
-0.0310508 0.176143 0.00322495 
-0.0498518 0.161173 -0.011641 
0.0623351 0.0899175 0.0492629 
-0.042759 0.0713512 0.00771936 
-0.0291774 0.0760079 0.0110819 
0.0227749 0.142633 -0.0050501 
0.00607254 0.127864 -0.00610355 
0.0400078 0.0929124 0.0377931 
0.0510682 0.116099 0.0226611 
0.0348477 0.0871068 0.0395155 
0.0591941 0.131025 0.0171901 
0.0338446 0.0869968 0.0346456 
-0.0516882 0.165273 -0.0117844 
0.032906 0.0839663 0.0240638 
0.062416 0.117809 0.0240205 
0.0344059 0.071509 0.0502077 
0.0312455 0.0829433 0.0196029 
0.0245197 0.0434893 0.00925403 
-0.0259462 0.0779535 0.0112837 
-0.042803 0.0749914 0.00692506 
-0.0825713 0.0704334 0.00240958 
0.000459843 0.130804 -0.00817823 
0.0340165 0.106957 0.00529069 
0.03706 0.0897923 0.0388742 
0.0374984 0.139147 0.0020843 
0.0504789 0.112557 0.0244718 
0.0178483 0.0795772 0.0113364 
0.0640005 0.0929393 0.0472066 
0.0225953 0.0886543 0.00913183 
-0.0809155 0.0728472 0.00402992 
0.0121952 0.132846 -0.00739269 
0.0688745 0.0940829 0.056974 
-0.0842891 0.0744629 0.00308302 
0.0133848 0.0749797 0.0122372 
0.0322435 0.0916545 0.0115925 
0.0829243 0.151701 0.0293616 
0.065277 0.102035 0.0646285 
0.0482754 0.12053 0.0134125 
0.0678752 0.0970558 0.0491849 
-0.0046538 0.112375 0.00094583 
0.0652029 0.0963875 0.0450005 
0.0375006 0.0932968 0.0160696 
-0.0273142 0.0805557 0.00871279 
0.0309951 0.0876739 0.013567 
-0.023196 0.0818056 0.0101738 
-0.0417946 0.0787238 0.00730477 
0.0386204 0.0926052 0.0329046 
0.064747 0.110134 0.0345756 
0.0497676 0.116947 0.0191322 
0.0325541 0.144182 0.000485216 
0.0331327 0.0663102 0.0240513 
0.0375815 0.0910808 0.0276603 
0.0647252 0.120445 0.0251824 
-0.063788 0.173606 -0.0315826 
0.0350834 0.0873231 0.0219796 
0.0298859 0.0843329 0.0155972 
0.0630374 0.0771972 0.0734071 
-0.0080967 0.104739 0.00532955 
0.0228032 0.0530048 0.0144049 
0.0275616 0.0859809 0.0123531 
0.0224873 0.085364 0.0102821 
-0.0854007 0.0781896 0.00543502 
-0.0863652 0.0786005 0.00409937 
0.0150968 0.135 -0.00771851 
0.0417458 0.0952118 0.0341316 
-0.0156715 0.110767 -0.00263768 
-0.0879795 0.0807569 0.0047132 
0.0387827 0.072435 0.0553985 
0.0646293 0.105456 0.0621248 
0.0500424 0.132654 0.0146436 
0.0167304 0.057824 0.0137273 
0.0664815 0.105811 0.057846 
-0.0051808 0.121891 -0.00552253 
0.0682656 0.102443 0.0473592 
-0.0107384 0.102284 0.00454609 
-0.0267103 0.0853672 0.00610384 
0.0434133 0.098354 0.0314593 
0.0636932 0.114222 0.030206 
0.0416671 0.0721117 0.0565592 
0.0407495 0.0956671 0.0303299 
0.0405521 0.0949894 0.0261951 
0.0346309 0.0914706 0.0140417 
0.041822 0.0968117 0.0214342 
-0.0339986 0.0753992 0.00983168 
-0.0167025 0.091716 0.00751005 
-0.0217274 0.0905205 0.0049161 
-0.0487177 0.166676 0.00130788 
0.0665475 0.109298 0.050791 
0.0663844 0.105725 0.0403139 
0.0644786 0.105506 0.0367862 
0.0614524 0.104396 0.0347058 
-0.00527224 0.12547 -0.00683246 
0.0464617 0.109585 0.0151845 
-0.0271066 0.0905627 0.00371248 
0.0461151 0.102067 0.0340978 
-0.0328579 0.161726 0.00597874 
0.0456976 0.102534 0.0290091 
0.0445575 0.101506 0.0241942 
0.0431541 0.0999163 0.018952 
-0.0365512 0.178652 -0.0154171 
0.0356467 0.0947799 0.0119465 
0.0151526 0.136515 -0.00823142 
0.0479078 0.103698 0.0330369 
0.0677342 0.107441 0.0457121 
0.0286527 0.095943 0.00787966 
0.0625334 0.0754979 0.0649901 
0.0429217 0.103811 0.0132413 
0.0480227 0.10471 0.030325 
-0.0363537 0.177962 -0.0187283 
-0.0588975 0.176253 0.0035877 
0.0364682 0.098488 0.010227 
0.0615864 0.127611 0.0179756 
-0.0533996 0.172881 -0.011881 
-0.0209746 0.0956828 0.00240895 
0.06623 0.111176 0.0386456 
0.0500796 0.121968 0.0170753 
0.0151388 0.147214 -0.00524244 
0.00726662 0.125822 -0.00449134 
0.0601097 0.108913 0.0295542 
0.0488125 0.10819 0.0272541 
0.0468456 0.105802 0.0262472 
0.0465141 0.105878 0.0222772 
-0.072364 0.0592491 0.00625632 
0.0399943 0.102414 0.0108221 
0.034576 0.112646 0.00339694 
-0.0407222 0.154488 -0.0290263 
0.0373215 0.102252 0.00863104 
0.0336756 0.101594 0.00727744 
0.0295628 0.10121 0.00644795 
0.0363555 0.0754999 0.0552361 
0.0796432 0.144427 0.031545 
0.0439585 0.0611573 0.0431019 
-0.0127852 0.102385 0.00232461 
0.0468555 0.0590364 0.0447718 
-0.016002 0.101427 0.00115024 
0.06605 0.112516 0.0438188 
-0.0207698 0.0998497 0.000684993 
-0.0441191 0.0740345 0.00520933 
-0.00688541 0.108319 0.00297951 
0.0642812 0.115746 0.0413136 
-0.0578996 0.18619 0.00802269 
0.0506209 0.0665466 0.0495253 
0.0821403 0.131022 0.0309935 
0.0648568 0.115507 0.0366124 
0.064424 0.114978 0.0328592 
0.0583263 0.111879 0.0255987 
0.0611547 0.0890823 0.0788477 
0.0473161 0.109162 0.0190037 
0.0380719 0.107226 0.00672375 
-0.0430988 0.157522 -0.00807173 
0.0288967 0.0775963 0.0199763 
0.0477238 0.112127 0.0167103 
-0.0582595 0.167744 -0.0164779 
-0.00907155 0.106031 0.00284209 
0.0690557 0.0989403 0.0586968 
0.0747967 0.135697 0.0223163 
0.0351545 0.0531171 0.0250282 
-0.0152564 0.106337 -0.0009347 
0.0580934 0.105696 0.0312119 
0.0623263 0.12075 0.0346827 
0.0638102 0.119262 0.0303254 
0.0529523 0.0684656 0.0531445 
0.0466753 0.114766 0.0124485 
0.0431814 0.129235 0.00537598 
0.0412103 0.144082 0.00857645 
0.0441582 0.113573 0.00920142 
0.0408823 0.0623864 0.0378731 
0.0410295 0.112811 0.00660988 
-0.0503812 0.158746 -0.0211342 
0.0294439 0.112713 0.0024646 
-0.0575172 0.136845 -0.0188235 
-0.0207532 0.0855376 0.00902706 
0.0271071 0.0523232 0.0157935 
-0.0103763 0.111453 -0.00185622 
0.0723385 0.124898 0.0280804 
0.0686979 0.122839 0.0265303 
0.0291379 0.077246 0.0419469 
0.0669427 0.123943 0.0229752 
0.0467393 0.120173 0.0107655 
0.0386254 0.118011 0.00333614 
0.0679742 0.149812 0.022538 
0.0818236 0.128184 0.032389 
0.0684064 0.104591 0.0525797 
0.0340371 0.117644 0.0017332 
0.0804045 0.127198 0.031197 
0.0352105 0.0512275 0.0256739 
0.0498675 0.138869 0.0160442 
0.0783298 0.127138 0.0293013 
0.000546353 0.117756 -0.00061917 
0.0333434 0.133344 -0.00198577 
-0.00508033 0.117321 -0.00324574 
0.028899 0.13356 -0.00356562 
-0.00985364 0.116505 -0.00410987 
0.0706108 0.12681 0.0242275 
0.0645073 0.12517 0.0192743 
0.0686444 0.146113 0.021422 
0.0595554 0.0691483 0.0702355 
0.0715118 0.12977 0.0225097 
0.0676993 0.128529 0.0199476 
0.0482273 0.125064 0.0125903 
0.0463788 0.125699 0.0096277 
0.0247644 0.0436496 0.0175246 
0.00433232 0.119702 -0.000383855 
-0.0398385 0.160156 0.013248 
0.0343858 0.123124 0.000331454 
0.0300537 0.122963 -0.00084966 
0.0062727 0.122663 -0.00255882 
0.0488623 0.138092 0.0140803 
0.0569955 0.0758266 0.083573 
0.0476873 0.108475 0.0229072 
0.00238691 0.120788 -0.00253816 
0.00922072 0.137973 -0.00854058 
0.000409808 0.12223 -0.00440265 
0.0247858 0.123284 -0.00140921 
-0.0105268 0.119876 -0.00550165 
0.0590028 0.12938 0.0171524 
0.0102991 0.124299 -0.00257476 
0.0121403 0.140161 -0.00821154 
0.00443021 0.124048 -0.00437064 
0.0679122 0.101273 0.0602256 
0.0786026 0.135761 0.0248367 
0.0676463 0.134035 0.0191302 
0.0618856 0.0918335 0.0470369 
0.0445069 0.0548188 0.0390064 
0.0472268 0.133083 0.0118591 
0.059007 0.131799 0.0170559 
0.034386 0.128409 -0.000862063 
0.0529668 0.0707498 0.0853906 
0.0295016 0.128094 -0.00244405 
-0.0569787 0.171745 -0.0137848 
0.0182742 0.147104 -0.00435087 
0.0106952 0.127129 -0.00454039 
0.0188174 0.143566 -0.00631209 
0.041808 0.0951765 0.0368914 
0.000417637 0.126653 -0.00658417 
-0.0568125 0.170084 -0.0133402 
0.0156759 0.158741 0.0025509 
0.0365073 0.130635 0.000249198 
0.00950293 0.14232 -0.00862258 
0.0100656 0.128971 -0.00592434 
0.0734704 0.140714 0.022015 
0.071132 0.137996 0.020723 
0.028236 0.0481761 0.0222248 
0.0635354 0.139681 0.0186959 
0.0391213 0.13485 0.00232779 
0.034018 0.0574643 0.026387 
0.0355696 0.135035 -0.000324508 
