0.042049 0.199307 0.0242333 
0.00853062 0.198631 0.0287523 
0.0135328 0.194619 0.0300883 
0.0460794 0.194776 0.025236 
0.0442988 0.19392 0.0234188 
0.0109308 0.193144 0.0280477 
0.0176544 0.19236 0.0300573 
0.0146113 0.191669 0.0290057 
0.0466386 0.18851 0.0405832 
0.0472308 0.189874 0.0254884 
0.0449171 0.190225 0.0231626 
0.0297922 0.18846 0.0288359 
0.0254311 0.189059 0.0292836 
0.020521 0.190013 0.0296973 
0.018139 0.189179 0.0285052 
0.0219995 0.187589 0.0289029 
0.020491 0.1872 0.0275136 
0.0488902 0.186335 0.0415063 
0.0387409 0.185008 0.0276118 
0.0278959 0.183501 0.0260043 
0.043135 0.182223 0.00843732 
0.0402209 0.182907 0.00748236 
0.0320054 0.181851 0.0254748 
0.0517403 0.180896 0.026943 
0.0536357 0.180925 0.0405906 
0.0517494 0.179303 0.0291153 
0.0425037 0.180475 0.0270401 
0.0410922 0.180103 0.00689452 
0.0561292 0.178677 0.0403118 
0.0545801 0.177959 0.0383064 
0.0516396 0.180002 0.0390343 
0.0473143 0.180195 0.0391236 
0.0499598 0.178024 0.0299868 
0.0472569 0.17962 0.0274928 
0.0401704 0.178998 0.0253031 
0.0434741 0.177745 0.0161659 
0.0433273 0.177348 0.014486 
0.0340859 0.177288 0.00823481 
0.0492822 0.177283 0.0393866 
0.0492312 0.176988 0.0305444 
0.0472711 0.176972 0.0290956 
0.0432089 0.176325 0.00775204 
0.0548652 0.176877 0.0379996 
0.0265151 0.177024 0.0438186 
0.0383257 0.176094 0.0103863 
-0.054941 0.107641 0.0132822 
-0.0540397 0.105125 0.0108106 
-0.00998771 0.163255 0.0180238 
-0.0761809 0.152147 -0.00454497 
0.0201122 0.0965309 0.0364483 
0.0195215 0.101281 0.0362525 
0.0547095 0.0706802 0.0466354 
0.014562 0.101911 0.0364852 
0.047041 0.0754769 0.0371797 
0.0473642 0.0687667 0.0449624 
0.0443056 0.074132 0.0369792 
0.0460227 0.064602 0.0463042 
0.0588179 0.0944042 0.027421 
-0.0288973 0.101248 0.029961 
-0.0318441 0.102069 0.03008 
0.0531804 0.10131 0.0234146 
-0.0390004 0.102638 0.0290089 
-0.0420281 0.100653 0.0275409 
-0.0689354 0.0647619 -0.00756878 
-0.048618 0.102354 0.0221664 
-0.0521977 0.101973 0.0120798 
-0.0534755 0.101963 0.00692394 
-0.0766075 0.101346 -0.0185793 
-0.0553691 0.101828 0.0030348 
0.00860977 0.127644 0.0335951 
-0.0762088 0.105158 -0.0154995 
0.0225137 0.0952431 0.036534 
0.00433699 0.0949223 0.0312633 
0.00238334 0.097041 0.0299984 
0.0684525 0.089775 0.0429087 
-0.0645195 0.122326 0.00759489 
0.0608868 0.0910324 0.0305385 
-0.0759597 0.106997 -0.00672405 
0.0304408 0.160774 0.0409901 
-0.00348356 0.101752 0.0212437 
-0.0497621 0.0980551 0.0116709 
-0.0563106 0.108017 0.00791145 
-0.0551144 0.10539 0.00754182 
-0.0594389 0.0882957 -0.00986745 
0.0567032 0.0905182 0.0265467 
-0.0429616 0.0863991 0.0087351 
0.023042 0.0982426 0.0358933 
0.00113486 0.0928367 0.0253006 
0.0618136 0.0877642 0.0342263 
0.0249571 0.168046 0.0440644 
0.0425474 0.196599 0.0240539 
-0.0229711 0.14479 0.0307455 
-0.0472709 0.0946124 0.0142632 
-0.0106612 0.149957 0.0301194 
0.0584325 0.0891605 0.0296862 
0.0329637 0.158058 0.040058 
-0.0479919 0.0954653 0.0101636 
-0.0511393 0.0951256 0.00258288 
-0.0392093 0.0725846 0.0306445 
-0.0436265 0.0704888 0.0322191 
0.0487518 0.143931 0.0379567 
0.0224385 0.0910304 0.0366873 
0.0267561 0.0757608 0.0423685 
0.0113757 0.090126 0.0349998 
0.0363708 0.0548002 0.0500682 
-0.0486127 0.133552 0.0245807 
0.0637531 0.0849597 0.0449274 
0.0324116 0.171262 0.0246177 
-0.0693124 0.0929148 -0.00560107 
-0.023892 0.0644604 0.0463015 
0.0558448 0.083474 0.0372714 
0.0596643 0.0827195 0.0440605 
-0.0595445 0.0806048 -0.0119393 
-0.0506287 0.0757717 -0.0088102 
0.0570269 0.0956809 0.0255447 
-0.0441693 0.0895243 0.00839873 
-0.00561035 0.107794 0.0223182 
-0.0431657 0.151082 0.0204059 
-0.0455752 0.107678 0.0264719 
-0.0472913 0.0913237 0.00508258 
-0.0466778 0.0887309 0.00190441 
-0.067086 0.0846377 -0.00929228 
-0.0778558 0.0964242 -0.0166128 
-0.0423809 0.0850415 0.0127911 
-0.023939 0.156674 0.0242027 
0.0244548 0.0864345 0.0386745 
-0.0674508 0.107403 0.00199752 
-0.0441838 0.143972 0.0243635 
0.0408954 0.148728 0.0410825 
0.044022 0.181955 0.0087959 
-0.0441661 0.0979955 0.0250787 
-0.077668 0.0895214 -0.0190687 
0.0360904 0.184647 0.027809 
-0.0604126 0.0514298 0.0135496 
-0.012422 0.119019 0.0194772 
-0.0772406 0.090998 -0.0219066 
-0.0515783 0.11288 0.0229454 
0.0515996 0.0820513 0.035703 
0.0550397 0.0970663 0.0232492 
0.00903771 0.0867875 0.0323355 
0.00908831 0.0833562 0.0308913 
-0.022559 0.138209 0.0299579 
0.0356833 0.163608 0.0303691 
-0.0266052 0.130575 0.0247839 
-0.0283543 0.162755 0.0154862 
0.0628302 0.0808025 0.0467362 
0.0317612 0.176113 0.00761294 
-0.022239 0.0866106 0.0321966 
0.0786914 0.105567 0.0326615 
0.0483848 0.0801518 0.0361335 
-0.0749717 0.0968437 -0.00673465 
-0.0438812 0.0624243 0.0325929 
0.0289577 0.0935222 0.0350044 
-0.026983 0.0866217 0.0320811 
-0.0330498 0.0511917 0.016947 
-0.0338747 0.144192 0.028209 
-0.0445141 0.0862101 0.00417009 
0.023331 0.160341 0.0110064 
0.00722795 0.0822444 0.0280149 
-0.0551709 0.0560127 0.0199533 
0.0195918 0.0910877 0.0366076 
0.0143348 0.0917506 0.0358827 
-0.0387592 0.0863877 0.0295218 
0.0245597 0.0909465 0.0377268 
-0.0083545 0.133475 0.0329379 
-0.0430321 0.0868008 0.0204141 
-0.00519616 0.103562 0.0186071 
-0.0429323 0.0866834 0.0151732 
-0.0348296 0.0878658 0.0298389 
-0.0571995 0.0851868 -0.0111361 
0.0273501 0.0809001 0.0421108 
-0.0773818 0.101203 -0.0158915 
-0.0345936 0.0539967 0.0185562 
0.0243045 0.0815367 0.0397371 
0.0368452 0.0591985 0.0493199 
0.0227032 0.0804314 0.038055 
0.0153623 0.0816695 0.0345503 
-0.0704252 0.108174 0.00117412 
-0.0409951 0.144915 0.0255174 
-0.0758029 0.0871683 -0.0120351 
-0.0772012 0.0865749 -0.015973 
-0.0324909 0.163455 0.0140708 
0.0190448 0.0807466 0.03574 
-0.0745544 0.0844036 -0.0117256 
-0.0213528 0.0815579 0.0322606 
-0.074124 0.0743785 -0.0247519 
-0.0772556 0.101737 -0.0115671 
0.0348779 0.0655173 0.0465833 
-0.0314637 0.0811697 -0.0208602 
0.0629983 0.0754341 0.0474119 
0.0498927 0.0751333 0.040265 
-0.00573204 0.151801 0.0268051 
0.0244809 0.0773126 0.0411701 
-0.0235974 0.0812057 0.0323518 
-0.0182839 0.159672 0.0191818 
-0.0236451 0.158338 0.0215055 
0.0721099 0.099724 0.033734 
-0.0297219 0.0768458 -0.0183304 
0.0192262 0.085933 0.036426 
-0.0747493 0.0833362 -0.028451 
0.0335005 0.143282 0.0303021 
-0.068837 0.118395 0.00602135 
0.00262709 0.0934594 0.0282619 
-0.0635869 0.0653993 0.00095349 
-0.0467525 0.0794568 0.0184199 
-0.0418685 0.0811085 0.00852282 
0.000756188 0.0897936 0.0221754 
0.0690165 0.0842668 0.04691 
0.0590671 0.0798031 0.0458617 
-0.0182385 0.0894813 0.0300454 
0.0458361 0.0719307 0.0380317 
0.0456853 0.178931 0.00953156 
-0.0441156 0.0814264 0.0259979 
-0.0459801 0.0807521 0.0222501 
-0.0879327 0.149468 -0.00834215 
0.0792892 0.0966714 0.0342795 
-0.077099 0.0850136 -0.0181198 
0.0501157 0.0613647 0.0484112 
0.0376363 0.0681734 0.0462918 
0.0159023 0.0745291 0.0322455 
0.0106995 0.0755255 0.0276201 
-0.0894492 0.132315 -0.00565482 
-0.0752439 0.0784604 -0.0261032 
-0.0235339 0.0867312 0.0321992 
-0.0300589 0.0509902 0.0183524 
-0.0739109 0.080614 -0.0123827 
-0.000287617 0.0925659 0.0219774 
0.0443129 0.0710503 0.0376902 
-0.0324511 0.160915 0.0153065 
0.0101467 0.0724059 0.0248388 
-0.0464908 0.0940234 0.0179006 
0.0709488 0.0948138 0.0357817 
0.0693845 0.0677411 0.0449877 
0.0313106 0.0708816 0.0436274 
0.0754783 0.0968132 0.0342599 
0.0358286 0.168885 0.0144902 
-0.0588835 0.139462 0.00964724 
0.0336132 0.153145 0.0309307 
-0.0344896 0.103025 0.029871 
0.0573558 0.0709426 0.0467842 
-0.0307004 0.0716431 0.0382937 
0.000937155 0.102011 0.0307417 
-0.0276162 0.0772282 0.031711 
-0.0518449 0.0608521 0.0241099 
-0.0642076 0.0626235 0.00222607 
-0.0481142 0.0756526 0.0138896 
0.0511419 0.0701945 0.0456667 
0.0229117 0.100158 0.0356029 
0.045863 0.069535 0.0422144 
0.0612462 0.105408 0.0315533 
0.0408574 0.0600757 0.0489292 
-0.0296013 0.159347 0.0181838 
0.0119578 0.0718127 0.026665 
-0.0264469 0.0759542 0.0401644 
-0.0427405 0.0766756 0.00779481 
-0.0271785 0.0659697 0.0462523 
-0.0538516 0.0800355 -0.0107959 
-0.0700487 0.0967494 -0.00371569 
-0.051056 0.0645387 0.024143 
-0.0578942 0.112482 0.00833795 
0.0513627 0.0565517 0.0493724 
0.0341586 0.0605205 0.0484572 
-0.0415902 0.154065 0.0177445 
-0.0709355 0.0808126 -0.00920438 
-0.029517 0.0654381 0.0457546 
-0.0607037 0.100023 -0.00427185 
0.0206846 0.0640778 0.0300288 
-0.0350682 0.0918146 0.0301434 
-0.0686357 0.0602554 -0.00264608 
-0.071751 0.0703171 -0.0127731 
0.0252587 0.0580717 0.0295699 
-0.0687728 0.150197 -0.00241138 
0.0389597 0.0621932 0.0473174 
-0.0324678 0.0664683 0.0445191 
-0.0612001 0.128625 0.00914094 
-0.0601863 0.0962627 -0.00618214 
-0.0690735 0.0635257 -0.0256736 
0.0618968 0.0617409 0.0481729 
-0.030987 0.139432 0.0289132 
0.0554771 0.0872462 0.0284397 
-0.0585252 0.123451 0.0141261 
-0.0445011 0.0766125 0.0263547 
-0.0770524 0.095382 -0.0212961 
-0.0812817 0.12669 -0.00279569 
0.0504387 0.0782627 0.0373325 
0.030377 0.0553168 0.0478595 
0.0307034 0.0506507 0.0269456 
0.023806 0.0638134 0.0401401 
-0.062126 0.0551894 0.0118739 
0.0262178 0.0654415 0.04402 
-0.0569452 0.119306 0.0174895 
-0.0651486 0.0519082 0.00748514 
0.0289648 0.0534489 0.0404095 
-0.064374 0.127738 0.00769981 
-0.0609108 0.12371 0.00890546 
-0.0459767 0.0888023 0.00409904 
-0.060269 0.101118 -0.00371014 
0.0254402 0.168088 0.0115921 
-0.0601558 0.0610877 0.0109204 
-0.0596227 0.0914233 -0.00880785 
-0.0490353 0.118698 0.0255657 
-0.0493011 0.0722169 -0.00426036 
-0.00859642 0.147448 0.03089 
-0.0650731 0.0695865 -0.00407489 
0.0681809 0.0809578 0.047373 
-0.0365642 0.055426 0.018197 
-0.0520233 0.104037 0.017863 
-0.0115606 0.15353 0.0274795 
-0.055123 0.0654186 0.0141153 
0.0609944 0.085807 0.0413073 
-0.0520325 0.0670001 0.000847898 
-0.0116912 0.143261 0.0322288 
-0.0337433 0.0693598 0.0392257 
-0.0592958 0.0860182 -0.0111622 
0.0479683 0.188526 0.0415234 
0.0268687 0.0543989 0.0274319 
0.0644177 0.116665 0.0329216 
-0.0664661 0.0589718 -0.0207392 
-0.061737 0.0585881 0.0104272 
-0.0234376 0.0915127 0.0316063 
-0.0233418 0.0623922 0.0455234 
0.0283198 0.055002 0.043871 
-0.0248963 0.0614958 0.0444425 
0.04795 0.110708 0.0245227 
-0.0773279 0.0974235 -0.0195876 
-0.0522657 0.070683 0.0134053 
-0.0196035 0.139182 0.0308362 
-0.0278641 0.0625957 0.0444262 
0.0458231 0.112875 0.0243615 
-0.0500532 0.146152 0.0174376 
-0.0516173 0.0981615 0.00602632 
-0.0743398 0.0921812 -0.00808098 
-0.0638761 0.0556782 -0.0210065 
0.0276537 0.178613 0.0449523 
-0.0704047 0.0656542 -0.0240579 
-0.0739884 0.112428 -0.00192324 
0.0354637 0.124289 0.0239934 
0.0293196 0.060045 0.0479571 
0.0302893 0.173753 0.0420683 
-0.0566902 0.0763903 -0.0115369 
-0.0419281 0.0868316 0.0255579 
0.0489766 0.0580478 0.0495133 
0.036588 0.143379 0.0325373 
0.0524033 0.0598147 0.0489828 
0.00905026 0.0799785 0.0287249 
0.0104737 0.101849 0.0359585 
-0.0434943 0.0757295 0.00374764 
-0.000842923 0.123102 0.0342009 
0.0074336 0.0964426 0.0342447 
-0.053404 0.107639 0.0181744 
-0.0792559 0.134811 0.0028152 
-0.0351011 0.0665546 0.0402439 
0.0296086 0.0520144 0.027568 
0.0597083 0.116909 0.033154 
0.00624515 0.0861705 0.0289795 
-0.0429074 0.0799448 -0.000174761 
0.0379153 0.133308 0.0309168 
-0.0502239 0.0786281 -0.00966267 
-0.0475467 0.0707371 0.00381532 
-0.0286851 0.071274 0.0421879 
0.0244186 0.165887 0.044348 
-0.0152858 0.124574 0.0244743 
0.0446195 0.176343 0.00900661 
-0.058825 0.135197 0.0106859 
-0.0350288 0.0583851 0.0210625 
0.0702372 0.0642506 0.0468869 
-0.070932 0.112947 0.00241539 
-0.0411601 0.0694346 0.0346128 
-0.0757978 0.0804868 -0.0171483 
0.0359268 0.180891 0.0259047 
0.0581764 0.0755443 0.0468128 
-0.0567209 0.105428 0.00303919 
-0.00225049 0.155952 0.0201857 
-0.0520244 0.143933 0.0165654 
-0.0418131 0.0617241 0.0374344 
-0.076695 0.0916804 -0.0115256 
0.0333053 0.0548591 0.049148 
-0.060655 0.0523742 -0.0176854 
0.0420686 0.153793 0.0419561 
-0.0589124 0.120748 0.012052 
-0.0551663 0.0607044 0.0201242 
0.00434482 0.0985175 0.0330354 
-0.0418542 0.0820612 0.0128564 
0.0514973 0.183942 0.0415308 
0.0228588 0.060378 0.0292065 
-0.0618578 0.0538013 -0.0219167 
-0.0696238 0.0550831 -0.00204693 
0.032815 0.1585 0.0155605 
0.0388375 0.064713 0.0466488 
-0.035519 0.0844306 0.0316027 
-0.0747848 0.0804774 -0.0279518 
-0.0747212 0.0756767 -0.022311 
-0.0453126 0.0915346 0.0154565 
-0.0599556 0.0750543 -0.0108723 
-0.0489142 0.105964 0.0234809 
0.0295349 0.0526676 0.0409967 
-0.0206421 0.0777331 0.0320839 
0.0178151 0.107434 0.035933 
-0.051938 0.0702118 -0.00381277 
-0.0475767 0.0710658 0.0224234 
-0.0611216 0.118865 0.00733689 
-0.052834 0.0976531 0.00283881 
0.0337727 0.0511453 0.047327 
-0.0774275 0.0967508 -0.0114516 
-0.0395666 0.0504593 0.0111044 
0.0224673 0.0860357 0.0367364 
-0.0719839 0.0945747 -0.00527799 
-0.0347662 0.0551582 0.0472499 
-0.0754815 0.105765 -0.0168602 
-0.0130381 0.160018 0.0189844 
0.0575601 0.0834477 0.0409652 
-0.057142 0.0656616 0.0022788 
-0.0366899 0.0507977 0.0140007 
0.0293229 0.0650789 0.0471624 
-0.0393916 0.0646015 0.0409935 
-0.0315792 0.069659 0.0436449 
-0.0600633 0.0554457 0.0150883 
-0.0703246 0.0756016 -0.00937968 
-0.0657823 0.0632995 -0.000847953 
-0.0386349 0.0513261 0.0127945 
-0.0446753 0.102567 0.026106 
-0.0735043 0.10704 -0.00197862 
-0.0486276 0.109894 0.0249409 
-0.0652521 0.0552469 0.00739651 
0.00323152 0.128163 0.0343329 
0.0364461 0.123235 0.0241804 
-0.063055 0.134319 0.00682448 
-0.0723868 0.0979411 -0.00407338 
-0.0413937 0.0918543 0.0251661 
-0.0680041 0.0551227 0.00284085 
0.0485062 0.12238 0.032684 
-0.0531722 0.104237 0.0144273 
-0.00272946 0.105177 0.0267407 
0.0675942 0.0653876 0.0465529 
-0.0473861 0.075365 -0.00609853 
0.0233628 0.0963243 0.0363742 
-0.0320168 0.0923013 0.0311601 
-0.0204356 0.0742451 0.0391094 
0.0772054 0.0608938 0.0506304 
-0.0440548 0.0915626 0.020749 
-0.0556512 0.123575 0.0196423 
-0.0448464 0.0830233 0.0205509 
-0.00521776 0.147604 0.0302813 
-0.0750921 0.111373 -0.0112493 
-0.0421341 0.0964138 0.026287 
-0.0671726 0.051775 0.00269152 
-0.0720621 0.0688612 -0.0190856 
-0.069946 0.070708 -0.00985327 
0.00818953 0.0754903 0.0234076 
0.066504 0.0809238 0.047348 
-0.0602178 0.052181 0.0141364 
-0.0583718 0.128887 0.0139204 
-0.0392527 0.0817381 0.0304125 
-0.0259401 0.144486 0.0300704 
0.01847 0.0664727 0.0295608 
-0.052657 0.123645 0.0229213 
0.0406344 0.054706 0.0503322 
-0.0706966 0.066726 -0.0278117 
-0.0319344 0.0868799 0.0310894 
-0.0331292 0.055942 0.0488501 
0.0600012 0.174673 0.0387552 
-0.0421708 0.103065 0.0278964 
0.0226238 0.0757318 0.039443 
-0.0271243 0.0815054 0.0319756 
-0.0414571 0.162219 0.0108576 
-0.0760526 0.0805636 -0.0227687 
-0.0404128 0.0615787 0.0424045 
0.042217 0.0631491 0.0464897 
-0.0679608 0.0609846 -0.0184489 
0.0362415 0.172867 0.0245995 
-0.0380081 0.0531953 0.0152825 
0.00837071 0.0914517 0.0334662 
0.0831864 0.0597297 0.0547111 
-0.0402262 0.0583258 0.0394583 
-0.057543 0.0651145 0.00979473 
0.0388035 0.171503 0.0277128 
-0.04552 0.0916958 0.00985 
-0.0460781 0.0722604 0.00419696 
0.034121 0.164317 0.0281686 
-0.0256265 0.0545942 0.0227825 
0.032686 0.163371 0.0142667 
-0.0605795 0.0896016 -0.00986411 
-0.0381969 0.0610859 0.0467335 
-0.0700893 0.0647325 -0.0190052 
0.0492395 0.0833488 0.0338759 
0.0308932 0.184927 0.0279614 
-0.0622162 0.051891 0.0118184 
-0.0777881 0.0914669 -0.0164934 
-0.00684929 0.120194 0.0309876 
-0.0104926 0.116349 0.0185705 
-0.0627136 0.0693842 -0.000338678 
0.0310284 0.0512506 0.0431883 
0.0577205 0.0641267 0.0472506 
-0.0495455 0.0627818 0.0266958 
0.0310343 0.148176 0.0174065 
0.0229122 0.0663324 0.0397369 
-0.0280185 0.0514487 0.0197913 
0.00664593 0.0790319 0.02395 
-0.0705801 0.0667498 -0.0124047 
-0.0465769 0.097159 0.0213636 
0.017079 0.0703081 0.0308898 
-0.085836 0.138852 -0.00155587 
0.00399144 0.10249 0.0338072 
-0.0732812 0.117766 -0.00232297 
0.0340184 0.0508529 0.0290333 
0.0214123 0.0686379 0.0339 
0.00340314 0.0861521 0.0243811 
-0.0671112 0.0698552 -0.00887826 
0.0327748 0.0535025 0.0307489 
-0.0578992 0.0606302 0.0155417 
0.0412116 0.184949 0.0264678 
0.0251394 0.053796 0.0245037 
0.0195162 0.0758938 0.0351905 
0.0359532 0.0501716 0.0293954 
0.0510847 0.0650395 0.046568 
0.0792436 0.10028 0.033539 
-0.0353843 0.129338 0.027517 
-0.073607 0.0721111 -0.0213603 
-0.0526296 0.153453 0.00781949 
-0.00174318 0.101857 0.0261418 
-0.0424666 0.0810702 0.00322504 
-0.0392005 0.0767855 0.0299825 
-0.0249403 0.131534 0.0258265 
0.012378 0.0808871 0.032465 
-0.0668878 0.0600963 -0.0251708 
-0.0351044 0.0753605 0.0306754 
-0.0421972 0.0727416 0.027204 
-0.0722965 0.0703903 -0.0279115 
0.0371556 0.138047 0.0321349 
-0.0200117 0.0718598 0.0389529 
-0.0617378 0.0951977 -0.00710793 
-0.0745185 0.152886 -0.00441076 
-0.0197122 0.144183 0.0311501 
-0.0891986 0.130415 -0.00570896 
-0.0702496 0.0561177 -0.00561204 
-0.0746933 0.110975 -0.012991 
-0.0880327 0.133166 -0.00408884 
-0.0301715 0.0522618 0.0195362 
-0.0621298 0.062297 0.00648242 
0.00720912 0.131674 0.0333361 
0.0146243 0.0967064 0.0363637 
-0.0449796 0.0664375 0.0328845 
-0.0173658 0.124426 0.0212278 
-0.0436948 0.0840012 0.000873605 
-0.0396923 0.0569627 0.0431381 
-0.0593024 0.10175 -0.00324407 
-0.0486018 0.0756643 0.017596 
-0.0313528 0.0555418 0.0215105 
-0.0273644 0.054 0.0220669 
0.0712904 0.0908579 0.0425946 
-0.0516113 0.134079 0.0224297 
-0.070004 0.0603954 -0.00654701 
-0.0473427 0.076098 0.0222249 
-0.0552087 0.0659673 0.000242472 
-0.0476218 0.072188 -3.96216e-05 
-0.0472118 0.0617282 0.0278588 
-0.0638618 0.0596684 0.00643105 
-0.0728379 0.0754679 -0.0124482 
0.00314615 0.133382 0.0335759 
-0.0634957 0.139127 0.00615886 
-0.0299871 0.0847235 -0.0195728 
-0.0521172 0.0571435 0.0227553 
-0.0424849 0.0826705 0.0277153 
0.0548555 0.0760003 0.0451516 
0.069677 0.115744 0.0324101 
0.0264834 0.0601079 0.0441312 
-0.0495591 0.0956201 0.00594702 
-0.0865562 0.145119 -0.00791107 
-0.0712846 0.0910987 -0.00688185 
-0.043491 0.0778613 -0.00297419 
-0.0397965 0.123312 0.0277957 
0.0572471 0.0606134 0.0486717 
0.0427206 0.123409 0.0295263 
0.0561361 0.0801444 0.04329 
-0.0488534 0.149229 0.0152207 
-0.0644824 0.0565067 -0.0244972 
-0.0336337 0.0721012 0.0349631 
-0.0491381 0.0591596 0.0251073 
0.00459765 0.0911459 0.0295591 
-0.0515588 0.0670984 0.0183723 
-0.0450648 0.0809739 0.0171447 
0.0733954 0.0643166 0.0482395 
-0.0740858 0.075526 -0.0275537 
-0.0268363 0.0917845 0.0317077 
-0.0256003 0.0630903 0.0452489 
-0.0507921 0.104447 0.0204481 
-0.000182832 0.0967953 0.0256619 
0.0643449 0.088101 0.0415639 
0.0148812 0.0864047 0.0353046 
-0.0755844 0.0853153 -0.0266083 
-0.033831 0.138576 0.0286187 
-0.0694897 0.064759 -0.0283596 
-0.0356051 0.081882 0.0317458 
-0.0639324 0.117697 0.00638108 
0.0808679 0.0564975 0.052197 
-0.0116885 0.134315 0.0323013 
-0.0851289 0.14438 -0.00377096 
0.0576379 0.106318 0.0303448 
0.0464153 0.0599012 0.0487051 
-0.0508681 0.101429 0.0173302 
0.0307351 0.144189 0.0187123 
-0.0154934 0.153018 0.0284565 
0.00200347 0.0900651 0.0248378 
-0.0536031 0.0674899 0.0149432 
0.0277949 0.0509489 0.0247553 
0.0418677 0.184553 0.0272187 
0.0251133 0.0612328 0.0318323 
-0.0335021 0.0582406 0.0221443 
-0.0759092 0.102006 -0.00635977 
0.0489149 0.0561325 0.0496095 
0.0142652 0.0699774 0.0276638 
-0.0710105 0.1448 0.00287735 
-0.0556356 0.0677545 0.00899531 
-0.0354637 0.111497 0.0283148 
-0.0455558 0.0939318 0.0204112 
0.0797699 0.0592799 0.051992 
-0.00814184 0.138573 0.0329461 
-0.0507972 0.0708992 0.0181781 
-0.0487213 0.0972515 0.016744 
0.0744424 0.0602771 0.0478879 
-0.0537948 0.148323 0.0104459 
0.0521628 0.0745212 0.0442487 
-0.0299456 0.0801284 -0.018595 
-0.066374 0.0601411 0.00197629 
-0.0498157 0.0697215 0.000698111 
-0.045172 0.0708866 0.0266821 
0.0434315 0.143142 0.0356542 
-0.0370303 0.0706949 0.0345006 
0.0187196 0.0627286 0.0274767 
-0.0700632 0.104113 -0.000253112 
0.0226325 0.0707052 0.0399956 
-0.0741202 0.0753086 -0.0176757 
0.0053291 0.0816971 0.0241041 
0.040852 0.173305 0.0282073 
-0.0583973 0.0555036 0.0169069 
-0.0674848 0.0642546 -0.00408837 
-0.022202 0.150592 0.0294173 
-0.0678295 0.0753775 -0.00861962 
0.0269165 0.0856828 0.0414712 
-0.0540535 0.0749771 -0.0100528 
-0.00976599 0.16026 0.0188077 
0.0161865 0.0659012 0.0267274 
0.0527519 0.0844452 0.0337098 
-0.0507869 0.108115 0.0224453 
0.0506536 0.183453 0.026372 
-0.0722467 0.122038 -0.00225946 
-0.0492992 0.0672709 0.0232104 
0.0205605 0.0709437 0.0348994 
0.0675792 0.0926366 0.034477 
-0.0146936 0.122029 0.0203452 
0.0442404 0.0661395 0.0449336 
0.0448626 0.124952 0.0320789 
-0.0703952 0.147973 0.000510009 
0.0270665 0.0702153 0.0430165 
-0.00173302 0.0968575 0.0216244 
-0.0476352 0.0662347 0.028374 
-0.054752 0.0716801 -0.00791921 
0.0555856 0.0660787 0.0460436 
-0.0385399 0.128711 0.0275851 
0.0570407 0.0866386 0.031984 
-0.0565768 0.0804818 -0.0118526 
-0.0380653 0.156505 0.0175866 
-0.0248702 0.160811 0.0172998 
0.08021 0.0632064 0.0520716 
-0.0859928 0.133882 -0.00245646 
-0.0493208 0.0740409 0.013595 
-0.0448071 0.0753025 -0.00130219 
0.0404372 0.0519443 0.0500918 
0.0612156 0.0955031 0.0296285 
-0.0494111 0.0640846 0.0268461 
-0.0586312 0.0716784 -0.00915496 
-0.035775 0.0734133 0.030821 
0.0776971 0.058176 0.0487774 
-0.0184447 0.0773815 0.0318953 
-0.0691431 0.100624 -0.00174566 
0.0840212 0.0630535 0.0539073 
-0.053471 0.066992 -0.00108521 
-0.00809205 0.112242 0.0181412 
-0.0292959 0.0754674 0.0379426 
-0.0275216 0.0749582 0.0402555 
0.0293565 0.0556877 0.0308447 
-0.0791518 0.12809 0.000421051 
-0.0388571 0.107885 0.0288032 
0.0589136 0.0979727 0.0280708 
-0.0383639 0.0973459 0.0289595 
-0.0120129 0.163069 0.0174901 
-0.059709 0.106835 0.000343162 
-0.0235538 0.0775013 0.0321185 
-0.0340872 0.107332 0.0291153 
-0.0310634 0.10534 0.0292798 
-0.0381223 0.067457 0.0369471 
0.0557788 0.100833 0.0259398 
-0.0751837 0.112248 -0.00691914 
-0.0076651 0.112287 0.0226651 
-0.0726843 0.0711718 -0.0177336 
0.05867 0.101369 0.0289949 
0.0615522 0.100678 0.0304101 
-0.00476721 0.105193 0.0212537 
-0.053824 0.13912 0.017472 
0.0495325 0.114916 0.0299076 
0.06491 0.101052 0.031967 
0.0691329 0.100797 0.0330811 
-0.0479797 0.140819 0.0229303 
-0.075211 0.107286 -0.0150894 
0.0700572 0.111335 0.0326132 
-0.0585758 0.108083 0.00324677 
0.0335794 0.160119 0.0291909 
0.0752256 0.100672 0.033737 
-0.0181086 0.13129 0.028476 
0.0589861 0.0859644 0.0363221 
-0.0579614 0.143973 0.00794951 
0.0336136 0.069194 0.0462465 
-0.0555955 0.148678 0.00782589 
0.0104886 0.11756 0.0352177 
-0.000306824 0.106637 0.0313968 
0.0347326 0.132672 0.0276655 
0.0685884 0.139693 0.0325123 
0.019202 0.177569 0.00950681 
0.00352046 0.107479 0.0344676 
0.00726425 0.107271 0.0356779 
0.056299 0.163603 0.0388062 
0.0103349 0.107176 0.0359843 
-0.0578546 0.132416 0.0141951 
-0.0660696 0.0661446 -0.00341003 
-0.0323257 0.0760939 0.0321953 
-0.0263003 0.149767 0.0291872 
0.0146356 0.107049 0.0361221 
-0.0577195 0.134432 0.0132848 
0.0274852 0.0557765 0.0402152 
-0.0304516 0.148834 0.0284209 
0.0626471 0.0649764 0.0467571 
-0.00386569 0.107874 0.0266452 
-0.0653198 0.1098 0.00341156 
-0.0609788 0.115749 0.00645506 
-0.0334844 0.149703 0.0271209 
-0.0119382 0.155848 0.0241959 
-0.00201955 0.108511 0.0301201 
0.0488931 0.171089 0.0412865 
0.0726076 0.10243 0.0331582 
-0.0420146 0.123898 0.027587 
-0.0654245 0.113067 0.00463633 
-0.0383287 0.133908 0.0276621 
-0.0121275 0.15744 0.0221372 
-0.0602281 0.112108 0.00453971 
0.00365717 0.157979 0.0189595 
0.034614 0.174868 0.0106131 
-0.0566936 0.112779 0.0136873 
-0.0455453 0.113097 0.0268346 
0.0502254 0.106698 0.0238275 
0.052193 0.10397 0.0239069 
0.0541907 0.104853 0.027076 
-0.0420728 0.113723 0.0278224 
-0.0391459 0.113046 0.0281998 
0.0315958 0.168236 0.0256589 
-0.00658278 0.108686 0.0182423 
0.025798 0.186328 0.0286079 
0.00910361 0.152768 0.0206803 
0.0642479 0.106397 0.0323162 
0.0309491 0.143491 0.0283266 
-0.0350851 0.155591 0.021172 
0.0754263 0.105871 0.0328713 
-0.0548776 0.112832 0.0186189 
0.0522365 0.107422 0.0266853 
0.0608301 0.0708153 0.0467211 
-0.00558587 0.11239 0.0272669 
0.0672931 0.0864919 0.0451929 
-0.00256246 0.112659 0.0316095 
0.0720449 0.0876937 0.0447767 
-0.000104718 0.110511 0.0328577 
0.0398131 0.167302 0.0440392 
0.0531601 0.162486 0.0397389 
-0.0684013 0.114545 0.00480002 
-0.0330017 0.13389 0.027817 
-0.0397395 0.160133 0.0130847 
-0.00797872 0.159145 0.01946 
0.00738081 0.112517 0.0357335 
0.0102065 0.112593 0.0357437 
-0.0113737 0.127293 0.0304643 
-0.0172918 0.155502 0.0259188 
0.0143101 0.111816 0.0355156 
0.0250293 0.0603166 0.0398293 
-0.0215384 0.154447 0.026863 
-0.0328772 0.0529656 0.0471536 
0.0174828 0.112004 0.0350152 
0.0540626 0.108574 0.0292996 
0.029663 0.168849 0.0123473 
-0.0576456 0.119571 0.0158376 
0.0608638 0.108286 0.0322098 
-0.0631713 0.0547591 -0.017046 
-0.0311912 0.157074 0.0213636 
-0.0735612 0.116805 -0.0064078 
-0.0718955 0.117985 0.00281962 
-0.0592681 0.117563 0.0089306 
-0.055576 0.117737 0.0192248 
0.0567605 0.119999 0.0333932 
-0.0522312 0.118202 0.0232141 
-0.0452992 0.118466 0.0269529 
0.0100114 0.195909 0.0291345 
0.0503855 0.111404 0.0279968 
0.053655 0.112098 0.0308324 
0.0572019 0.111256 0.0319653 
0.0602614 0.112064 0.0327374 
-0.053369 0.0643964 0.0194297 
-0.000381328 0.118202 0.0340422 
0.0640483 0.111279 0.03284 
-0.0419934 0.118639 0.0277801 
-0.0393596 0.118254 0.0277838 
0.0486504 0.160095 0.0416559 
-0.0418593 0.0659248 0.0365523 
0.0735391 0.111525 0.0323733 
0.00966786 0.150697 0.0214293 
0.0763719 0.110121 0.0320664 
-0.00945404 0.115605 0.0228177 
-0.00376297 0.117762 0.0323155 
-0.0489128 0.113171 0.0252988 
0.0304404 0.168552 0.0249223 
-0.0414119 0.139781 0.0265091 
0.00306002 0.117497 0.0349016 
0.0255938 0.173567 0.0111602 
-0.0109009 0.118385 0.0238283 
0.00772125 0.118153 0.0353588 
-0.0171478 0.127747 0.0261234 
0.0689189 0.0959283 0.0333809 
-0.00871338 0.119038 0.0278104 
0.0468302 0.184886 0.0398937 
0.0474672 0.113541 0.0264927 
0.0436983 0.116633 0.0250762 
-0.0770008 0.0859059 -0.0222202 
0.0467476 0.117136 0.0288885 
-0.00358967 0.134001 0.0335973 
0.0525716 0.11675 0.0321633 
-0.0668695 0.130093 0.00884111 
0.0317457 0.153066 0.0165596 
-0.0726122 0.122846 0.00282675 
0.0399634 0.145957 0.0405144 
-0.0694693 0.12334 0.00713874 
0.0240698 0.185201 0.0266503 
-0.0597117 0.121168 0.00940379 
0.0431949 0.178678 0.00777844 
0.000225535 0.147062 0.0284829 
0.0568064 0.116344 0.0328845 
-0.0149089 0.138731 0.0318273 
0.0727472 0.115947 0.0318653 
0.0532453 0.0802781 0.0386472 
-0.0102353 0.123172 0.0290322 
-0.00728379 0.123712 0.0318284 
-0.0040148 0.122943 0.0332127 
-0.0698434 0.0643637 -0.0136366 
-0.0491324 0.1238 0.0253888 
0.00303925 0.122734 0.0347112 
-0.0218441 0.13332 0.0282938 
-0.0452768 0.123651 0.0268279 
0.00817798 0.122938 0.0345958 
-0.0274258 0.0966425 0.0309227 
0.032131 0.1614 0.0437396 
0.0407679 0.118838 0.0241428 
0.0491888 0.118673 0.0315708 
0.0110995 0.121056 0.0347863 
0.0468931 0.18509 0.0266374 
0.02761 0.0588715 0.031977 
-0.0792001 0.12536 -0.000621968 
-0.0735121 0.125404 0.00351561 
0.0468024 0.143377 0.037312 
0.0135107 0.122497 0.0332981 
-0.0320973 0.0972946 0.0308593 
0.0361792 0.159189 0.043481 
0.0398093 0.122318 0.0256699 
0.0426459 0.120217 0.0266655 
0.0448832 0.121566 0.0302944 
0.0533181 0.121947 0.03338 
0.0272836 0.152783 0.0261918 
0.0591927 0.121937 0.0334316 
-0.0754951 0.128376 0.00367854 
-0.0728783 0.128893 0.00696692 
-0.0694364 0.128132 0.00830429 
0.0319366 0.177295 0.00740184 
0.0310745 0.148527 0.0285756 
-0.0356341 0.125457 0.027034 
0.0642162 0.121514 0.0328994 
-0.0681591 0.103308 -0.000134202 
0.0678034 0.119714 0.0324457 
-0.056758 0.128021 0.0177296 
0.0642612 0.090654 0.0336922 
-0.0555853 0.129476 0.0192122 
-0.041867 0.128581 0.0275331 
-0.0848168 0.129726 -0.0027713 
-0.0813316 0.129583 -0.00115954 
0.0228756 0.0649154 0.0335391 
-0.0194943 0.126421 0.0225267 
-0.00789837 0.128685 0.0326109 
-0.00391669 0.128259 0.033711 
-0.00100978 0.128404 0.0342833 
-0.0470686 0.0774716 0.0152865 
0.0559885 0.123797 0.0338825 
-0.088062 0.130332 -0.00440007 
-0.0821 0.133725 0.000454671 
0.0370727 0.0513337 0.0494007 
0.0382557 0.12656 0.0268226 
-0.0209307 0.13006 0.0257847 
0.0327082 0.166639 0.0138225 
-0.0606242 0.138574 0.00819747 
0.0538802 0.0630998 0.0477272 
0.0348589 0.15375 0.0326189 
0.0529465 0.127202 0.0341324 
0.0305903 0.163854 0.0452434 
0.0585816 0.126864 0.0335393 
0.0261585 0.16568 0.0460176 
0.0626985 0.12545 0.0328218 
0.0417417 0.164512 0.0428763 
-0.0770889 0.133499 0.00454666 
-0.0734216 0.133547 0.00707102 
-0.0690599 0.133963 0.00800342 
0.0319354 0.149244 0.0136364 
-0.0667855 0.131183 0.00872473 
-0.0570884 0.131088 0.0159364 
-0.0681113 0.0515935 -0.00183978 
-0.0307889 0.144371 0.0292171 
0.0354337 0.128852 0.0265649 
-0.0552772 0.134085 0.0181415 
-0.0416616 0.133667 0.0271376 
-0.0285157 0.132402 0.0266739 
-0.0267371 0.13463 0.0279794 
-0.000879776 0.133218 0.0339112 
-0.0684233 0.0661042 -0.00925358 
0.000613008 0.140736 0.0322182 
-0.0712915 0.0863985 -0.00883255 
0.0298269 0.132936 0.0250894 
-0.0144499 0.149292 0.0304647 
-0.0740576 0.0887161 -0.009322 
-0.0459105 0.149034 0.0196288 
0.0317938 0.130939 0.0254485 
-0.031501 0.0841275 -0.0211287 
0.0404189 0.132118 0.032291 
0.0437549 0.133124 0.0338237 
-0.0725728 0.102166 -0.00260289 
0.0855976 0.0625764 0.0550211 
0.0415276 0.175789 0.017566 
0.0483539 0.132757 0.0343644 
0.0527129 0.132141 0.0341845 
0.0278551 0.143399 0.0253046 
-0.0334309 0.158035 0.0185065 
0.0553216 0.131367 0.0340399 
0.0770883 0.0633786 0.0506961 
-0.0677811 0.110854 0.00352091 
-0.0791819 0.131581 0.00171839 
0.0570352 0.129926 0.0337596 
-0.091408 0.138808 -0.00611356 
0.00736743 0.101844 0.0352169 
-0.0882998 0.138779 -0.00340414 
-0.0826204 0.138948 0.000802049 
-0.0794329 0.138303 0.00306848 
0.0716581 0.0601792 0.0460271 
0.0196299 0.166545 0.00998072 
-0.0571243 0.123315 0.01738 
-0.0761132 0.139294 0.00432014 
-0.0729735 0.137722 0.00624131 
-0.0301555 0.136042 0.0282118 
-0.0690931 0.139156 0.006245 
-0.0375446 0.0570898 0.0466014 
0.0299766 0.153716 0.0128982 
-0.0565681 0.139085 0.0128209 
-0.0763739 0.10688 -0.0116536 
-0.0504694 0.139003 0.0217003 
-0.0481418 0.137337 0.0240054 
-0.0423118 0.0758072 0.0280727 
-0.0600934 0.0643682 0.00501906 
0.0284741 0.163917 0.0256828 
-0.0448773 0.139076 0.0253138 
-0.0382519 0.138971 0.0276191 
-0.0263174 0.139331 0.0295416 
-0.0118439 0.138699 0.0325209 
0.0461643 0.0557116 0.049551 
0.0311704 0.134406 0.0266393 
-0.0523718 0.129037 0.0228425 
-0.00261719 0.139103 0.032878 
0.0400249 0.170989 0.0294655 
-0.000206872 0.137396 0.0332246 
0.0382022 0.169053 0.0291815 
-0.0503899 0.0573395 0.0236375 
0.00248136 0.137619 0.0327474 
-0.049227 0.0926337 0.00250342 
0.0280587 0.137899 0.0253682 
0.0307679 0.138565 0.027412 
-0.00573616 0.106361 0.0183102 
0.0335907 0.137535 0.0289283 
0.0402576 0.136738 0.0335309 
0.0329066 0.127676 0.024841 
-0.0477623 0.144699 0.0211986 
0.0430298 0.138142 0.0345416 
0.0359881 0.125054 0.0242048 
0.0483718 0.137478 0.03469 
0.0314662 0.168451 0.0444431 
0.0303754 0.0690106 0.0461845 
0.0266755 0.168392 0.0452216 
-0.0329102 0.0628454 0.0449686 
-0.0892232 0.141615 -0.00581905 
0.0135611 0.0762375 0.0311903 
-0.0877477 0.141722 -0.00448335 
-0.0676854 0.0600629 -0.0140361 
-0.0489482 0.128625 0.0251052 
-0.0818591 0.143837 -0.000644679 
-0.0886052 0.152277 -0.010059 
-0.0723452 0.141451 0.00462292 
0.0275098 0.16912 0.00962649 
-0.0753747 0.143945 0.00225575 
-0.0692411 0.143206 0.00436249 
-0.0664404 0.141987 0.0048267 
-0.0421312 0.108259 0.0281006 
-0.0546422 0.144112 0.011933 
-0.0378732 0.14401 0.0271532 
-0.0145298 0.144249 0.0317947 
0.0443192 0.128707 0.0332282 
-0.00819556 0.143772 0.0321053 
0.0479727 0.12721 0.033624 
-0.00317547 0.143505 0.0317355 
-0.0683987 0.0618074 -0.0109577 
0.000283246 0.1439 0.0308628 
-0.0499587 0.142996 0.020048 
0.0400496 0.140196 0.0340198 
0.0399704 0.144129 0.0343251 
0.069184 0.141458 0.0327363 
-0.0783058 0.145161 0.000283408 
-0.0660074 0.0577323 -0.0167824 
-0.0452339 0.128924 0.026525 
0.059097 0.143974 0.0354793 
0.0641861 0.142327 0.033677 
0.019395 0.175374 0.00972387 
0.00304324 0.112519 0.0348017 
-0.0842733 0.148704 -0.00490227 
-0.0810618 0.147899 -0.00245099 
0.0374691 0.172681 0.013586 
-0.0434496 0.147811 0.0229434 
0.0444658 0.198426 0.025088 
0.0274712 0.157733 0.00923802 
-0.0769219 0.148975 -0.00201689 
0.0825863 0.0564394 0.0539521 
-0.0744493 0.14737 0.000472436 
-0.0616041 0.0717094 -0.00980274 
-0.0514449 0.149794 0.0113152 
-0.0403723 0.14964 0.0236821 
-0.037043 0.148652 0.0258378 
0.0414757 0.127465 0.0309155 
-0.0676698 0.149813 -0.000847237 
-0.0195384 0.1491 0.0302633 
-9.17646e-05 0.114249 0.0338133 
-0.0777442 0.150204 -0.00573365 
-0.0893573 0.150446 -0.0111945 
-0.0889015 0.15003 -0.00910603 
0.027317 0.148555 0.0259014 
-0.0148673 0.133248 0.0309648 
0.0357665 0.14834 0.0327336 
0.0390032 0.148606 0.0366348 
-0.0669089 0.0824171 -0.00980924 
0.0414904 0.146489 0.0359637 
0.0451017 0.149551 0.0408924 
0.0495488 0.146259 0.0378715 
-0.0451394 0.134035 0.025988 
0.0604884 0.14573 0.0353431 
-0.0188971 0.13478 0.0300775 
0.0334695 0.149184 0.0308759 
-0.0768591 0.152468 -0.00621614 
0.0576581 0.176195 0.0389978 
-0.0502253 0.153815 0.0100578 
0.00306141 0.155501 0.0193395 
-0.0470541 0.152715 0.0135111 
-0.0386724 0.153116 0.0216488 
-0.036422 0.15216 0.0243722 
-0.0325474 0.153718 0.0248179 
0.0115289 0.0858524 0.0337729 
-0.0758772 0.153783 -0.0061017 
-0.0442987 0.154944 0.0134741 
-0.037798 0.0921537 0.0286654 
-0.0262074 0.153552 0.0269539 
-0.0190506 0.152427 0.0289134 
0.0290577 0.151218 0.0449628 
-0.0281384 0.155777 0.0243617 
0.0300167 0.154504 0.042022 
-0.0350698 0.0974786 0.0303726 
-0.0169872 0.163453 0.0174721 
0.0449946 0.15428 0.0418494 
0.00423579 0.154741 0.0206135 
-0.0469054 0.155903 0.0104613 
0.03565 0.155241 0.0431649 
0.0554799 0.127242 0.0340539 
0.0260826 0.155286 0.0262698 
-0.0478181 0.157822 0.00916878 
-0.0467779 0.158371 0.010195 
-0.0368176 0.159205 0.0150484 
0.0328698 0.156239 0.0404228 
-0.0268065 0.157912 0.0213974 
-0.0583716 0.072914 -0.00972557 
-0.0176848 0.157628 0.0234233 
-0.0430486 0.158764 0.0120291 
-0.00292339 0.15878 0.0192162 
0.0521642 0.137225 0.0340959 
0.00423411 0.157424 0.0199302 
0.0292928 0.158469 0.0126142 
0.0436812 0.166392 0.0433621 
0.0692263 0.0928722 0.038329 
0.0259734 0.157068 0.0259117 
0.0661592 0.0904664 0.0391231 
0.0273319 0.159447 0.0262304 
0.0308178 0.158698 0.0278391 
-0.0583027 0.0520685 0.0155579 
0.0348654 0.158814 0.0317872 
0.0404108 0.159181 0.0439115 
-0.00886176 0.162635 0.0188432 
0.0458125 0.156756 0.0415057 
-0.0263739 0.0721716 0.0405446 
0.0417041 0.159329 0.0440473 
-0.0232336 0.129094 0.0239399 
0.0218361 0.0669868 0.0366831 
-0.0247193 0.163695 0.0157988 
-0.0203162 0.161419 0.0173418 
-0.0328019 0.0815837 0.031613 
-0.0384714 0.162503 0.0123812 
0.0253728 0.160669 0.0117231 
0.0512832 0.16105 0.040721 
-0.0190205 0.163649 0.0162556 
0.0199709 0.161035 0.0104807 
-0.0739885 0.15039 -0.00186144 
0.0335738 0.16085 0.0154908 
-0.0262164 0.164341 0.013978 
0.0187762 0.163818 0.0102868 
0.0219267 0.163782 0.0114933 
0.0249515 0.163729 0.0121549 
0.0294543 0.163653 0.0131868 
0.041607 0.168178 0.0443889 
-0.0596043 0.0511344 -0.0181318 
0.0343831 0.164064 0.0156063 
-0.0537643 0.0693592 0.00985492 
0.0107742 0.0973478 0.0358683 
0.0309546 0.163795 0.0268844 
-0.0131311 0.122449 0.024746 
0.0282576 0.163132 0.042285 
0.0172095 0.163784 0.00827553 
0.0649523 0.0955546 0.0320861 
0.0134474 0.121511 0.0339343 
-0.00701284 0.116616 0.0282453 
0.0449805 0.164462 0.0422022 
0.0503884 0.172559 0.041849 
0.00788902 0.196666 0.0278884 
-0.0724631 0.069812 -0.0239378 
0.0530701 0.163617 0.0393626 
0.0474796 0.17432 0.0420379 
0.0379424 0.166218 0.0434757 
0.0227803 0.167842 0.0109523 
0.0351564 0.169257 0.0266801 
0.0452753 0.165807 0.0429349 
0.0358068 0.170029 0.0437952 
0.0389449 0.169731 0.0449788 
-0.0578173 0.117569 0.0137115 
0.0332654 0.170302 0.0128838 
0.0320322 0.170055 0.0409748 
0.0305204 0.153269 0.0445589 
0.0512199 0.170415 0.0413491 
0.0328766 0.171515 0.0407055 
0.0476404 0.0717106 0.0416092 
-0.0538175 0.151289 0.00831052 
0.0128486 0.117315 0.0350229 
0.0472794 0.171441 0.0406595 
0.0309234 0.15365 0.0284913 
0.0225543 0.174337 0.0106233 
0.0294813 0.173626 0.0115164 
0.0395296 0.173242 0.0177555 
0.0398894 0.174874 0.0249143 
0.0326846 0.172867 0.040613 
0.0694143 0.106048 0.0329008 
0.0353678 0.173404 0.0432473 
0.0457586 0.17454 0.0410082 
0.0728371 0.105962 0.032858 
-0.0140695 0.128793 0.0294756 
0.0313013 0.175533 0.0444048 
-0.0609845 0.133761 0.0089705 
0.0402579 0.175012 0.0133542 
0.027651 0.177034 0.0446722 
0.043736 0.176409 0.0413929 
