0.034179 0.190089 0.0123767 
0.0355425 0.189666 0.0125354 
0.0335364 0.187513 0.00624982 
0.0398328 0.188397 -0.0207893 
0.0351509 0.18545 0.00846035 
0.0361149 0.183222 0.005646 
0.0344212 0.183485 0.00295671 
0.0337265 0.183293 -0.000977342 
0.0337539 0.182812 -0.00390203 
0.0340401 0.182259 -0.00783843 
0.0358305 0.180967 0.00136329 
0.0364276 0.17962 -0.00106488 
0.0216856 0.18008 -0.0292297 
0.0354256 0.178628 -0.0216723 
0.0229364 0.180938 -0.0262784 
0.0352081 0.179296 -0.00457364 
0.0554407 0.177955 -0.0174212 
0.0539004 0.176537 -0.0202804 
0.0364882 0.177115 -0.00797317 
0.0351882 0.17822 -0.0113512 
0.0359349 0.178629 -0.0239098 
0.0237896 0.178477 -0.028271 
0.0221363 0.178406 -0.030219 
0.0376213 0.176147 -0.00975168 
0.0366425 0.175875 -0.0119681 
0.031938 0.173946 -0.0259892 
0.0526208 0.171604 -0.000241338 
0.0528677 0.173545 -0.0213051 
0.037789 0.174009 -0.0152013 
0.019474 0.173231 -0.00368991 
0.0221908 0.173199 -0.0155224 
0.0211371 0.173262 -0.0170178 
0.0539566 0.17091 -0.0186816 
0.0511582 0.171085 -0.0240576 
0.0351221 0.171876 -0.0218338 
0.0521824 0.17074 -0.021396 
0.0330644 0.171815 -0.0225541 
0.0341216 0.180642 -0.00805497 
0.0274659 0.171667 -0.0470535 
0.0235477 0.171906 -0.0302562 
0.0513382 0.169119 -0.00410321 
0.0210742 0.171366 -0.0183969 
0.0523149 0.169492 -0.00106089 
0.0477519 0.168914 -0.0167805 
0.0375243 0.183616 -0.0238852 
0.0523041 0.166762 -0.00448025 
0.0506966 0.168362 -0.00654194 
0.0495118 0.168463 -0.0114209 
0.0451958 0.167943 -0.0163209 
0.0425689 0.169898 -0.0174123 
0.0369734 0.167215 -0.0122156 
0.0374517 0.169236 -0.0153277 
0.035689 0.169564 -0.0175149 
0.0326023 0.167465 -0.0170479 
0.0224604 0.167928 -0.00678019 
0.0200518 0.170364 -0.00493715 
0.0197342 0.168514 -0.0109441 
0.0200447 0.168467 -0.0147293 
0.02355 0.169695 -0.0324998 
0.0419859 0.166222 -0.0151051 
0.0351999 0.16657 -0.0147746 
0.0533515 0.16483 -0.00538902 
0.033981 0.166359 -0.0160442 
0.0272765 0.166152 -0.0585041 
0.0210125 0.165678 -0.0172007 
0.0258346 0.164973 -0.0633508 
0.0239751 0.165688 -0.0105231 
0.0522453 0.161852 0.00227967 
0.0508124 0.162569 -0.000124007 
0.0495418 0.162948 -0.00484085 
0.0504746 0.164752 -0.00625222 
0.0451765 0.164752 -0.0141734 
-0.0349605 0.0653274 0.0616983 
0.0169635 0.0623794 0.0543469 
0.0415587 0.172285 -0.0181123 
-0.0230185 0.11493 0.0307157 
0.0101511 0.0973807 0.0530891 
-0.00105533 0.126985 0.064148 
-0.00225079 0.0964742 0.0544491 
-0.0078769 0.0979294 0.053453 
-0.0488549 0.0803665 0.0625606 
0.0343816 0.151887 -0.00623342 
-0.0407226 0.0998303 0.0295215 
-0.0151598 0.126847 0.0746619 
0.0221582 0.172457 -0.0155396 
-0.0430922 0.0994402 0.0208117 
-0.019046 0.126201 0.0459512 
-0.0137721 0.0710001 0.0566548 
-0.0462579 0.0997251 0.0615026 
0.0127271 0.091895 0.0498534 
-0.0479022 0.0662612 0.0539996 
0.00900789 0.0916214 0.0513896 
-0.0416515 0.0956467 0.0295852 
-0.0438554 0.0954979 0.0239251 
-0.0329142 0.135746 0.0858032 
0.0235677 0.168026 -0.0346886 
-0.0439963 0.0954146 0.0210595 
-0.0422882 0.1002 0.0235907 
-0.026608 0.127903 0.0780923 
0.00238844 0.131764 0.0627393 
0.00840834 0.088766 0.051321 
0.044306 0.154803 -0.0104776 
0.00492318 0.0876075 0.0517743 
0.0279519 0.0574223 0.0526542 
0.000588047 0.0876714 0.0501854 
-0.0404956 0.107403 0.0646069 
-0.00228618 0.0863288 0.0485202 
-0.0427282 0.0982266 0.0268791 
-0.0312082 0.129679 0.0840722 
-0.000660266 0.131076 0.0635975 
-0.00509681 0.0885542 0.0481337 
0.0204184 0.165665 -0.0154278 
0.0350841 0.154735 -0.0061403 
-0.00836386 0.0878791 0.0470384 
-0.0434292 0.091451 0.0267222 
-0.0519552 0.0889916 0.0551506 
-0.0486506 0.0899161 0.0637795 
0.0105927 0.0830393 0.0528257 
-0.0278739 0.0606729 0.0664797 
-0.0445942 0.0924187 0.0220219 
0.000798237 0.0736442 0.0563255 
0.00359812 0.139674 0.0599071 
-0.0283838 0.113653 0.0716763 
-0.0269911 0.0704309 0.0636098 
0.00399863 0.0834083 0.0535995 
0.0193125 0.157485 -0.0196981 
-0.00124511 0.0822584 0.05134 
-0.00505512 0.0834971 0.0471384 
-0.00578198 0.0924389 0.0499915 
-0.0246355 0.0566953 0.0654938 
0.00835501 0.0949051 0.0529192 
-0.00795048 0.0837759 0.0459285 
-0.042481 0.0916488 0.028408 
-0.0376842 0.0675055 0.0617189 
0.00130889 0.0909884 0.0518031 
-0.0433245 0.0954306 0.0267787 
0.0194715 0.075696 0.0449694 
-0.0407089 0.0853139 0.0680938 
-0.0309359 0.0653394 0.0650366 
-0.0352437 0.108135 0.0703677 
-0.0448251 0.0849225 0.0665462 
-0.00325925 0.0730883 0.0573228 
0.0544881 0.17359 -0.0180112 
-0.00304605 0.153228 0.0360887 
0.00571928 0.140669 0.0586926 
-0.0493332 0.0854893 0.0632293 
-0.0528494 0.0854991 0.0547942 
0.000752583 0.0782334 0.0553354 
-0.0279378 0.115798 0.0271599 
0.0338957 0.185453 0.00561944 
-0.00317921 0.0788924 0.0529554 
-0.00784158 0.107457 0.0597574 
-0.00642933 0.0790499 0.0486045 
0.00796096 0.153809 0.0465676 
0.0109006 0.092974 0.0510402 
0.0227203 0.163765 -0.0327843 
-0.0328841 0.078202 0.0661723 
-0.0299504 0.104086 0.0721951 
-0.0443521 0.0998847 0.0657498 
-0.0446791 0.0803765 0.065068 
-0.00371557 0.068714 0.0586619 
-0.0518971 0.0808276 0.0586957 
-0.0496504 0.0825676 0.0626185 
0.00362568 0.070686 0.0554995 
-0.0511304 0.0670295 0.0455487 
-0.0397198 0.0582362 0.0180482 
-0.0448603 0.0616859 0.0510312 
-0.00227735 0.140323 0.0609963 
-0.0072654 0.0639485 0.0620599 
-0.027913 0.116667 0.0705551 
0.00751755 0.0979709 0.0546984 
0.018763 0.0591834 0.052849 
0.0352293 0.164586 -0.0120648 
-0.0109228 0.0626998 0.0633216 
-0.000975584 0.0635051 0.0608693 
-0.0113155 0.144437 0.0505749 
0.0247384 0.173602 -0.0334119 
-0.0459633 0.0904069 0.0667145 
0.00421584 0.0784079 0.0552904 
0.0223238 0.155685 -0.0338296 
0.0242861 0.0658794 0.0499515 
0.0346812 0.174708 -0.024108 
-0.0372801 0.083642 0.0676738 
-0.0336031 0.109981 0.0705083 
0.027189 0.0562136 0.0517804 
0.0106932 0.0706241 0.0562526 
-0.0372353 0.101587 0.0317363 
-0.0467819 0.0860334 0.06579 
-0.0316265 0.141002 0.0783468 
-0.0344241 0.0759576 0.0659787 
0.0491341 0.169237 -0.0142254 
-0.0301189 0.116695 0.0681188 
0.023579 0.0756586 0.0446826 
0.0365296 0.164145 -0.00868483 
-0.0156951 0.0742556 0.0497295 
-0.0412503 0.0947847 0.069613 
-0.0532553 0.0745548 0.051002 
-0.0271655 0.116099 0.0280202 
0.021192 0.0588466 0.0544479 
-0.0521503 0.0726365 0.0538891 
-0.0394672 0.108693 0.0629435 
-0.00273229 0.151314 0.0558776 
-0.0420603 0.0638972 0.0566551 
-0.0407687 0.0808098 0.0665185 
-0.00818667 0.111889 0.0614964 
0.00978244 0.160169 0.0369713 
-0.047156 0.0622722 0.0479147 
0.0255645 0.0593576 0.0553904 
0.0412585 0.189583 -0.0183103 
-0.0245309 0.122826 0.0687269 
-0.00170638 0.0606827 0.0613943 
-0.00650886 0.0741813 0.0559856 
-0.00462916 0.112643 0.0624395 
-0.00949012 0.0721014 0.0572786 
0.0330845 0.173318 -0.0233641 
0.0243919 0.0690194 0.0488417 
0.00707967 0.0687521 0.0570872 
0.00492848 0.0926321 0.0527584 
-0.0175456 0.0564104 0.0657066 
0.00282914 0.0644542 0.0594935 
-0.010948 0.143932 0.0525582 
-0.00988872 0.074788 0.0523292 
0.00743511 0.0723714 0.0548716 
-0.0374477 0.0616596 0.0570246 
-0.00940075 0.147229 0.0491591 
0.0398875 0.192204 -0.0192013 
0.0069916 0.143923 0.0567081 
0.032753 0.152303 -0.0102626 
-0.0353885 0.0593975 0.0551702 
0.0221314 0.0703114 0.0478782 
0.0190492 0.0735665 0.0464224 
-0.0104525 0.145087 0.051995 
-0.00389305 0.0599068 0.0622267 
0.00941087 0.14417 0.0548054 
-0.010442 0.0660232 0.0611702 
-0.0502924 0.0719921 0.0567003 
0.00153241 0.0942408 0.0538426 
-0.0214367 0.0569119 0.0662199 
-0.0417054 0.0576281 0.0474224 
-0.0309837 0.070211 0.0640756 
0.0360625 0.174205 -0.018782 
0.00401857 0.149216 0.0534194 
-0.012882 0.074747 0.0492194 
-0.04354 0.094308 0.068538 
0.0230402 0.0575952 0.0546602 
-0.0388014 0.0645752 0.0590799 
0.0101017 0.0732602 0.0539009 
-0.0453022 0.0945224 0.0669545 
-0.0313404 0.0564938 0.052764 
-0.000338689 0.0665458 0.0596551 
0.00737554 0.0823665 0.0540496 
0.0262719 0.0674789 0.0493264 
-0.0433612 0.0868603 0.0231625 
-0.00751651 0.0943993 0.0509897 
-0.0494036 0.0695739 0.0556487 
-0.0239772 0.0746915 0.0616435 
0.00521134 0.0963798 0.0546273 
-0.0142202 0.0601667 0.0645117 
0.0207544 0.17034 -0.0222534 
0.00587433 0.136453 0.0601022 
-0.0279258 0.145514 0.0828525 
-0.0473199 0.0983085 0.0582653 
-0.0236953 0.125585 0.0782619 
-0.0495763 0.0912569 0.0617665 
-0.0386423 0.0998129 0.0314686 
-0.0291324 0.0566144 0.0532863 
0.0207744 0.0624659 0.055413 
-0.0113701 0.0592268 0.0643134 
-0.0474546 0.0935399 0.0645206 
-0.0518266 0.0857511 0.0588629 
-0.00338163 0.0647352 0.0610311 
-0.0439328 0.0759851 0.0635861 
0.0246844 0.179861 -0.0221028 
0.02554 0.169374 -0.0422533 
-0.0249457 0.0600794 0.0666004 
-0.0159437 0.0688882 0.0594935 
-0.025687 0.103767 0.0710792 
-0.00885652 0.056479 0.0635861 
-0.0168869 0.118683 0.0720435 
-0.0379069 0.057193 0.0514495 
-0.0120204 0.056315 0.0645471 
-0.0479468 0.0952735 0.0622463 
-0.050887 0.0859304 0.0611085 
-0.0252531 0.149745 0.0749282 
-0.00519159 0.0765933 0.053903 
-0.0232707 0.122099 0.0296185 
0.0100488 0.065206 0.0565573 
-0.0336028 0.0618709 0.0601643 
0.0356691 0.155413 -0.00650325 
0.00684553 0.0780246 0.0546639 
0.0254815 0.0645104 0.0502265 
-0.00714874 0.0595993 0.0633181 
-0.0378311 0.0751924 0.0650768 
-0.00176046 0.147826 0.0568402 
-0.0413366 0.0613993 0.0542039 
-0.028155 0.0638153 0.0661348 
-0.0273499 0.130642 0.0834773 
-0.0480457 0.0759122 0.0613956 
-0.0490473 0.0947696 0.0578605 
-0.0115212 0.077192 0.0473848 
-0.030391 0.0603894 0.0644027 
-0.0123512 0.0724526 0.0546626 
0.000126607 0.156758 0.0494271 
-0.0251789 0.118828 0.0293135 
-0.00661507 0.0710713 0.0585273 
-0.0459828 0.0607364 0.0451869 
-0.0245276 0.0648593 0.065339 
0.00778675 0.105135 0.0573868 
-0.0226864 0.128229 0.0783063 
0.0176142 0.066394 0.0549824 
-0.000295294 0.0845093 0.0500034 
0.00501733 0.157981 0.0437933 
0.0480057 0.164234 -0.010953 
-0.0226252 0.140675 0.0803595 
-0.0393345 0.0588094 0.0524029 
0.0045214 0.159285 0.0433032 
-0.0205633 0.0662133 0.0637483 
-0.0269834 0.100031 0.0705745 
-0.0411068 0.0996947 0.0694093 
0.0234327 0.072035 0.0462397 
-0.021713 0.118265 0.0720696 
-0.0528446 0.0711546 0.0477935 
-0.0521327 0.0709023 0.0512656 
-0.0268433 0.0739941 0.0621762 
0.0185148 0.162476 -0.0118995 
-0.0309519 0.0576801 0.0579451 
-0.0209495 0.136478 0.0803901 
-0.0346016 0.0692544 0.0635748 
0.0247212 0.175895 -0.030712 
-0.0293791 0.113352 0.0275733 
-0.0471648 0.0721021 0.0598534 
0.012048 0.0715112 0.0558849 
-0.0211012 0.0629603 0.0657194 
0.0421808 0.162691 -0.0124987 
-0.030655 0.0993872 0.0715441 
-0.0250722 0.150921 0.0745411 
-0.00739962 0.0767638 0.0514951 
0.0347218 0.191534 0.0128555 
-0.0260742 0.118957 0.0700115 
-0.0325007 0.0597619 0.0584378 
0.0138549 0.0639481 0.0551205 
-0.038635 0.104528 0.0275838 
-0.0144562 0.0562238 0.0650784 
-0.0535962 0.0751096 0.049174 
-0.0378222 0.0798308 0.0663519 
-0.0432947 0.0580404 0.0442052 
-0.0363583 0.0996015 0.0714192 
-0.0175398 0.13213 0.0775468 
-0.033178 0.0941995 0.0705783 
-0.044394 0.0662666 0.0571799 
0.0113219 0.0633249 0.0541258 
0.0192702 0.169662 -0.008367 
-0.0499264 0.0648363 0.0480773 
-0.0373109 0.070721 0.0635385 
-0.024376 0.0692109 0.0634568 
0.0409968 0.192595 -0.017512 
0.0153953 0.0740734 0.0482676 
-0.0456498 0.0964987 0.0659073 
0.0114205 0.144973 0.053039 
0.0105552 0.0789388 0.0529867 
0.0240892 0.0631872 0.0550039 
0.00444695 0.07331 0.0548537 
-0.0210741 0.0695621 0.0624779 
-0.0412662 0.0900841 0.0691289 
0.02148 0.0735348 0.0455473 
0.0391029 0.18447 -0.0219506 
0.0218746 0.0764368 0.0444142 
-0.0345842 0.0573601 0.0531408 
-0.0300429 0.0581793 0.062521 
-0.0239917 0.0726989 0.0621871 
0.00788918 0.0859102 0.052942 
-0.00696889 0.0671038 0.0598962 
0.0479938 0.159855 -0.00760245 
0.00304606 0.0677643 0.0583606 
-0.0453562 0.101494 0.0590665 
-0.00585809 0.150544 0.0575781 
0.0232492 0.175765 -0.0320937 
-0.0442709 0.0889205 0.0676865 
-0.0508162 0.0905463 0.0581694 
0.00735057 0.0651707 0.0577051 
-0.0442507 0.0727436 0.0618748 
0.00137881 0.0817544 0.0538072 
-0.0534655 0.0808569 0.0539591 
-0.0415536 0.0705056 0.061705 
-0.00928338 0.0792157 0.0466195 
0.0100938 0.0677185 0.0570049 
-0.0405821 0.0669257 0.0598085 
0.0342862 0.181166 -0.00111313 
0.0132924 0.0678058 0.0562917 
0.00886184 0.160439 0.0366425 
0.00066162 0.0696761 0.0570033 
0.021712 0.168557 -0.0234277 
0.00270164 0.136139 0.0615279 
-0.0176413 0.0596337 0.0658223 
0.00158897 0.0978871 0.0558917 
-0.0513524 0.0761251 0.057799 
0.0222507 0.153082 -0.0340047 
-0.00135858 0.111382 0.062262 
0.0182572 0.156927 -0.0124935 
0.0221961 0.0679078 0.0496793 
0.0197434 0.155723 -0.0228457 
-0.0161575 0.12281 0.0731626 
-0.0344382 0.0802237 0.066919 
-0.020575 0.122689 0.0301611 
-0.0290093 0.0568202 0.0625425 
-0.0370734 0.106894 0.024196 
-0.0400047 0.0593822 0.0177895 
-0.0409892 0.101668 0.0277085 
-0.0225769 0.0733285 0.0618575 
-0.0214729 0.0595733 0.066701 
-0.00180246 0.0995882 0.0568403 
-0.0445348 0.102782 0.0599337 
-0.0442804 0.103248 0.0613969 
-0.0308961 0.0956533 0.0704139 
-0.00192367 0.154153 0.0381788 
0.0234626 0.165549 -0.0360981 
-0.0424908 0.104395 0.0647434 
-0.0397665 0.104637 0.068597 
-0.0403079 0.10423 0.0231599 
-0.00711115 0.150436 0.0351428 
-0.035404 0.104604 0.0309464 
-0.0427664 0.0590771 0.0488186 
-0.00899439 0.10122 0.0556619 
-0.00580661 0.10198 0.0571806 
-0.0503702 0.0668339 0.0503298 
-0.0252723 0.123138 0.0647462 
0.0249445 0.161741 -0.0557223 
-0.00786576 0.103731 0.0576923 
0.0103708 0.150168 0.0492664 
-0.0181507 0.0641306 0.0644626 
-0.00160184 0.103203 0.0587939 
-0.0136819 0.0645924 0.0629449 
0.00204117 0.101726 0.0580431 
0.00454871 0.102969 0.0578266 
0.00762686 0.101737 0.0561063 
0.0516921 0.172959 -0.0244713 
-0.0237565 0.105291 0.0704953 
-0.0267325 0.121567 0.0650694 
0.0106116 0.100853 0.0539514 
0.021681 0.165521 -0.0249567 
-0.04192 0.106175 0.0619735 
-0.0318337 0.106082 0.0315639 
-0.0190709 0.124815 0.0457974 
0.00932155 0.141124 0.0562639 
-0.0383415 0.106637 0.0232611 
-0.0260424 0.107542 0.0720905 
-0.021574 0.11854 0.0306062 
-0.0235709 0.108896 0.071632 
-0.0357936 0.107807 0.0242459 
-0.0336525 0.10779 0.0297316 
0.0287915 0.173721 -0.026192 
-0.0290301 0.109807 0.0310104 
-0.00990828 0.0693215 0.0592949 
-0.00151139 0.107292 0.0607655 
0.0016448 0.108102 0.0607863 
0.0247645 0.160731 -0.0496128 
-0.0292978 0.129855 0.0840597 
0.0050086 0.10719 0.0593398 
-0.0206157 0.109406 0.0705757 
-0.0253635 0.117041 0.0302653 
0.000202581 0.15726 0.0474041 
0.0237849 0.175165 -0.024902 
-0.0323483 0.113836 0.0688862 
-0.025966 0.111572 0.0725153 
-0.0228125 0.113378 0.0720954 
0.0217074 0.165333 -0.0124185 
-0.0182808 0.124195 0.0294192 
-0.01897 0.113703 0.0713089 
-0.0171611 0.115552 0.0711822 
0.0106494 0.087077 0.0517032 
-0.0329494 0.114993 0.0637725 
0.0186129 0.1637 -0.0100381 
-0.0266514 0.113924 0.0302705 
-0.00226985 0.154914 0.0538691 
0.0244755 0.1635 -0.0530811 
0.00145968 0.112595 0.0621983 
-0.0290916 0.132849 0.0842764 
0.00563468 0.111728 0.0603336 
0.00598408 0.117097 0.0612136 
-0.0256874 0.114896 0.0721664 
-0.00880123 0.113351 0.0619884 
-0.031212 0.11701 0.0639048 
-0.0183483 0.117009 0.0719536 
-0.0289457 0.11879 0.0657566 
-0.00126071 0.114608 0.0632043 
-0.00485911 0.117349 0.0635911 
-0.0305233 0.140265 0.0796208 
-0.0273815 0.116785 0.0272116 
-0.0210496 0.12285 0.0720069 
-0.0346518 0.0849131 0.0679169 
-0.0381664 0.108201 0.0675994 
-0.00746019 0.117716 0.0633395 
-0.0311734 0.139925 0.0836491 
-0.00128597 0.117827 0.0639294 
-0.0256324 0.133541 0.0826582 
0.00214665 0.117248 0.0629448 
-0.0209799 0.132943 0.0793599 
0.0222006 0.1684 -0.0221055 
0.0310823 0.155878 -0.012876 
-0.0374912 0.0866032 0.0688023 
-0.0184274 0.120399 0.0727744 
-0.0372097 0.0901263 0.0699636 
-0.0350027 0.112859 0.065188 
-0.0183496 0.123971 0.0736686 
-0.00444826 0.122395 0.0644443 
-0.00136236 0.122418 0.0642605 
-0.0357389 0.107447 0.0273195 
0.022585 0.160105 -0.0358003 
0.00229492 0.122106 0.063368 
0.0249001 0.17538 -0.0235723 
0.0321196 0.160057 -0.0138855 
0.0219376 0.161981 -0.0317398 
0.00605642 0.121748 0.0614672 
0.0186089 0.161778 -0.00413999 
-0.0331768 0.106132 0.0717565 
-0.0187477 0.124811 0.0472324 
-0.0279291 0.06723 0.0649017 
-0.0254068 0.125482 0.078264 
0.00598107 0.126541 0.0617976 
-0.0257424 0.127182 0.0785859 
0.00594033 0.131625 0.061278 
-0.0186504 0.126535 0.0472108 
0.00248465 0.127009 0.063326 
-0.0308826 0.133155 0.0834524 
0.0031257 0.156234 0.0487762 
-0.0454893 0.0697423 0.0592336 
-0.00177999 0.132233 0.0635645 
0.00966778 0.132837 0.0579072 
-0.0335572 0.137794 0.0861919 
-0.031913 0.137702 0.0870436 
-0.0289788 0.138144 0.0852903 
-0.0249632 0.137864 0.0830326 
-0.0184948 0.135423 0.078813 
-0.0356814 0.104236 0.0712436 
-0.00165565 0.136723 0.0623362 
0.00968218 0.136084 0.0574697 
-0.0371498 0.110465 0.0660633 
-0.0310345 0.140288 0.0779694 
0.0243644 0.16111 -0.0434454 
-0.0287161 0.141848 0.0816083 
-0.0305765 0.143346 0.0819307 
0.0232811 0.183237 -0.0240606 
0.024662 0.16197 -0.0533034 
-0.0257794 0.142248 0.0820293 
0.0487624 0.159833 -0.00512318 
0.0235342 0.163915 -0.0457203 
-0.031646 0.115893 0.0651213 
0.000306353 0.141729 0.0599187 
0.00436841 0.142817 0.0581112 
-0.027968 0.144842 0.0828788 
-0.0347101 0.146504 0.0815763 
0.0255992 0.0616033 0.0556371 
-0.0318531 0.147011 0.0835559 
-0.0073309 0.147501 0.0511277 
0.0181279 0.157653 -0.00900607 
-0.0339445 0.0894872 0.0691716 
-0.00652323 0.120733 0.0641163 
-0.00519553 0.147009 0.0595226 
-0.010576 0.147368 0.0455362 
0.0350792 0.179686 -0.0147164 
-0.00273633 0.0841056 0.0479956 
-0.000244057 0.145275 0.0579737 
0.034467 0.188038 0.0105705 
0.0354139 0.178629 -0.0185731 
0.00395267 0.146135 0.0562399 
0.0367608 0.181206 -0.0220124 
0.00840738 0.146659 0.053656 
-0.0316078 0.107313 0.0313245 
0.0183531 0.160419 -0.00311832 
-0.0354766 0.148728 0.0826004 
0.0354374 0.158075 -0.00613776 
-0.034197 0.148968 0.083669 
-0.0180895 0.127962 0.0759684 
-0.0393457 0.0971452 0.0312045 
-0.0367406 0.0947639 0.0709523 
-0.0272078 0.149398 0.0737902 
-0.00992758 0.148433 0.043527 
0.0113491 0.147611 0.0510739 
-0.0333446 0.0974616 0.0716812 
-0.00874868 0.148366 0.0361889 
0.0183038 0.155851 -0.0152932 
0.000923555 0.148284 0.0557324 
-0.0342394 0.15059 0.0834366 
-0.0319543 0.110203 0.0286295 
-0.0264921 0.151466 0.0735967 
-0.029349 0.108969 0.0721825 
-0.00560839 0.15167 0.0396496 
0.00150654 0.151205 0.0529843 
-0.00768736 0.150014 0.0422256 
-0.00308924 0.127234 0.0643953 
0.00525268 0.151675 0.0505175 
0.0246134 0.183189 -0.0217523 
-0.00557352 0.150866 0.0459343 
-0.00395509 0.151747 0.0495313 
-0.0439473 0.0903276 0.0242094 
0.00641483 0.149514 0.0524248 
0.000253436 0.137537 0.0616261 
-0.004009 0.152384 0.0337426 
-0.00230592 0.15299 0.0415352 
-0.00330383 0.15295 0.0529621 
0.00765062 0.152468 0.0487041 
-0.00166877 0.0895553 0.0500192 
-0.0331606 0.143482 0.0799712 
0.0333705 0.151745 -0.00826702 
-0.000599812 0.154492 0.0386492 
-0.000920204 0.15411 0.0414073 
-0.00333534 0.155037 0.0526056 
-0.000264978 0.134097 0.0627424 
-0.000212396 0.155302 0.0524349 
0.0102491 0.153413 0.0446293 
0.0265244 0.0701248 0.0483221 
0.0219262 0.153098 -0.0353109 
0.0100791 0.154127 0.0444679 
-0.0140359 0.0679519 0.0606587 
0.0201908 0.0655515 0.0547602 
-0.00470324 0.108254 0.0609732 
0.0220048 0.155582 -0.0354117 
-0.00492306 0.0955412 0.0528113 
0.0330141 0.155152 -0.0109089 
-0.00185508 0.0932018 0.0523215 
0.0335123 0.153209 -0.00844706 
0.0222118 0.16616 -0.0224643 
-0.0103198 0.143698 0.0529709 
0.0424166 0.155043 -0.010305 
0.020015 0.156701 -0.024179 
-0.0532463 0.0763996 0.0536546 
0.0462381 0.156154 -0.00981466 
0.0210345 0.159879 -0.0267514 
0.0202295 0.160237 -0.0197846 
-0.0322515 0.0742749 0.0645858 
0.0176975 0.160242 -0.00783987 
-0.00485339 0.0985663 0.0551165 
0.0340949 0.159896 -0.0114696 
0.0426064 0.159659 -0.0116427 
0.00803692 0.160272 0.0359589 
0.03597 0.160356 -0.0077061 
0.0467446 0.159506 -0.0100888 
0.0504571 0.159561 0.000488711 
0.0445419 0.160525 -0.0121465 
0.0522963 0.159698 0.00265568 
0.022201 0.161319 -0.0297353 
-0.0260281 0.110572 0.0725493 
0.0201999 0.161413 -0.0220423 
-0.0415081 0.0742085 0.0636887 
0.0242572 0.162489 -0.0461413 
0.0262602 0.164649 -0.0573255 
0.0240078 0.163518 -0.0497841 
0.0250836 0.166562 -0.0436181 
0.0227618 0.164414 -0.0389554 
0.0326166 0.164527 -0.0158037 
