-0.0388005 0.194403 -0.00248413 
-0.0399853 0.188018 0.00206449 
-0.0428807 0.188471 0.000538862 
-0.0265797 0.184886 0.0109878 
-0.040247 0.184915 0.00364597 
-0.0752966 0.182578 0.039104 
-0.0315838 0.181669 0.0146291 
-0.0718664 0.182224 0.0401746 
-0.0731919 0.181575 0.0403944 
-0.0757415 0.181551 0.0393074 
-0.0767127 0.179799 0.0468452 
-0.087926 0.177556 0.0391264 
-0.0701354 0.177549 0.052129 
-0.0806273 0.17943 0.0432164 
-0.058755 0.171925 0.0471631 
-0.060643 0.172506 0.0475183 
-0.0681755 0.174057 0.051509 
-0.0718089 0.173823 0.0490991 
-0.0753499 0.174183 0.0455329 
-0.0731478 0.171808 0.0367073 
-0.0790004 0.173982 0.0419896 
-0.0673304 0.171119 0.049404 
-0.0877717 0.17051 0.036044 
-0.0693831 0.170069 0.0369168 
-0.0702766 0.170262 0.0482956 
-0.0666065 0.167938 0.03399 
-0.0713704 0.169375 0.0346277 
-0.0683219 0.167939 0.0472516 
-0.0681641 0.167266 0.0320684 
-0.0880682 0.167931 0.0335316 
-0.0673422 0.166129 0.0294074 
-0.0517085 0.165763 0.0403712 
-0.0565462 0.164897 0.0427663 
-0.0527329 0.16306 0.0152518 
-0.0814733 0.164835 0.0348654 
0.025184 0.160262 -0.0328356 
-0.0534176 0.163642 0.0396748 
-0.0504437 0.161989 0.0149811 
-0.0529287 0.16173 0.0125502 
-0.0614795 0.165007 0.0452269 
-0.0659788 0.16466 0.0451722 
-0.0820294 0.163912 0.0304644 
-0.0265589 0.160247 0.0133306 
-0.0778562 0.160673 0.0319767 
-0.0793669 0.160949 0.0312617 
0.0199279 0.156959 -0.0287092 
-0.0246688 0.159121 0.0118681 
-0.0330147 0.159294 0.0190547 
-0.0459682 0.159968 0.0178593 
-0.0698055 0.16523 0.0281228 
-0.0582053 0.157009 -0.00199703 
0.0168276 0.154907 -0.0213858 
-0.0356539 0.158893 0.0198088 
-0.0433216 0.157064 0.0266579 
-0.0425629 0.158997 0.0198178 
-0.0459292 0.156758 0.0248887 
-0.0527366 0.156637 0.0152477 
-0.0542438 0.156613 0.0132832 
-0.0539689 0.158885 0.0112669 
-0.0569156 0.158069 0.00760729 
-0.0580109 0.156679 -0.000944412 
-0.0289568 0.18047 0.0161183 
-0.0815897 0.158034 0.0547295 
-0.0851162 0.158711 0.0559023 
-0.0463609 0.156016 0.0228131 
-0.0546485 0.155732 0.0164228 
0.0145918 0.154067 -0.0187809 
-0.0486159 0.155466 0.0300166 
-0.058165 0.154646 0.0195019 
0.0205476 0.15321 -0.0185629 
0.0177547 0.152073 -0.0166346 
0.014211 0.151262 -0.0149533 
0.0109091 0.152892 -0.0166416 
0.00533503 0.151738 -0.0157418 
-0.039336 0.154721 0.0252172 
-0.0843505 0.154294 0.0419402 
-0.0432379 0.154754 0.0282342 
-0.0495436 0.153082 0.0333819 
-0.0751926 0.154846 0.0532454 
0.0318285 0.149245 -0.0205953 
0.00388779 0.149974 -0.0143194 
-0.0454901 0.15124 0.0313496 
-0.0779302 0.153191 0.0544497 
-0.0817138 0.154509 0.0524 
-0.0426561 0.150822 0.0296985 
0.0694137 0.146199 -0.0414028 
-0.0674091 0.164326 0.0260973 
0.0630495 0.14658 -0.0402646 
0.0183069 0.149188 -0.0144477 
0.0293703 0.147734 -0.0182273 
0.0250485 0.148067 -0.0163483 
0.0174674 0.145773 -0.0122969 
0.0144817 0.148163 -0.0129093 
0.0105146 0.146983 -0.0111435 
-0.0697122 0.147688 0.0590024 
-0.0790262 0.14952 0.0565101 
0.0313103 0.150717 -0.021562 
-0.0888692 0.148973 0.0459286 
0.063785 0.142374 -0.0399763 
-0.0860067 0.146207 0.0479727 
0.0309162 0.14275 -0.0174126 
0.00677174 0.142498 -0.00766071 
0.0036878 0.144087 -0.00837762 
0.00199966 0.14188 -0.00669166 
-0.0829267 0.144286 0.0410042 
0.0685681 0.138803 -0.0406144 
-0.0715823 0.143933 0.0472066 
-0.0742278 0.143764 0.0450225 
-0.0899706 0.145008 0.0460485 
-0.00837513 0.139796 -0.00840145 
-0.0658623 0.143095 0.0582855 
0.0147701 0.143744 -0.0106926 
-0.0708906 0.142079 0.041446 
-0.074552 0.142071 0.038828 
-0.0795433 0.142068 0.035588 
-0.0816287 0.143151 0.0399888 
-0.0713457 0.144413 0.0590193 
-0.0886387 0.142281 0.0413631 
-0.0646012 0.162129 0.0448701 
0.0640814 0.13741 -0.0404766 
-0.0632881 0.14159 0.0536998 
-0.0640734 0.141603 0.0537126 
0.0419179 0.135837 -0.0219843 
0.0404013 0.13754 -0.0214424 
0.0360063 0.137918 -0.0191234 
0.0669902 0.134261 -0.0410826 
0.0311987 0.138095 -0.0173459 
0.0287389 0.136208 -0.0166704 
-0.042243 0.183657 0.00432139 
0.0167559 0.138472 -0.0103453 
0.0139816 0.137133 -0.00879581 
0.0285987 0.144077 -0.0167309 
0.0032457 0.13743 -0.00459861 
0.000476412 0.138505 -0.00460141 
-0.088359 0.140618 0.0388473 
-0.0583764 0.155651 0.000190688 
-0.03502 0.139373 0.0168426 
-0.0585812 0.155733 0.00290011 
-0.0390322 0.138805 0.0182522 
-0.0427277 0.137863 0.0191327 
-0.0460026 0.138912 0.0178288 
-0.0502529 0.13859 0.0150956 
-0.0534476 0.138436 0.0110106 
-0.0552385 0.137604 0.00735046 
0.0645451 0.132952 -0.0409676 
0.0647082 0.12988 -0.0413976 
0.0437803 0.133463 -0.0228805 
-0.082412 0.172886 0.039538 
0.0396882 0.132706 -0.0205844 
0.0149471 0.156021 -0.0230157 
-0.0555663 0.135711 0.0112395 
0.0110113 0.133605 -0.00676417 
0.00769956 0.133515 -0.00505794 
0.0121364 0.130426 -0.00713692 
0.00282549 0.133155 -0.00301389 
-5.0945e-05 0.131728 -0.00184274 
-0.0758867 0.168987 0.0336133 
-0.00674048 0.138194 -0.00671193 
-0.00693355 0.131346 -0.00175161 
-0.0386602 0.134763 0.0199173 
-0.0365656 0.13298 0.0195926 
-0.0531217 0.134092 0.0177707 
0.0326197 0.157236 -0.0351121 
-0.0560589 0.133803 0.0140051 
-0.0570141 0.134557 0.00732355 
0.0444918 0.12788 -0.022707 
0.0416521 0.127797 -0.0211519 
0.0353884 0.128109 -0.0196987 
0.0270467 0.126539 -0.0217809 
-0.057337 0.155036 0.00811788 
-0.0585243 0.130756 0.0150373 
0.00797622 0.128709 -0.00448804 
0.0416374 0.12455 -0.0210941 
-0.000816412 0.12776 -0.000558147 
-0.0423215 0.130346 0.0232293 
-0.0797349 0.157867 0.053866 
0.045006 0.12374 -0.0228831 
-0.0374823 0.129412 0.0214193 
-0.0571542 0.12935 0.0216826 
-0.0449956 0.185873 1.89104e-05 
0.0277094 0.123464 -0.0228082 
-0.0500524 0.127436 0.0267434 
0.0250985 0.133364 -0.0162581 
-0.0535632 0.128524 0.0250781 
-0.0565504 0.126675 0.0254934 
-0.0591561 0.126679 0.0237206 
-0.0611555 0.126627 0.0207689 
-0.0623498 0.1275 0.0146396 
0.0388513 0.122249 -0.00943139 
0.0367365 0.122382 -0.0105701 
-0.0726385 0.152861 0.0553893 
0.0391513 0.122987 -0.0200241 
0.0357131 0.123192 -0.019994 
-0.0535263 0.12597 0.0276191 
-0.0112104 0.124518 -0.000300975 
0.0684596 0.14427 -0.0410738 
0.0283589 0.119848 -0.0231923 
-0.079181 0.170786 0.0402027 
0.00389774 0.123582 -0.00148208 
-0.0742613 0.170902 0.0358096 
-0.000735704 0.123468 0.000554271 
-0.00392712 0.122048 0.00204326 
-0.0558711 0.155633 0.0141261 
-0.00733106 0.123353 0.00155096 
-0.0580321 0.154586 0.0163991 
-0.0106756 0.121478 0.0014889 
-0.0582865 0.132709 0.0106737 
-0.0127985 0.122557 0.000202725 
-0.0409254 0.124608 0.0254624 
0.0602506 0.117673 -0.0351095 
-0.0438829 0.123739 0.0275827 
-0.0469413 0.122373 0.0297724 
-0.0537205 0.122926 0.0305351 
-0.0625396 0.122304 0.027426 
0.0317083 0.133864 -0.0181953 
-0.0661527 0.12298 0.0180823 
-0.0865953 0.157382 0.0518481 
-0.0645492 0.124646 0.0141056 
0.0388827 0.118362 -0.00832135 
0.0355101 0.1179 -0.0196138 
0.0309679 0.118439 -0.021052 
0.0292409 0.116696 -0.0215773 
-0.0732788 0.17876 0.0504332 
0.0276229 0.117122 -0.0228467 
-0.0572409 0.121338 0.0313892 
0.0317943 0.114816 -0.0197675 
0.00325229 0.118825 -0.000167961 
-6.43734e-06 0.118721 0.00136531 
-0.0134969 0.118579 0.00195452 
-0.00699136 0.115431 0.00442643 
-0.0788154 0.14578 0.0487943 
0.0391322 0.113231 -0.0196599 
0.0351955 0.113043 -0.0191347 
-0.0432709 0.119235 0.0290944 
-0.0854445 0.168519 0.0347629 
-0.0473729 0.119006 0.0316204 
-0.0504061 0.117748 0.0332431 
-0.064844 0.119727 0.0291747 
-0.046703 0.0812486 0.0428896 
-0.0504852 0.159173 0.0145742 
-0.0746081 0.104196 0.0318873 
-0.0801756 0.0838948 0.0254474 
-0.0705127 0.108773 0.0347809 
0.059785 0.0722277 -0.00212166 
-0.0647329 0.0842202 0.0453089 
-0.0715659 0.145885 0.0595696 
-0.0607602 0.0979802 0.0435503 
0.0314018 0.0931115 -0.0174968 
-0.0673792 0.0846319 0.0446735 
-0.0777022 0.0844494 0.0350432 
0.0660378 0.0684911 -0.00245238 
0.0452566 0.0725439 0.00918252 
-0.0596785 0.0557913 0.0318249 
-0.0522547 0.182131 -0.012615 
0.0202631 0.160559 -0.0304402 
-0.0751205 0.148896 0.0590153 
0.02138 0.138387 -0.0128857 
-0.0638616 0.10372 0.0411059 
0.028266 0.0982406 -0.0174445 
-0.0776682 0.147163 0.0518623 
-0.0886246 0.0655292 0.0130512 
-0.039053 0.15989 0.0196155 
-0.0316601 0.0809372 0.0404615 
-0.0901855 0.0629137 0.0144358 
0.0269913 0.160233 -0.0332586 
-0.0066901 0.141219 -0.0085554 
-0.0768969 0.104102 0.0219423 
0.0257318 0.143159 -0.0152835 
0.00692491 0.138228 -0.00593977 
0.0377321 0.108468 -0.00629139 
-0.0328896 0.0791911 0.0469065 
0.0316537 0.12688 -0.0205267 
0.0730779 0.0691364 -0.00589229 
0.0562457 0.0696564 -0.00103409 
0.0220053 0.0943342 -0.0165622 
0.0246789 0.0704433 0.00120548 
-0.0298177 0.0800598 0.0463655 
0.0615168 0.122065 -0.036929 
-0.0367202 0.0804083 0.0441441 
-0.0790868 0.0794232 0.0288532 
-0.0310693 0.0773152 0.0559253 
-0.0335106 0.0610105 0.0590468 
-0.0484497 0.06466 0.0500235 
-0.0541628 0.0926534 0.0436999 
-0.0394463 0.0782383 0.046067 
0.0288305 0.128336 -0.0206324 
0.0690498 0.0683323 -0.00371143 
0.0290399 0.132416 -0.018348 
-0.0506002 0.130925 0.0229157 
-0.0343293 0.0761668 0.0563669 
0.0439725 0.0695381 0.00827071 
-0.0434928 0.0767456 0.0467561 
-0.0292673 0.0785521 0.0489261 
0.0420002 0.112958 -0.0047672 
-0.0474557 0.0782459 0.0467875 
-0.0537873 0.0789055 0.0451447 
-0.0470516 0.161628 0.0172077 
0.059304 0.0682511 -0.0010645 
-0.0790526 0.163856 0.0336344 
0.0463326 0.0551092 0.00973198 
-0.0741022 0.167818 0.0324611 
-0.0345669 0.0562462 0.0558987 
0.0311804 0.146395 -0.0185119 
-0.050244 0.0774088 0.04724 
-0.057191 0.0614148 0.0401685 
0.00843449 0.124487 -0.0046259 
-0.0647425 0.0793613 0.0454784 
0.038057 0.113158 -0.00718451 
-0.0752939 0.106932 0.0283794 
0.0560971 0.0666452 -0.000327291 
-0.0765313 0.146017 0.0517449 
0.0766952 0.0750164 -0.0087324 
-0.034063 0.0764092 0.055466 
-0.0611529 0.0795633 0.0455735 
-0.0534891 0.116068 0.0348878 
-0.0731303 0.178127 0.049924 
-0.0368891 0.0761165 0.0512704 
-0.0646249 0.165158 0.027466 
-0.0609522 0.0745801 0.0451881 
-0.0427709 0.13383 0.0212415 
-0.0789298 0.0756804 0.0249692 
0.0634839 0.0633877 -0.0019226 
-0.0753453 0.098098 0.0351281 
-0.0573062 0.0796513 0.0454991 
-0.0643785 0.0696243 0.0431539 
0.0677597 0.136857 -0.0408373 
-0.0407953 0.0761945 0.0473394 
-0.060553 0.113058 0.0371274 
-0.0403527 0.0739661 0.0540977 
-0.0432735 0.0799297 0.0435637 
0.00788986 0.151387 -0.0147861 
0.0374996 0.0687122 0.00726037 
-0.0520627 0.0733729 0.044866 
-0.0467729 0.154289 0.0306945 
-0.0531449 0.0746496 0.045425 
-0.0848248 0.0685541 0.013943 
0.0422681 0.0738505 0.00923247 
-0.040526 0.0718069 0.0570466 
-0.0332827 0.161469 0.0190635 
0.0448685 0.111644 -0.0030029 
0.0428617 0.078729 0.00884112 
-0.0778872 0.0742873 0.0282959 
-0.0776554 0.0719032 0.0255167 
0.0636527 0.0733211 -0.00298442 
-0.0463164 0.132465 0.0224402 
-0.0787446 0.0739826 0.0238442 
-0.0476754 0.0608617 0.0503546 
-0.0707874 0.07185 0.0402535 
5.34743e-05 0.113931 0.00247809 
0.0619694 0.0599634 -0.00240261 
-0.0601517 0.0607341 0.0386 
0.0413009 0.0627508 0.00758677 
0.0697536 0.0777439 -0.00580233 
-0.0849202 0.174991 0.0402406 
0.0355471 0.133006 -0.0191246 
0.0385062 0.0637241 0.00772592 
-0.0435364 0.0738902 0.0507603 
0.0659637 0.0648647 -0.00252986 
0.0392547 0.128304 -0.0201822 
0.0200446 0.0637684 0.0180624 
-0.0473502 0.0556889 0.0333796 
-0.0886648 0.0606522 0.0151079 
-0.0546139 0.056005 0.0348341 
-0.0844809 0.153848 0.0480654 
-0.0553584 0.137584 0.00404663 
0.0588658 0.0595609 -0.00153404 
-0.0761381 0.0860271 0.00672101 
-0.077131 0.0692816 0.016147 
-0.0683246 0.142542 0.0442412 
0.0394478 0.103995 -0.00302539 
-0.0711988 0.141375 0.0407203 
0.0182784 0.0618771 0.0188065 
-0.0393769 0.157175 0.0243973 
-0.0718294 0.0606473 0.0172996 
-0.0776665 0.0701049 0.00902075 
-0.078292 0.0612299 0.018859 
-0.0565545 0.167172 0.0445636 
-0.0144123 0.114961 0.0034204 
0.0324825 0.0655226 0.00340264 
-0.0846343 0.062852 0.0202386 
-0.0747291 0.141377 0.0385436 
-0.0749779 0.0608045 0.0179896 
0.026661 0.151068 -0.0183781 
-0.0321963 0.0841746 0.0404231 
-0.0154056 0.11288 0.00429434 
0.0177283 0.0624831 0.0132992 
0.0110442 0.129889 -0.00649947 
0.0216943 0.0824631 -0.0051099 
0.0521187 0.0928962 0.0103803 
-0.0482869 0.0604219 0.0397829 
0.0173485 0.0603378 0.0135054 
-0.0797572 0.0795639 0.0252287 
-0.0762157 0.177373 0.04623 
-0.150541 0.0574584 0.0224721 
-0.0313075 0.0601112 0.057705 
0.028426 0.086272 -0.00295533 
-0.0539943 0.166265 0.0425185 
-0.0653006 0.0561241 0.0242331 
-0.00350588 0.133264 -0.00243366 
-0.0643625 0.123957 0.0220117 
-0.0668991 0.1082 0.0378694 
-0.00367195 0.103658 0.00628846 
0.0315056 0.0719609 0.00203323 
-0.0647742 0.172341 0.0506356 
0.068245 0.064248 -0.00373539 
0.0480291 0.0837034 0.0108924 
-0.0797801 0.147148 0.0502168 
-0.0501956 0.0744577 0.0473778 
-0.0384692 0.191699 -0.000398834 
-0.0807369 0.0608852 0.0195565 
-0.039459 0.141557 0.0175508 
0.034653 0.068881 0.00256872 
-0.0502479 0.0803659 0.0444288 
-0.0673421 0.0792398 0.0443686 
-0.0507549 0.114129 0.0351052 
-0.0866005 0.15216 0.0446471 
-0.0638017 0.0601805 0.0356763 
-0.089166 0.0646712 0.00492745 
-0.0574689 0.0691317 0.0440723 
-0.0752675 0.064005 0.0191444 
-0.0741052 0.165563 0.0309833 
-0.0330497 0.0580862 0.0573858 
-0.06867 0.0584283 0.0273619 
-0.0530974 0.0998289 0.0410868 
-0.0508369 0.0647686 0.0428155 
-0.0634627 0.0552574 0.0260899 
0.0382768 0.0555608 0.00786789 
-0.0232527 0.0562809 0.0496715 
-0.0389121 0.190973 0.000149863 
-0.0851398 0.0602738 0.020809 
-0.0883511 0.159533 0.0566744 
0.0595235 0.112906 -0.0341639 
0.0359295 0.0589272 0.00828972 
-0.00297508 0.0993142 0.00654207 
-0.0485618 0.0702181 0.0482329 
-0.0631509 0.125871 0.0178054 
0.031845 0.102854 -0.018057 
-0.0723536 0.110729 0.0290456 
0.00243133 0.147924 -0.0123532 
-0.0219929 0.0625395 0.0508582 
-0.0537352 0.0601886 0.0393743 
-0.0610106 0.057376 0.0330264 
0.0436202 0.105549 -0.00186018 
-0.0647985 0.0564363 0.0253075 
0.0352677 0.142705 -0.0195976 
0.0492608 0.0933805 0.00933349 
0.0212482 0.134025 -0.0137573 
-0.0571903 0.0845741 0.0454314 
-0.0520112 0.0565862 0.0359001 
0.0107031 0.155378 -0.0209896 
-0.0336723 0.0683438 0.0604475 
-0.0400755 0.057456 0.0573158 
-0.0685693 0.073322 0.0421275 
-0.049491 0.133488 0.0206837 
-0.0866367 0.0608608 0.0147559 
-0.0803371 0.162175 0.0274777 
-0.0496346 0.05466 0.0313973 
-0.0458222 0.0582185 0.0361441 
-0.0745657 0.0794154 0.0389103 
-0.0462046 0.0598217 0.0536078 
-0.028517 0.0845499 0.0388356 
-0.0571738 0.124164 0.0288405 
-0.0405298 0.0555832 0.0556908 
-0.0435896 0.0645598 0.0577155 
-0.0651863 0.0742525 0.0442842 
-0.0522873 0.184611 -0.0154129 
-0.0362958 0.0741667 0.0634691 
0.0517207 0.0858832 0.0105594 
-0.0471623 0.0574033 0.0352855 
-0.0788005 0.14136 0.0353257 
-0.0794325 0.0852893 0.0315979 
-0.077461 0.146569 0.0577545 
-0.0907187 0.0599155 0.014896 
-0.0344708 0.179994 0.014993 
-0.0711641 0.166856 0.0308675 
-5.45594e-05 0.135065 -0.00308192 
-0.0786171 0.0994593 0.0234409 
-0.0738879 0.109716 0.0206464 
0.06346 0.0684097 -0.00163758 
-0.0522222 0.136825 0.0152352 
0.0459595 0.0985093 0.00507731 
-0.0732536 0.065548 0.0316471 
-0.0821473 0.169257 0.0381485 
-0.0787893 0.0978849 0.0246153 
-0.060848 0.11913 0.0323139 
-0.033834 0.0648158 0.0597596 
-0.0796648 0.0849202 0.0214795 
-0.0599865 0.122225 0.0293293 
-0.042993 0.0563966 0.0558218 
-0.0336121 0.13494 0.0167625 
0.0407756 0.104285 -0.00313152 
0.0240345 0.102752 -0.0189582 
-0.0762951 0.0735199 0.0333115 
-0.0533266 0.0704353 0.0449727 
-0.0105946 0.0940821 0.0120602 
-0.039876 0.06074 0.0590045 
-0.0911618 0.0624241 0.00567399 
0.0427406 0.0832058 0.00733773 
0.0614673 0.142549 -0.0421038 
-0.0649775 0.0575972 0.0301193 
-0.0790963 0.177217 0.0433544 
-0.0914733 0.059784 0.00622112 
-0.0447832 0.0564947 0.0538203 
0.024846 0.157952 -0.0318785 
0.0199704 0.0748689 -0.00184133 
-0.0756035 0.107628 0.0211638 
-0.0396855 0.0646372 0.0603686 
-0.0573886 0.0584177 0.0369154 
0.0463851 0.102955 0.00402028 
0.046391 0.0750214 0.00976932 
0.0171196 0.142822 -0.0112724 
0.0776266 0.0774674 -0.00993689 
0.0525265 0.063393 -0.000320253 
-0.024965 0.0556955 0.0494635 
-0.0743851 0.0707663 0.0068393 
-0.0311129 0.0674777 0.0583737 
0.0687257 0.146201 -0.0417871 
-0.0612532 0.0636429 0.0408933 
-0.0370731 0.12564 0.021719 
-0.070061 0.11594 0.0244676 
-0.0460977 0.0562316 0.0494423 
0.0388496 0.0926249 0.000310927 
-0.0660717 0.117084 0.0307643 
0.0224767 0.0628631 0.0193945 
-0.0509442 0.0941409 0.0422034 
0.0286457 0.093362 -0.0166589 
-0.0737003 0.0747593 0.0382205 
-0.00800681 0.103592 0.00798899 
0.00835586 0.153905 -0.0184729 
-0.0474611 0.0592068 0.0481096 
-0.00961267 0.132349 -0.00383659 
0.0560997 0.0640243 -0.000318991 
0.0310603 0.0641083 0.00280413 
0.0234065 0.0840842 -0.0127328 
-0.0490379 0.0691617 0.0489569 
0.041709 0.0933444 0.00290893 
-0.0610027 0.0702545 0.0442266 
0.0589024 0.109774 -0.0343376 
-0.0427656 0.0548154 0.0311153 
-0.0222889 0.0594647 0.050683 
-0.0338901 0.137589 0.0166334 
-0.074759 0.0844571 0.0391328 
-0.0367513 0.0592692 0.0585188 
0.0207966 0.147382 -0.0144042 
0.0236668 0.0785792 -0.000430351 
-0.0881558 0.0675116 0.0040071 
0.0353973 0.108232 -0.0188374 
-0.0796294 0.161217 0.0259609 
0.0154696 0.156016 -0.0229535 
0.0421461 0.117466 -0.00673783 
-0.070099 0.0604668 0.0280732 
-0.074606 0.0726958 0.0361025 
-0.0795758 0.0942147 0.0245597 
-0.0728012 0.112901 0.024671 
-0.060835 0.11607 0.0347531 
-0.0858994 0.0643121 0.0146826 
-0.0502529 0.0616368 0.0405324 
-0.0842446 0.165704 0.0328625 
-0.0887165 0.0625701 0.0149839 
-0.0783136 0.0641377 0.0195419 
-0.0745582 0.0895546 0.0387639 
-0.0367541 0.0889702 0.0416744 
-0.065294 0.0627621 0.0375635 
0.0309812 0.122805 -0.0216078 
-0.0143753 0.103727 0.00840397 
-0.000127541 0.108769 0.00347136 
-0.0475236 0.103382 0.0373726 
-0.0708081 0.0794489 0.0422246 
0.0530732 0.0598258 -0.000625125 
0.0579512 0.111012 -0.0351374 
0.0382316 0.0585722 0.0081169 
0.061427 0.145813 -0.042038 
-0.0692338 0.0625521 0.0335585 
-0.0071488 0.0986992 0.00902215 
0.0462437 0.0568365 0.00972354 
0.0480786 0.104475 0.00440146 
-0.0506434 0.0584386 0.0379426 
0.0453803 0.0754699 0.0100658 
-0.0575196 0.0648307 0.0424514 
-0.049963 0.120715 0.0314588 
-0.0470235 0.0746036 0.047763 
-0.0584415 0.153739 0.0089414 
-0.0604792 0.128434 0.0184724 
-0.0327831 0.0776211 0.0541873 
0.027934 0.0868146 -0.0144283 
-0.0362942 0.0948907 0.0390923 
-0.0540305 0.0634146 0.0417726 
-0.0636726 0.0657451 0.0414756 
-0.0708818 0.113892 0.0284671 
-0.0645938 0.165762 0.0463735 
-0.0490299 0.0645069 0.0474965 
0.0749736 0.0726852 -0.00737018 
-0.0462463 0.0576091 0.0508234 
-0.0650717 0.121983 0.0243347 
-0.0365051 0.0563676 0.056213 
-0.0459334 0.125764 0.0272528 
-0.0611939 0.12462 0.0255224 
-0.046842 0.0645793 0.0540598 
0.0394059 0.0872117 0.00443177 
-0.0285393 0.185244 0.0101263 
0.0420219 0.0583412 0.00865154 
0.0692021 0.0735109 -0.00435726 
0.00418357 0.146821 -0.0108765 
-0.079522 0.083764 0.0287847 
-0.0805921 0.0692579 0.0114951 
-0.0679062 0.120619 0.0186142 
-0.0464677 0.0717264 0.0506638 
-0.0765555 0.0681307 0.018364 
-0.0447783 0.0556987 0.0511562 
0.0292196 0.157875 -0.033842 
-0.0365912 0.0638302 0.0602944 
-0.0671889 0.0652988 0.0387818 
-0.0174648 0.101703 0.00890744 
-0.00354569 0.108772 0.00511449 
-0.0829529 0.149569 0.0533334 
0.0618861 0.13905 -0.0417734 
-0.0629365 0.0559664 0.0279569 
0.00341298 0.128456 -0.00210665 
0.0270553 0.0849285 -0.0132224 
-0.0306515 0.0644528 0.0583422 
-0.0104118 0.117973 0.00331934 
0.0383014 0.073686 0.00647455 
0.0214412 0.0744104 -0.0004627 
-0.048233 0.0622677 0.0416438 
-0.0705407 0.0651237 0.0352892 
-0.0780262 0.0597742 0.0179624 
-0.0739948 0.0645218 0.025182 
0.0205405 0.0596725 0.0196847 
-0.0733767 0.0632204 0.022531 
0.0338418 0.146729 -0.020176 
-0.0539834 0.066907 0.043433 
-0.0321293 0.179043 0.016812 
0.0400805 0.113179 -0.0199723 
-0.0397021 0.0812707 0.0427323 
0.0223189 0.0593108 0.0199552 
0.059045 0.0633639 -0.000706597 
-0.0735104 0.0977336 0.0373414 
0.0248105 0.130175 -0.0184994 
-0.0107014 0.128444 -0.00179319 
-0.0145627 0.096727 0.0123326 
0.035256 0.0636682 0.00755375 
-0.0288605 0.182973 0.0135641 
0.035813 0.0557501 0.00790911 
-0.00418621 0.118162 0.00312349 
-0.087718 0.0684644 0.0117534 
-0.0809667 0.0678204 0.0183554 
0.0330942 0.0645979 0.00512934 
-0.0534007 0.119545 0.0327383 
-0.0724048 0.0718386 0.0386626 
-0.0763714 0.0689362 0.0252847 
-0.0763154 0.0695298 0.0290832 
-0.0675593 0.0761965 0.0440449 
0.0400984 0.117306 -0.0200396 
-0.0578166 0.103954 0.041246 
-0.0563736 0.0563465 0.034622 
-0.0429021 0.0695011 0.0569296 
-0.0168752 0.105885 0.00705356 
-0.00729148 0.118906 0.00308421 
0.0237491 0.0739693 0.000888881 
-0.0430216 0.0597473 0.0573103 
0.0694716 0.0811126 -0.00699332 
-0.0356685 0.155421 0.0220074 
-0.0367119 0.0703533 0.063401 
-0.0262333 0.0807547 0.0380959 
-0.0666774 0.12121 0.0209329 
0.0231841 0.0987412 -0.0179388 
-0.0448476 0.183623 0.00243707 
0.0284857 0.12155 -0.0231677 
-0.0226469 0.0803561 0.0363042 
-0.0543021 0.0843153 0.0448884 
0.0313335 0.0748674 0.00293625 
-0.0160634 0.109036 0.00561503 
-0.035137 0.141405 0.0165369 
0.0664411 0.0722873 -0.0031778 
0.0348267 0.0736557 0.00254639 
-0.0498662 0.0844386 0.0435871 
0.0334597 0.156246 -0.034986 
-0.0468396 0.0839451 0.0429046 
-0.0735605 0.108221 0.0312786 
-0.0710619 0.0845423 0.0424925 
-0.0434145 0.0843067 0.0428909 
-0.0741213 0.145739 0.0593067 
-0.0905625 0.143416 0.0414674 
0.0450596 0.0579724 0.00931864 
-0.0199335 0.0800851 0.034847 
0.0279217 0.0694421 0.0011867 
0.0284647 0.0899659 -0.0158337 
-0.0396456 0.0845066 0.0425317 
0.0111066 0.143089 -0.00929747 
-0.0688092 0.0696155 0.0405668 
0.0502174 0.102447 0.00651048 
0.0347336 0.0783851 0.00361878 
0.00288642 0.115225 0.0007118 
-0.0771949 0.0939968 0.0346892 
-0.0264651 0.0836014 0.0380628 
-0.0773629 0.0962676 0.0322097 
-0.0237613 0.0829545 0.0365952 
0.019383 0.0767522 -0.00272205 
-0.00683677 0.127972 -0.000248762 
0.0563904 0.0587722 -0.00123177 
0.0204023 0.0790348 -0.00327277 
-0.035189 0.0774683 0.04914 
0.0281931 0.0784458 0.00206891 
0.0242664 0.151265 -0.0177515 
-0.0368738 0.0843228 0.0419743 
-0.0788442 0.0925433 0.0317409 
-0.0787572 0.078853 0.031897 
0.0315729 0.07839 0.00325704 
0.0454531 0.0783598 0.0100719 
0.0472428 0.0790846 0.010359 
0.0245417 0.0845224 -0.012872 
-0.0756642 0.0844769 0.00547354 
-0.0794494 0.0773179 0.0236336 
-0.00567713 0.0828133 0.0185781 
-0.0569471 0.114463 0.0361872 
0.0650554 0.0766541 -0.00455889 
0.0673494 0.0781951 -0.00533384 
-0.08463 0.178644 0.0412532 
-0.0798855 0.0876652 0.02215 
-0.0600185 0.168647 0.0467827 
-0.0139564 0.108241 0.0066199 
-0.0115567 0.0983033 0.0106415 
-0.0800788 0.0898168 0.0247823 
-0.0744557 0.109311 0.0252931 
-0.0795688 0.0893433 0.0290818 
-0.0790297 0.0887137 0.0317814 
0.0253487 0.108343 -0.0204238 
-0.0775444 0.089441 0.0348526 
-0.0285769 0.0808317 0.0389683 
-0.0761241 0.0879278 0.00702134 
-0.0707648 0.0895052 0.0420694 
-0.0674572 0.0892629 0.0440758 
-0.0647982 0.0896686 0.0448676 
-0.060933 0.0892518 0.0453984 
0.0156611 0.0556404 0.0205036 
-0.0435488 0.0892121 0.0426576 
0.0209699 0.143063 -0.0131094 
0.0720109 0.0789478 -0.00667536 
0.0604795 0.10495 -0.0322306 
-0.0327472 0.089114 0.0400847 
-0.0467323 0.0904467 0.0422801 
-0.0292212 0.0884919 0.0384741 
0.0343069 0.0833802 0.00323738 
-0.00646819 0.0847756 0.0178752 
-0.0380847 0.196408 -0.00421822 
0.0290095 0.0826156 0.00108753 
0.0428811 0.0552975 0.00887619 
-0.0691903 0.0995951 0.0406143 
-0.07674 0.160947 0.032082 
0.0391713 0.0834424 0.00470871 
0.0392128 0.1181 -0.0198967 
-0.0395368 0.0896193 0.0421461 
0.044786 0.0839461 0.00850512 
0.0303935 0.0850124 0.000261116 
0.0365885 0.120138 -0.0101406 
-0.0816646 0.0644355 0.0194799 
-0.0500272 0.089145 0.0431503 
-0.0494878 0.104853 0.0379084 
-0.0411989 0.192268 -0.00122543 
0.0702926 0.0811811 -0.0072145 
-0.0780186 0.0993168 0.0286168 
0.0727666 0.0823398 -0.00848198 
-0.0788739 0.0944887 0.0292686 
-0.0723843 0.159703 0.0217349 
-0.0742929 0.0942354 0.0386042 
-0.0578464 0.170011 0.0464944 
-0.0580764 0.156692 0.00367846 
-0.0813458 0.145053 0.045286 
0.035602 0.0876759 0.0018412 
-0.0705053 0.0941772 0.041716 
-0.0676562 0.0931346 0.0436692 
-0.0648037 0.094687 0.043916 
-0.0558024 0.15587 0.010607 
-0.0037076 0.125344 0.000850878 
-0.00791207 0.0893289 0.0154333 
0.0174883 0.0587017 0.0201288 
-0.0432551 0.0935262 0.0413816 
0.0454421 0.0934042 0.00582138 
0.0268546 0.0851663 -0.00334517 
-0.0463932 0.0947722 0.0406291 
-0.0507172 0.162293 0.0367081 
-0.0672404 0.0601596 0.0320665 
-0.0395725 0.0942814 0.0405168 
-0.0537734 0.0955544 0.0426677 
-0.0312873 0.0763478 0.0566654 
-0.036682 0.092309 0.0408594 
-0.0535904 0.182698 -0.0144355 
-0.0339035 0.0738041 0.0637717 
-0.0347387 0.0927882 0.0397416 
0.0293548 0.0855437 -0.0142076 
0.0316449 0.0871003 -0.000744391 
-0.0313487 0.183189 0.0117657 
-0.00347887 0.128909 -0.000331044 
-0.039631 0.0693895 0.0609837 
-0.00429682 0.079434 0.0193115 
-0.0677358 0.104144 0.0390602 
-0.0774777 0.0792993 0.034631 
0.0430893 0.0873022 0.00780878 
0.0392126 0.0788377 0.00511443 
0.0446169 0.0890406 0.00789075 
-0.0640256 0.107264 0.0396953 
-0.0390521 0.0739949 0.0610125 
0.0483582 0.0883517 0.0104291 
-0.0765023 0.103484 0.0279129 
0.0751045 0.0841593 -0.0102052 
0.0452848 0.0551783 0.00961665 
-0.0707939 0.0970742 0.0400072 
0.0304173 0.0886843 -0.0162328 
-0.0499447 0.124169 0.0291625 
0.0516147 0.0886612 0.010853 
-0.0681156 0.0963822 0.0420426 
-0.0334593 0.181653 0.0130076 
-0.00746055 0.0922276 0.0134768 
0.0316162 0.0816503 0.00273514 
0.0409276 0.0895891 0.00382021 
-0.0762362 0.0993981 0.033167 
0.0132007 0.133675 -0.00792961 
-0.0642786 0.0994401 0.0426725 
0.0688552 0.142709 -0.0406457 
-0.0685943 0.144538 0.0591196 
-0.0574745 0.0992519 0.0426007 
0.0116797 0.13839 -0.00793167 
0.0512329 0.10029 0.00799466 
-0.0507902 0.0986615 0.0406183 
-0.0060104 0.0944397 0.0118598 
-0.0552645 0.16788 0.0442902 
-0.078144 0.143015 0.041366 
-0.0604316 0.129618 0.0104097 
0.0371835 0.0900736 0.000282445 
0.000525629 0.105299 0.0031832 
0.0280608 0.0734409 0.00216994 
-0.0728415 0.0998513 0.0372372 
-0.047243 0.099084 0.0390969 
-0.0436169 0.0989814 0.0373897 
0.0418603 0.132612 -0.0215265 
-0.0409103 0.0970439 0.0385328 
-0.0752853 0.0693139 0.00883295 
-0.0571724 0.0894498 0.0451124 
-0.0167552 0.0956746 0.0128022 
0.0383699 0.141601 -0.0208106 
-0.00729668 0.0951759 0.0105813 
-0.00791835 0.134595 -0.00454968 
-0.0110622 0.102403 0.00904365 
0.0250118 0.0931118 -0.0162952 
0.0162174 0.134328 -0.00989571 
-0.0609395 0.0844248 0.0456408 
-0.0607334 0.101337 0.0423924 
0.0340732 0.0935927 -0.0186237 
0.0541747 0.0675672 -0.000549085 
-0.0165807 0.098437 0.0111451 
0.0392368 0.0999994 -0.021365 
-0.0715973 0.104195 0.0358979 
-0.0507263 0.18406 -0.0145261 
-0.0713026 0.150012 0.0571448 
-0.0609272 0.10506 0.0409421 
0.0414738 0.0689278 0.00848828 
-0.0145975 0.100086 0.010356 
-0.0543337 0.08945 0.0444732 
-0.0533716 0.104335 0.0396381 
0.0110611 0.150338 -0.013436 
0.0315663 0.097996 -0.017578 
-0.04526 0.103717 0.0360066 
0.0251288 0.0827962 -0.00191622 
0.0408306 0.0828846 0.00489532 
-0.0762771 0.10513 0.0253527 
0.0286366 0.108128 -0.0192879 
-0.0726072 0.063392 0.0298172 
-0.0728986 0.112579 0.0187598 
-0.0430121 0.127044 0.025551 
-0.0679543 0.119033 0.0253117 
0.0396101 0.0981927 0.000781782 
0.0571815 0.0713467 -0.00176678 
0.0414887 0.0987267 0.00297112 
0.0499099 0.0980958 0.00812294 
-0.0574972 0.0742634 0.0451401 
0.0347153 0.0980975 -0.0187213 
-0.0609279 0.0941842 0.0444264 
-0.0606871 0.109243 0.0389672 
-0.0573547 0.107582 0.0397663 
-0.0542861 0.108898 0.0382294 
-0.0495527 0.10913 0.0363806 
0.0605215 0.108744 -0.0326086 
-0.0448352 0.109634 0.0331385 
0.0603832 0.106976 -0.032476 
-0.0862538 0.148848 0.0497973 
0.0248681 0.101695 -0.018569 
0.0351882 0.103176 -0.018706 
0.0425301 0.103258 0.00249323 
0.0491367 0.101406 0.00620168 
-0.0462077 0.129005 0.0248867 
-0.0781802 0.068412 0.0209807 
-0.0461827 0.0694955 0.0533872 
-0.0696908 0.118227 0.0212941 
-0.0636951 0.116775 0.0329539 
-0.0743564 0.109813 0.0196628 
-0.0262107 0.185964 0.00950811 
0.0490717 0.0637387 -0.00047917 
-0.064893 0.110576 0.0369259 
-0.0429623 0.107731 0.0324959 
0.0285413 0.124226 -0.0225513 
-0.0108212 0.105299 0.00811317 
-0.0894891 0.171039 0.0350356 
0.0389207 0.103523 -0.0201991 
-0.0525991 0.180658 -0.0111286 
0.0194184 0.158272 -0.0293239 
-0.0568655 0.094506 0.0439558 
-0.057032 0.11049 0.0381598 
-0.0751293 0.0695872 0.0328353 
-0.069769 0.117508 0.0158534 
-0.0646269 0.169206 0.0484526 
-0.071866 0.0610833 0.025663 
-0.0107537 0.108943 0.00666084 
-0.0704806 0.074912 0.041291 
-0.00769443 0.108121 0.00649462 
-0.0271353 0.0790676 0.0481051 
0.0338408 0.0893342 -0.0184074 
-0.0688268 0.11132 0.0335658 
0.0259339 0.137999 -0.0152695 
-0.0468902 0.135572 0.0197662 
0.0380843 0.105097 -0.00568061 
0.0246531 0.105221 -0.0195285 
-0.0145678 0.0948082 0.0130779 
0.0385984 0.10538 -0.00492775 
0.0319369 0.0683828 0.000359165 
0.0251695 0.0881871 -0.0145247 
-0.0680112 0.11416 0.0323333 
-0.0639773 0.114082 0.0353003 
-0.0716934 0.114934 0.0221329 
-0.0539489 0.112534 0.0367037 
-0.0658117 0.122955 0.0126688 
-0.0766867 0.0758254 0.034998 
0.0318931 0.107687 -0.0185751 
-0.0218956 0.152518 0.00931552 
0.0443075 0.105871 0.00209498 
-0.0464012 0.114189 0.0329794 
0.0394365 0.107811 -0.0200591 
0.024899 0.0979349 -0.0174819 
0.0411996 0.10831 -0.00382246 
-0.0236752 0.153497 0.0107087 
0.045456 0.107929 -0.00173889 
-0.0724097 0.0695004 0.0368815 
-0.0572902 0.118252 0.0339538 
0.0591888 0.108113 -0.0337255 
-0.0881658 0.173731 0.0379711 
-0.0141382 0.111606 0.00513825 
-0.0108011 0.113512 0.00491499 
0.0279301 0.10341 -0.0183793 
-0.00738422 0.112301 0.00553094 
-0.00427041 0.113661 0.00423384 
0.00739153 0.148953 -0.0125607 
-0.0517701 0.0690968 0.0443263 
-0.0707359 0.115775 0.0166623 
-0.00311377 0.137172 -0.00425613 
-0.04205 0.115383 0.0291833 
0.0401157 0.109794 -0.0200512 
-0.0403654 0.128411 0.0236119 
-0.0685017 0.116725 0.028025 
0.0265062 0.112875 -0.0216425 
0.0292241 0.112747 -0.0202593 
