-0.0181293 0.201898 0.0229864 
-0.0161882 0.201075 0.0234514 
0.0163291 0.201018 0.0372039 
-0.00845273 0.197246 0.0264863 
-0.00985423 0.194371 0.0280807 
0.0220377 0.194583 0.0389053 
0.0206784 0.195923 0.0383336 
0.00841827 0.193288 0.0327361 
0.00494509 0.193872 0.0316608 
0.0187017 0.192354 0.0394227 
-0.00465929 0.191699 0.0302576 
0.0243034 0.190863 0.018202 
0.0279963 0.189739 0.0173577 
0.0139499 0.190393 0.0530281 
0.0754837 0.187733 0.0513077 
0.0268183 0.190728 0.0353758 
0.0842234 0.186239 0.0479413 
0.0768307 0.18708 0.0498276 
0.0744549 0.18688 0.0527756 
0.0263902 0.188641 0.0209708 
0.0263088 0.189424 0.0383984 
0.0220634 0.190055 0.0402649 
0.012441 0.189526 0.05525 
0.0772682 0.185595 0.0508372 
0.0303568 0.185438 0.0446274 
0.0218393 0.185966 0.0408803 
0.0163615 0.185908 0.0392305 
0.0737411 0.184731 0.0539133 
0.043012 0.184286 0.0492556 
0.0172984 0.185299 0.0562191 
0.0862438 0.182893 0.0432929 
0.0818037 0.182684 0.0533844 
0.0830676 0.182884 0.0572991 
0.0825568 0.181683 0.0617403 
0.0795857 0.181053 0.0635789 
0.0538053 0.182057 0.0497571 
0.0516581 0.182144 0.0535616 
0.0210718 0.184235 0.0539011 
0.0211775 0.182178 0.0564848 
0.0191394 0.182279 0.0572577 
0.0561473 0.180645 0.0475737 
0.019138 0.181307 0.0574502 
0.0853617 0.1796 0.0424772 
0.0500929 0.179731 0.0569432 
0.0381083 0.1801 0.0549391 
0.0229998 0.180224 0.0564105 
0.0230239 0.197789 0.0353358 
0.0139969 0.179081 0.0523062 
0.0469764 0.178473 0.0584117 
-0.00501106 0.18046 0.0481656 
0.0838566 0.175526 0.0360519 
0.0850532 0.177605 0.0394138 
0.0809467 0.177827 0.0528535 
0.0795555 0.177522 0.0649978 
0.0512819 0.178154 0.0541006 
0.0410452 0.176991 0.058253 
0.0274966 0.17863 0.0551305 
0.0207855 0.177011 0.0538249 
0.0153441 0.177132 0.0536792 
-0.00253112 0.178959 0.0488878 
0.0811813 0.174804 0.0443877 
0.0808816 0.174821 0.0625593 
0.053237 0.174903 0.0526977 
0.025074 0.175512 0.0543451 
0.0823558 0.174101 0.0355102 
0.0833348 0.174214 0.0394398 
0.079999 0.174286 0.0543858 
0.00567962 0.175055 0.050267 
0.0811417 0.170937 0.0374869 
0.0808215 0.172363 0.0407859 
0.0711518 0.170331 0.0400884 
0.0772583 0.172066 0.0593353 
0.074464 0.171801 0.0653434 
0.068196 0.171939 0.0650585 
0.0556885 0.170651 0.0585216 
0.0821721 0.178206 0.0625092 
0.0510307 0.173599 0.0550138 
0.0449337 0.172983 0.0555092 
0.0400219 0.173188 0.0567086 
0.03251 0.173177 0.0564479 
0.0273891 0.173101 0.0552175 
0.0213634 0.173451 0.0545796 
0.00897489 0.172697 0.0529548 
-0.00591941 0.171754 0.0474433 
-0.00910107 0.17177 0.0466173 
0.0754349 0.16961 0.064293 
-0.0021646 0.169901 0.0485387 
0.0750182 0.167841 0.0574514 
0.0748408 0.168221 0.0588536 
0.0662842 0.167821 0.0637914 
-0.00729222 0.182543 0.0472868 
0.0623332 0.167273 0.0641415 
0.0448941 0.16848 0.0568261 
0.0242675 0.167249 0.0556704 
-0.00949892 0.168968 0.0471223 
0.0767334 0.166623 0.0365484 
0.0740995 0.167336 0.038515 
0.061664 0.165756 0.0317018 
0.0655869 0.16524 0.0609522 
0.059625 0.16587 0.0630381 
0.0550772 0.16594 0.0625087 
0.0530436 0.168398 0.0596188 
0.0479137 0.165629 0.0603646 
0.043446 0.165464 0.0594472 
0.027993 0.167998 0.0560318 
0.0160817 0.168724 0.0533521 
0.0132837 0.167689 0.0527853 
0.00927812 0.168347 0.0527396 
0.00172035 0.168307 0.0496391 
-0.00149859 0.166726 0.0475384 
-0.00513092 0.167974 0.0477374 
-0.00502877 0.165217 0.0491479 
0.0647109 0.163918 0.0601254 
0.0547854 0.164074 0.0616026 
0.0431525 0.164085 0.0595215 
0.0692001 0.163454 0.057516 
0.0780228 0.173197 0.0647791 
-0.00253704 0.164421 0.0495653 
0.0523701 0.162104 0.0595864 
0.0474461 0.163077 0.059647 
0.0444705 0.160172 0.0346616 
0.0440017 0.160119 0.0381684 
0.0421107 0.159903 0.0418445 
0.0396947 0.160151 0.0439399 
0.035792 0.160049 0.047307 
0.0311081 0.160428 0.0510699 
0.019876 0.162983 0.0522735 
0.0159867 0.163345 0.0534514 
0.0140806 0.161646 0.0525424 
0.00473342 0.162909 0.0518233 
0.00170507 0.162976 0.0510331 
0.0448054 0.160559 0.0280543 
0.0479606 0.159019 0.0384599 
0.0470861 0.159637 0.0283044 
0.0467132 0.158656 0.0292369 
0.0320072 0.159299 0.0510914 
0.0497619 0.158183 0.0289225 
0.0589483 0.163139 0.0605707 
0.0509836 0.157845 0.0410509 
0.0169972 0.158545 0.052287 
0.0906733 0.156322 0.0452365 
-0.0134516 0.199319 0.0247344 
0.0553229 0.157113 0.0403052 
0.0574324 0.15592 0.0442026 
0.045492 0.157798 0.0439835 
-0.0061803 0.194781 0.0287461 
0.0914326 0.155155 0.0438398 
0.0425686 0.156089 0.0517001 
0.0483363 0.15463 0.0530716 
0.0444237 0.155046 0.0540013 
0.0400246 0.155136 0.0552302 
0.0378001 0.156661 0.0534333 
0.0287132 0.156992 0.0540712 
0.0752228 0.164062 0.0374975 
0.026027 0.157907 0.053164 
0.0199244 0.157222 0.051753 
0.0142959 0.157173 0.0522187 
0.0822895 0.155319 0.0586446 
-0.00507511 0.155838 0.0479968 
0.0765571 0.15413 0.0595618 
0.087754 0.152776 0.0575943 
0.0115341 0.191868 0.0536718 
0.0483639 0.153586 0.0477328 
0.0790213 0.175611 0.0586554 
0.00120923 0.153946 0.0484728 
-0.00105439 0.152818 0.047171 
0.0543738 0.152258 0.0517702 
0.0811843 0.152266 0.0604434 
0.0923069 0.150931 0.0541932 
0.0210436 0.190519 0.0189138 
0.0372745 0.15125 0.0546169 
0.0941474 0.157631 0.0516354 
0.0289986 0.151778 0.0534538 
0.0257704 0.151798 0.0528093 
0.0207065 0.151652 0.0519239 
0.0176739 0.152693 0.0513742 
0.0557349 0.161472 0.0594293 
0.0523779 0.155871 0.0460106 
0.0134207 0.152026 0.0509283 
0.00602893 0.150076 0.0505749 
0.0420705 0.187148 0.0443981 
0.0941033 0.150539 0.0465355 
0.0897665 0.147998 0.045378 
0.0889372 0.148224 0.0478098 
0.0884109 0.150343 0.0607275 
0.0833839 0.150095 0.0618348 
0.0695658 0.150994 0.0586806 
0.0647101 0.149163 0.0580838 
0.061446 0.14992 0.0564845 
0.0566683 0.150143 0.0559447 
0.0519525 0.149972 0.0561908 
0.0499317 0.152201 0.05504 
0.0925815 0.153968 0.0469374 
0.00741018 0.148829 0.0495982 
0.0484906 0.147842 0.0567927 
0.0101627 0.148584 0.0482872 
0.0878759 0.146966 0.0478923 
0.0927145 0.146563 0.0414227 
0.0870104 0.146468 0.0436166 
0.0792611 0.148809 0.0621247 
-0.0409869 0.14618 0.0120905 
0.0817309 0.144917 0.0401867 
0.0207489 0.192513 0.0176741 
0.0368536 0.147476 0.0552245 
-0.0369487 0.14572 0.0151024 
0.0859983 0.145198 0.0372756 
0.0729814 0.170965 0.0401688 
0.0258415 0.146773 0.0531175 
0.0202379 0.199825 0.0368276 
0.0798658 0.143675 0.0352801 
0.0457464 0.177441 0.0566767 
0.022929 0.144031 0.0479597 
0.052736 0.153116 0.0482785 
0.0148678 0.145933 0.0501076 
0.0830237 0.143518 0.0350663 
0.088756 0.145877 0.0623288 
0.0952621 0.159397 0.053285 
0.0840058 0.145104 0.0643751 
0.0567401 0.145581 0.0576784 
0.0518553 0.145552 0.057636 
0.0482771 0.144815 0.0573777 
0.0452625 0.145694 0.0569702 
0.0493126 0.159605 0.0276259 
0.0326714 0.146703 0.0545519 
-0.00574542 0.0824742 0.0429836 
0.0747963 0.0792218 0.0376036 
-0.015804 0.108629 0.0297437 
-0.00529938 0.0776945 0.042902 
0.0684053 0.0803922 0.0580829 
-0.0474842 0.072917 0.0117163 
0.0636726 0.0803068 0.0615205 
0.0674799 0.072349 0.0029945 
0.0837735 0.18624 0.0489771 
-0.0600266 0.108849 -0.00345563 
0.0565331 0.183912 0.0458054 
-0.00694182 0.0895199 0.0397116 
0.0705812 0.142199 0.0606583 
0.0563871 0.142458 0.0566908 
-0.00480458 0.0814281 0.0424618 
0.0178963 0.187587 0.0521843 
0.073675 0.0744819 0.0476882 
-0.0536488 0.0742844 0.0128454 
0.0677043 0.0700476 0.0116824 
0.0585595 0.0747536 0.0630834 
0.0464353 0.107864 0.059559 
0.0746846 0.0747554 0.0392219 
0.0658997 0.11189 0.040969 
0.00318109 0.065054 0.050376 
0.0385693 0.077555 0.0671378 
0.0358466 0.0486712 0.0484398 
0.0562353 0.112933 0.0559716 
0.0658733 0.0999443 0.0562045 
0.0875983 0.142457 0.0347634 
0.0179143 0.123926 0.0458182 
0.0561745 0.0587403 0.0578714 
0.0695284 0.140921 0.059511 
0.0704063 0.071449 0.0542598 
0.0696325 0.0593515 0.0384288 
0.0806594 0.177331 0.057336 
0.0548762 0.170666 0.0589273 
0.0634938 0.0748404 0.0608352 
0.072693 0.0962521 0.0433962 
0.0856402 0.15358 0.0593964 
0.0714109 0.0680656 0.00950144 
-0.0615067 0.114159 -0.00487868 
0.0684813 0.0673639 0.0253455 
0.0736346 0.0633998 0.014531 
0.0734973 0.0688188 0.0386517 
0.0639367 0.145468 0.0591763 
0.0177613 0.0697506 0.0607097 
0.053183 0.124403 0.0469201 
0.0766055 0.0583277 0.00781502 
-0.0515307 0.0652166 0.0123283 
0.0391002 0.142571 0.0561355 
0.045199 0.186295 0.0458261 
0.0206327 0.0682684 0.0612179 
0.0788541 0.0646381 0.00229725 
0.0707707 0.0963005 0.050307 
0.0739258 0.0653802 0.00987189 
0.0470383 0.128246 0.0475233 
0.0731866 0.0691946 0.0437594 
0.0162642 0.0619136 0.0609178 
0.0394499 0.113291 0.0564431 
-0.0513849 0.0620258 0.0156244 
0.0370089 0.115564 0.0553591 
0.0478274 0.155567 0.0466844 
0.0461129 0.0695302 0.0619475 
0.0398847 0.0704263 0.0620653 
0.0741429 0.0803695 0.0478904 
0.0651369 0.142115 0.0590594 
0.043715 0.0593672 0.0835231 
0.0133387 0.141028 0.0461705 
0.0292653 0.141653 0.0470675 
0.0935235 0.150933 0.0509417 
-0.00327233 0.0657646 0.0482012 
0.0244253 0.194734 0.0358619 
0.0128478 0.172079 0.0533975 
0.0447608 0.0665651 0.0699721 
0.0520326 0.107956 0.0599346 
0.0160802 0.173904 0.0545614 
0.0407864 0.0663726 0.0624145 
0.0571345 0.108262 0.0581538 
-0.0509963 0.0607824 0.0178684 
0.0364435 0.0666217 0.067133 
0.0498679 0.119056 0.0546249 
0.0695383 0.0703087 0.00450377 
0.0677254 0.063146 0.0242343 
0.0706493 0.173085 0.0640603 
0.0382901 0.0502125 0.0513018 
0.0607882 0.112074 0.0533365 
0.0264677 0.161342 0.0533207 
-0.0215657 0.119718 0.0262902 
-0.0591159 0.0575716 0.011622 
0.026128 0.186533 0.040595 
0.0640378 0.0725209 0.00576118 
-0.0249292 0.136919 0.0218522 
-0.0174725 0.0991637 0.0294149 
0.0311127 0.0706425 0.0651726 
-0.0189382 0.11934 0.0271691 
0.0523266 0.0598315 0.0778776 
0.0681121 0.0748206 0.057519 
0.087944 0.159813 0.0553907 
0.0401752 0.0487298 0.0472479 
0.0341223 0.139517 0.0458249 
0.0477803 0.0592248 0.0794622 
0.0567061 0.0616653 0.0662295 
0.0452487 0.18198 0.0549816 
0.0648118 0.113114 0.037958 
0.039546 0.0589515 0.0835235 
-0.00162241 0.093454 0.0361243 
-0.0509229 0.0745086 0.0116388 
-0.0543357 0.102137 0.000751897 
-0.0665053 0.0591087 0.0137673 
0.0754944 0.0535127 0.011318 
0.0281825 0.0695652 0.064074 
0.0697443 0.0647147 0.0501101 
0.00554009 0.158329 0.0502022 
0.0375974 0.0808563 0.0681389 
0.0656741 0.0654593 0.0564247 
0.0638364 0.0514147 0.0207291 
0.0834263 0.183451 0.0506158 
0.0479528 0.0515988 0.0517688 
0.0550614 0.0551723 0.0711768 
0.0679872 0.0592301 0.0458804 
0.0912623 0.147083 0.0590598 
-0.0637854 0.0517739 0.0177257 
-0.00497157 0.153547 0.0475666 
0.0728345 0.0796865 0.0512253 
-0.00947937 0.198633 0.0250752 
0.0505262 0.0559901 0.0781155 
0.0617187 0.0559787 0.0515057 
-0.035004 0.145907 0.015608 
-0.0580047 0.107319 -0.00212269 
0.0725065 0.0487426 0.0135399 
0.0649377 0.0538896 0.0371941 
0.0943303 0.161323 0.0559908 
-0.0184729 0.139382 0.0215573 
0.0405618 0.151991 0.0554961 
0.068815 0.0679685 0.0161656 
0.0526492 0.0645123 0.0619629 
0.013188 0.0651287 0.0574068 
0.0718806 0.0969086 0.0464407 
0.0227586 0.192442 0.017246 
0.0755072 0.0616957 0.0111405 
0.0409963 0.157495 0.0455151 
0.0175449 0.145954 0.0491085 
0.0545663 0.0510492 0.0484182 
0.0712381 0.168119 0.0616879 
0.0701114 0.0612616 0.0420106 
0.0270587 0.114534 0.0505659 
0.0426907 0.0862462 0.0669869 
0.0708408 0.176007 0.0625384 
0.0799879 0.169095 0.0391076 
0.0406973 0.058297 0.0833855 
0.0750389 0.0801227 0.0432564 
0.0213351 0.148198 0.0517867 
0.0542439 0.0524861 0.0521065 
0.00855515 0.162695 0.0523535 
0.0354571 0.0872505 0.0677154 
0.0417675 0.0774236 0.0658753 
0.0681848 0.145923 0.0599623 
0.0450742 0.0754464 0.0631079 
0.0465411 0.132103 0.0396092 
0.00869334 0.151884 0.0510132 
0.00181907 0.0647823 0.0510457 
0.0624599 0.165627 0.0309889 
0.056671 0.0544348 0.078945 
-0.00506192 0.117775 0.0270134 
0.00841135 0.190748 0.0348572 
0.0460843 0.0782982 0.0638469 
-0.00200345 0.19564 0.0288665 
0.0562849 0.0571057 0.0782421 
0.0534224 0.0807186 0.0646454 
0.0310684 0.0807219 0.0678663 
0.0692752 0.0690567 0.0230186 
-0.0256206 0.144361 0.0189818 
0.0707008 0.0748566 0.0544143 
0.0277447 0.113814 0.0502237 
0.00459184 0.169074 0.0523121 
-0.0213726 0.13045 0.0242616 
0.0495371 0.0656133 0.0621566 
0.015609 0.131585 0.0460222 
0.0785414 0.0679252 0.00204473 
0.071362 0.0804449 0.054561 
0.0540589 0.0630278 0.0732141 
0.0189383 0.125782 0.047392 
0.040083 0.0499698 0.0509748 
0.0739951 0.0909092 0.0436143 
-0.0149653 0.114084 0.0292398 
0.00210474 0.0537236 0.0557824 
0.0377501 0.0509766 0.0515592 
0.000366033 0.19086 0.0320016 
-0.0488421 0.066241 0.00957079 
0.0238383 0.0751318 0.0649529 
0.0547835 0.0629752 0.0681548 
0.0135585 0.0617376 0.0594939 
0.0692775 0.0726352 0.0234859 
0.0588221 0.0804246 0.0636316 
0.0603243 0.0518494 0.0213094 
0.0468062 0.1127 0.0583068 
0.0421495 0.186355 0.0462132 
0.0500877 0.127382 0.0451249 
-0.0212433 0.135428 0.0231685 
0.0499185 0.0671061 0.0621967 
0.0211958 0.168299 0.0545213 
0.0648906 0.0543742 0.0405786 
0.0326238 0.168877 0.0564999 
0.0695155 0.0935029 0.0541443 
0.0685146 0.0679032 0.0540971 
0.0577633 0.0507725 0.044825 
0.0668361 0.16779 0.0360613 
-0.0510979 0.0708881 0.0132961 
0.0764548 0.150818 0.0605639 
0.0473232 0.0579797 0.0827987 
-0.00240637 0.156231 0.04862 
0.0045865 0.0502167 0.0565995 
-0.0269843 0.144752 0.0186885 
-0.00790509 0.0604444 0.0477128 
0.0582688 0.0496877 0.0412694 
0.0173556 0.203866 0.0348529 
0.0266493 0.139398 0.0485329 
0.0785204 0.0636027 0.00402926 
0.0650027 0.057071 0.0486187 
0.0867984 0.155735 0.0559459 
0.0716119 0.06694 0.0135005 
0.0533569 0.0858377 0.0645418 
0.0357196 0.173788 0.0569344 
0.0710719 0.0692986 0.0507351 
0.030589 0.129863 0.051182 
0.0605452 0.050804 0.0398392 
0.0525874 0.0493497 0.0482229 
0.0872258 0.181721 0.0402218 
-0.0442869 0.0700585 0.0150889 
0.0712477 0.183506 0.0556164 
0.0545553 0.0574961 0.079109 
0.03569 0.069595 0.0644578 
0.00587927 0.0601138 0.0555864 
0.0197549 0.129349 0.0483661 
0.0545841 0.0611048 0.0604084 
0.0367625 0.0911069 0.0658544 
0.0483246 0.0544613 0.0839006 
0.0572222 0.115104 0.0531434 
0.0371448 0.12933 0.0513704 
0.0180258 0.195513 0.0389819 
0.0737059 0.0915079 0.039125 
0.0620609 0.062214 0.0567655 
-0.06641 0.0566221 0.0151355 
0.0948363 0.146488 0.0397352 
0.042871 0.136287 0.0336154 
0.0599176 0.0493767 0.0195451 
0.0628701 0.0693079 0.0596032 
0.0744505 0.0581802 0.015156 
-0.00460816 0.0682679 0.0480125 
0.00699059 0.0490126 0.0562568 
0.0662219 0.109001 0.0482959 
0.0701453 0.058098 0.0201949 
-0.0484505 0.0737554 0.01012 
0.00983819 0.0632376 0.0558569 
0.0327563 0.156971 0.0539606 
0.0368741 0.131699 0.0498156 
0.0619596 0.064818 0.0583536 
-0.0649503 0.0545198 0.0166567 
-0.0518024 0.0628656 0.0163574 
0.016775 0.0504548 0.0549214 
0.0397761 0.145558 0.056242 
0.0704859 0.0652829 0.0178445 
-0.0541024 0.0636432 0.0179937 
-0.00753263 0.11371 0.0296019 
0.0573767 0.0489157 0.0412793 
0.0418972 0.131323 0.0472902 
0.0464167 0.102301 0.060671 
0.0738093 0.169384 0.0645283 
0.07021 0.0630515 0.0461185 
0.0722783 0.061849 0.0179092 
-0.00937563 0.120793 0.0274701 
0.0591024 0.0497729 0.0390555 
0.0452205 0.159069 0.0397837 
0.0297778 0.124201 0.052028 
0.0726984 0.0856068 0.051145 
0.0363038 0.108412 0.0556327 
0.0658378 0.0577021 0.0228014 
0.00930524 0.157345 0.0519018 
7.82316e-06 0.0684969 0.0491277 
0.0346681 0.0804951 0.0683524 
0.0543438 0.0611457 0.0609131 
0.0714584 0.14532 0.0609396 
0.0487438 0.0755643 0.0638238 
0.0527509 0.122407 0.0498566 
0.0415828 0.0747735 0.0644155 
0.042964 0.160464 0.0291996 
0.0670336 0.0693788 0.0564738 
0.0980796 0.161607 0.0551697 
0.0148019 0.0493002 0.0525834 
0.0590748 0.0531316 0.0501271 
0.0401464 0.134649 0.0452809 
0.0237398 0.140911 0.0482285 
-0.0495816 0.0957301 0.00401889 
0.0578551 0.0546364 0.0717311 
0.0374833 0.0655301 0.0708862 
-0.00473192 0.0867364 0.0397651 
0.0424265 0.101626 0.0596252 
0.0593903 0.0567139 0.0707736 
0.03666 0.102892 0.055782 
0.0554668 0.0551014 0.0551721 
0.0583865 0.0551052 0.0535413 
0.00221556 0.094873 0.0350957 
0.0722234 0.0553718 0.0179805 
0.0666462 0.0633352 0.0535413 
0.0767806 0.186365 0.0514826 
0.00862088 0.0611554 0.0567919 
0.0697199 0.165761 0.0583596 
0.0756056 0.0534231 0.00895165 
0.0692957 0.0537817 0.0195931 
0.0151141 0.188462 0.0542528 
0.0818363 0.179303 0.0496002 
0.0762726 0.164039 0.0365847 
0.0394497 0.0641856 0.074479 
0.0738574 0.0853289 0.0477022 
0.0655427 0.0710103 0.00639927 
0.0432965 0.108586 0.0587415 
0.0425646 0.0806456 0.0666449 
0.0262261 0.118553 0.0504637 
0.0557669 0.0493588 0.0443859 
-0.0533815 0.0984787 0.00214289 
0.0678602 0.0575039 0.041191 
0.0698231 0.0516426 0.0182518 
-0.0595016 0.0560077 0.0110847 
0.0433623 0.0631109 0.0820542 
0.0489335 0.0716098 0.0630779 
0.052581 0.069475 0.0628186 
0.0328477 0.124362 0.0529267 
0.0580168 0.121713 0.0371674 
0.0758025 0.0579168 0.0115549 
0.0726498 0.058603 0.0179421 
-0.0239049 0.141474 0.0205236 
0.0447583 0.142544 0.0567474 
0.0737384 0.0528293 0.0147721 
-0.061197 0.0556012 0.0129048 
0.0330533 0.066787 0.0677377 
0.058056 0.0589761 0.0687287 
0.083252 0.175844 0.0416841 
0.043708 0.0620849 0.0826667 
0.0762774 0.0698704 0.00367639 
0.0744603 0.0856007 0.0388017 
-0.000832895 0.061106 0.0505907 
0.0523673 0.0637863 0.0762715 
-0.00527066 0.092053 0.0361016 
-0.0569111 0.105128 -0.00106166 
0.0482344 0.0553236 0.0781804 
-0.0117105 0.113567 0.0301447 
0.0267413 0.0766121 0.066315 
0.0616692 0.0543191 0.0227046 
0.0438256 0.113543 0.057723 
0.0453622 0.151368 0.0559048 
-0.0301616 0.145991 0.0174119 
-0.00399562 0.0605571 0.0498518 
0.00440472 0.172757 0.0524629 
0.0706106 0.0620483 0.0354423 
0.00513119 0.0952293 0.0340157 
0.00452715 0.192162 0.0331447 
0.057355 0.0641577 0.0605376 
0.0485068 0.160368 0.0269475 
0.0367784 0.119422 0.0544518 
0.0176444 0.155515 0.0517532 
0.0587777 0.0617555 0.0584733 
0.046937 0.0496112 0.0498023 
0.0669586 0.102273 0.053065 
0.0621056 0.0525232 0.043105 
0.0322397 0.110355 0.0531108 
-0.0209778 0.139751 0.0216872 
0.0518866 0.050408 0.0501501 
0.0345322 0.0659835 0.0696059 
0.0608216 0.118684 0.0383607 
0.0718405 0.0637064 0.0392525 
0.0042889 0.0980322 0.032747 
0.0150279 0.205127 0.0350641 
0.0747362 0.0790595 0.038816 
0.0497828 0.0990686 0.0621905 
0.00305046 0.0587242 0.0553175 
-0.0545029 0.0708956 0.0129668 
0.0689812 0.169196 0.0387555 
-0.0473422 0.0707712 0.0149761 
0.0470976 0.062763 0.0793155 
0.0698205 0.0632529 0.0209251 
0.0531271 0.075065 0.0638682 
0.0648481 0.059112 0.0518852 
0.0243814 0.193359 0.0377636 
0.0433992 0.0656207 0.0721488 
0.017242 0.0650886 0.0597749 
0.0828486 0.177836 0.0457673 
0.0469138 0.0806204 0.0644526 
0.0268251 0.0799357 0.0667822 
-0.0213872 0.111106 0.0266933 
0.0557996 0.0589197 0.0740318 
0.0212212 0.065528 0.061454 
0.0609095 0.114442 0.0508368 
0.0379256 0.0858006 0.0681327 
0.0589629 0.0858414 0.0637253 
0.0471788 0.0860064 0.0648954 
0.02713 0.0661034 0.0638016 
0.0582038 0.0694919 0.0621999 
-0.0171039 0.102704 0.0296552 
0.0480083 0.125539 0.0499034 
0.0638472 0.0858046 0.0614437 
0.0684122 0.0855063 0.057892 
0.000453515 0.193741 0.0310474 
-0.0478475 0.0918722 0.00568631 
0.0711901 0.0855491 0.0544483 
0.0784941 0.0667259 0.00380168 
0.0549039 0.0541976 0.0798104 
0.0259132 0.124494 0.0505537 
0.0373067 0.138441 0.0440563 
0.0745488 0.0853986 0.0435248 
0.00574757 0.167871 0.050696 
0.0954374 0.149301 0.0408354 
0.039119 0.0895648 0.0668592 
0.0749068 0.0835012 0.0379608 
0.072089 0.0681977 0.0470246 
0.0658855 0.107112 0.0518331 
0.00180375 0.157064 0.0494811 
-0.0582126 0.0823728 1.8274e-05 
0.0760525 0.0678679 0.00571688 
0.0731208 0.0864821 0.0345918 
-0.0218278 0.113331 0.0267702 
0.0275721 0.0729531 0.0654125 
0.0533469 0.0913198 0.063876 
0.0499211 0.181497 0.0569173 
0.0240106 0.070196 0.063367 
0.0305712 0.1353 0.0494368 
-0.0121481 0.196543 0.0267233 
0.0589323 0.0913852 0.0631184 
0.0483079 0.184924 0.0479901 
0.035298 0.167395 0.0575965 
0.0681925 0.0910995 0.0572698 
0.0326443 0.151713 0.0539761 
0.0709766 0.0902472 0.0544061 
0.0332705 0.0898561 0.0664405 
0.0540554 0.178849 0.0501376 
0.0425618 0.0901697 0.0658259 
0.0608184 0.0585422 0.0550804 
0.0376533 0.124411 0.0535689 
0.0722688 0.0913976 0.0509289 
0.0737849 0.0901036 0.0476961 
-0.0476314 0.0877798 0.00653979 
0.0415741 0.0926244 0.0642926 
0.0459267 0.0924828 0.0631617 
-0.00827059 0.180982 0.0475898 
-0.00457054 0.0897661 0.0379906 
0.000763536 0.0921872 0.0365505 
-0.0502238 0.08968 0.00567617 
0.0265387 0.181182 0.0535283 
0.0697793 0.0596174 0.035759 
0.00492848 0.0933771 0.035216 
0.0459668 0.0548509 0.0850491 
0.0598005 0.054473 0.0712248 
0.0418006 0.0954489 0.0615136 
0.0845844 0.182794 0.0466054 
0.0488921 0.0511632 0.0509138 
0.0464375 0.0968556 0.0618855 
0.0307984 0.0753304 0.0666641 
0.0495051 0.0953665 0.0627369 
0.0153952 0.203899 0.0357491 
0.0530926 0.0969435 0.062882 
-0.0316226 0.137185 0.0184879 
0.038512 0.139797 0.040531 
0.0443206 0.133131 0.04264 
0.0634117 0.0967774 0.0597166 
0.0650162 0.0536704 0.0215628 
-0.0163398 0.134986 0.0233191 
0.045841 0.0657281 0.0620938 
0.0674044 0.0963802 0.0564121 
-0.044645 0.0675371 0.0146592 
0.0690635 0.0970205 0.0538722 
-0.051055 0.0920194 0.00476602 
0.0684971 0.0487033 0.0168307 
-0.0526883 0.0611797 0.0194624 
0.0726411 0.0963014 0.0394502 
0.0404677 0.0510412 0.0516049 
-0.058619 0.0835762 1.5375e-05 
-0.0345891 0.141443 0.0167345 
-0.00972656 0.124174 0.0262069 
0.0408198 0.0556931 0.0828914 
0.0399354 0.0976483 0.0590703 
-6.96877e-05 0.0976404 0.0341694 
0.0445635 0.118687 0.0558499 
0.0283307 0.163304 0.0543141 
-0.00175281 0.0698386 0.047943 
0.0471811 0.13165 0.033413 
0.0751975 0.172937 0.0415714 
0.0406638 0.16782 0.0580938 
-0.0185828 0.124008 0.0264648 
-0.0118853 0.0976613 0.0323823 
-0.00546262 0.0976788 0.034317 
-0.0521476 0.0945046 0.00362647 
-0.0285148 0.130967 0.0214098 
0.0533889 0.101713 0.0617405 
-0.0616256 0.0511426 0.0167788 
0.0580286 0.102009 0.0605593 
0.0480227 0.142532 0.0572217 
0.0766889 0.17565 0.0432814 
0.0625875 0.101666 0.0581517 
0.0317805 0.0858857 0.0675219 
-0.0159964 0.104288 0.0298228 
0.0545131 0.183959 0.0473923 
0.0720637 0.14902 0.0599562 
0.0553163 0.0593117 0.0703792 
0.0401336 0.140341 0.0305065 
0.0694357 0.100805 0.0498293 
0.0398493 0.103074 0.0580015 
-0.024957 0.129585 0.0235294 
0.0507844 0.103287 0.0613048 
0.0698794 0.102192 0.0455237 
0.00757302 0.0501234 0.0565702 
0.0715723 0.0997668 0.0424539 
0.0387244 0.183241 0.0525338 
-0.0140958 0.124545 0.0269124 
0.0707368 0.101213 0.0392801 
-0.0329471 0.136568 0.0184529 
-0.0508487 0.0975297 0.00301323 
0.0803169 0.176201 0.0488237 
-0.06316 0.0588853 0.0131647 
0.0641561 0.103436 0.0560571 
0.0370317 0.164775 0.0586009 
0.0701144 0.103017 0.0411375 
-0.00539171 0.102733 0.0329441 
0.0724326 0.0747367 0.0512242 
0.0153394 0.140526 0.0466494 
-0.000745024 0.103071 0.031887 
0.0639596 0.0489195 0.0190178 
-0.00706661 0.108547 0.0312262 
0.00184846 0.174515 0.0506879 
0.0908368 0.156097 0.0531958 
0.022415 0.130274 0.0492781 
-0.00280131 0.190677 0.03109 
0.0914549 0.14967 0.0582134 
0.00284448 0.102725 0.0306464 
0.0353437 0.17637 0.0567041 
0.0625556 0.0544712 0.047053 
-0.00840408 0.103882 0.0325566 
0.07662 0.169471 0.0395286 
0.039817 0.162731 0.0573824 
-0.0115665 0.102833 0.032229 
0.0541965 0.105355 0.0606704 
0.0573302 0.105411 0.0596154 
-0.0619896 0.054314 0.015779 
0.0748214 0.0501934 0.0108918 
0.0610253 0.105148 0.0579523 
0.0619261 0.107791 0.0553672 
0.039154 0.107726 0.0568347 
0.06002 0.145505 0.0585253 
0.0682514 0.105559 0.0491152 
0.0360751 0.144121 0.0561669 
0.0680017 0.107672 0.0405885 
0.0696842 0.104653 0.0388043 
0.0253613 0.0793265 0.066342 
-0.0188722 0.108515 0.0283546 
-0.0118005 0.108261 0.0312669 
0.0247607 0.168006 0.0541321 
-0.0047479 0.106076 0.0318806 
0.0428876 0.125426 0.0522635 
0.0902612 0.144102 0.0362417 
-0.000718812 0.106463 0.0304242 
0.0444004 0.1615 0.057581 
0.00167191 0.106378 0.0296264 
-0.00205681 0.10889 0.029821 
-0.00565274 0.0771365 0.0431598 
0.00638252 0.0515391 0.0568269 
0.00154571 0.107513 0.0291425 
0.051136 0.113122 0.0576694 
0.0720472 0.0646725 0.0434665 
0.0615651 0.117678 0.042532 
0.063335 0.110891 0.0510663 
0.0642223 0.11261 0.0474134 
0.0661858 0.110199 0.0442913 
0.0328159 0.113492 0.0533405 
0.050977 0.116117 0.0561219 
0.028851 0.188331 0.0198834 
-0.0187272 0.114192 0.028112 
0.0364134 0.0751692 0.0665408 
0.0593783 0.11994 0.0449224 
-0.00324867 0.11343 0.0284159 
0.064154 0.114465 0.0424891 
-0.0172926 0.131658 0.0248015 
0.0477839 0.0907016 0.0639755 
-0.0607821 0.110908 -0.00414942 
0.0684612 0.106773 0.045565 
0.0403029 0.118615 0.0557158 
0.0377921 0.185994 0.0468725 
0.0541952 0.116175 0.0548027 
-0.0113545 0.12846 0.0251261 
0.0363848 0.158463 0.0476939 
0.0550289 0.118665 0.0522383 
0.0227075 0.136079 0.0487993 
0.0697961 0.154775 0.0575864 
0.0589378 0.117869 0.0489816 
0.0631 0.115212 0.0383151 
0.0332264 0.118647 0.0535143 
0.0616293 0.116306 0.0461629 
0.012236 0.175601 0.0542373 
-0.0181028 0.128377 0.0257297 
0.029375 0.119365 0.0517764 
0.0391181 0.0684175 0.0605142 
-0.0138534 0.119243 0.0282734 
-0.0115207 0.117035 0.0289735 
0.0328327 0.162902 0.0550958 
-0.00663102 0.0871285 0.0409699 
0.0357396 0.13515 0.0479458 
0.00127859 0.178702 0.0491959 
0.0921426 0.160217 0.0556864 
-0.00781234 0.118484 0.0279004 
0.0762779 0.0634541 0.00699889 
-0.062608 0.120366 -0.005736 
0.0119662 0.191132 0.0360588 
0.0335206 0.17877 0.0553024 
0.0747611 0.0752145 0.0375329 
-0.0253777 0.120625 0.0238356 
0.023132 0.120602 0.04892 
0.0228738 0.123542 0.0493187 
0.0404478 0.122193 0.0546888 
0.0947344 0.150493 0.042915 
0.025916 0.134987 0.0495499 
0.0184986 0.141353 0.047494 
0.0441063 0.122897 0.0537891 
0.0283606 0.147739 0.053825 
0.0153567 0.0500392 0.0548587 
0.0452188 0.133762 0.0330598 
0.0490648 0.122954 0.0519935 
0.0485683 0.130848 0.0371289 
0.0562547 0.122742 0.0440311 
0.0562917 0.123892 0.0399601 
0.0346713 0.182503 0.0545738 
0.0761843 0.146251 0.0621064 
-0.0555573 0.0663231 0.0147644 
-0.0249768 0.125105 0.0238425 
0.080263 0.174822 0.0478344 
-0.0217511 0.12562 0.0249509 
0.0156268 0.189404 0.0385321 
0.07439 0.0746291 0.0435823 
-0.0615615 0.12312 -0.00500711 
0.0534922 0.126034 0.0427377 
0.0913701 0.155473 0.0489868 
0.0257006 0.129723 0.0502881 
0.0331512 0.128144 0.052019 
0.0585713 0.0968733 0.0621226 
0.0422225 0.12888 0.0498431 
0.0825324 0.141974 0.0639869 
0.0506532 0.128632 0.0414591 
0.0527237 0.126661 0.038656 
0.0520369 0.127756 0.0360853 
0.00994864 0.179326 0.052581 
0.0793052 0.173892 0.0570876 
0.0526227 0.126538 0.0351106 
0.0797978 0.144942 0.0643301 
-0.029154 0.126966 0.0214413 
-0.0146731 0.129799 0.0251196 
0.073078 0.0713036 0.0476272 
0.0637055 0.0912474 0.0607885 
0.0462344 0.130887 0.0438088 
0.0253359 0.182661 0.0518306 
0.0153354 0.135123 0.04651 
0.0187432 0.136065 0.0478373 
0.0463012 0.133082 0.0362806 
0.0238574 0.0652291 0.0629895 
-0.0271323 0.136062 0.0213019 
0.0687122 0.0682467 0.0247386 
0.0404759 0.136948 0.0415035 
0.0298866 0.140085 0.0476462 
0.0408814 0.138719 0.0373061 
-0.0120845 0.0931252 0.0324703 
0.0413513 0.138704 0.0332435 
0.0354025 0.140725 0.0439402 
-0.00599323 0.0646044 0.0477899 
-0.0309958 0.14217 0.0181871 
-0.0591482 0.0662487 0.0165864 
-0.0275295 0.14102 0.0199427 
0.0791894 0.141302 0.0648993 
0.0434318 0.135314 0.038515 
0.0397465 0.140552 0.0369015 
-0.0371422 0.142659 0.0152449 
0.0515717 0.142506 0.0572236 
0.083109 0.141692 0.0333461 
0.0138296 0.143334 0.0481382 
