0.0346244 0.187453 0.00112644 
0.0358892 0.187022 0.000724139 
0.0315711 0.184982 -0.00403792 
0.0263724 0.185842 -0.0305097 
0.0338521 0.182945 -0.00271759 
0.0335492 0.180776 -0.00558921 
0.0309797 0.181067 -0.0072968 
0.0287915 0.180904 -0.0105046 
0.0276414 0.180447 -0.0131053 
0.0263157 0.17992 -0.0167055 
0.0315541 0.178605 -0.00926353 
0.0310936 0.177296 -0.0116492 
0.00680194 0.178065 -0.0307216 
0.0219675 0.17642 -0.0295044 
0.00910074 0.178869 -0.0286084 
0.0286082 0.177012 -0.0142703 
0.0413845 0.17545 -0.0337232 
0.0388575 0.174106 -0.0356376 
0.0283525 0.174885 -0.0177867 
0.0258697 0.175991 -0.0202641 
0.0215258 0.176421 -0.0316901 
0.00902405 0.176471 -0.030707 
0.00678102 0.176434 -0.031773 
0.0286319 0.173934 -0.0198117 
0.0268762 0.173693 -0.0213841 
0.0170843 0.171939 -0.0319237 
0.0456457 0.16926 -0.0173579 
0.0374883 0.171217 -0.0361245 
0.0265733 0.171874 -0.0247007 
0.0149305 0.171353 -0.00719071 
0.0126149 0.171323 -0.0187582 
0.0110857 0.171405 -0.0196629 
0.0394599 0.168632 -0.0342269 
0.0348383 0.168863 -0.0378738 
0.0215318 0.169865 -0.0295065 
0.0368025 0.168503 -0.0359233 
0.0194206 0.169839 -0.0293234 
0.0262769 0.178348 -0.0169251 
0.00468227 0.169866 -0.0487952 
0.00791785 0.170098 -0.03235 
0.0429307 0.16688 -0.0202603 
0.0104509 0.169568 -0.0208541 
0.0450156 0.167217 -0.0179557 
0.0346917 0.166779 -0.0300606 
0.0230193 0.181242 -0.0323173 
0.0436001 0.164576 -0.0209729 
0.0413777 0.166162 -0.0221628 
0.0383826 0.166295 -0.026013 
0.032596 0.165873 -0.0286305 
0.029863 0.167816 -0.0285549 
0.0269392 0.165275 -0.0217099 
0.0261516 0.167242 -0.024664 
0.0237223 0.167595 -0.0258995 
0.0211424 0.165601 -0.0242477 
0.0162624 0.166166 -0.0111048 
0.0149011 0.168563 -0.00851788 
0.0121946 0.166792 -0.0137078 
0.0109585 0.166754 -0.0171852 
0.00699103 0.167958 -0.0343322 
0.0302114 0.164244 -0.0262673 
0.0243371 0.164683 -0.0232675 
0.0441361 0.162686 -0.0221904 
0.0227475 0.164501 -0.0239054 
-0.000138587 0.164552 -0.0588485 
0.0107873 0.164039 -0.0197529 
-0.0033679 0.163445 -0.0625637 
0.0160766 0.16398 -0.0150188 
0.0461711 0.159782 -0.0149457 
0.0439534 0.160509 -0.0165057 
0.0409513 0.160914 -0.0201788 
0.0412419 0.162657 -0.0218069 
0.0333874 0.162765 -0.0267107 
-0.00883565 0.0671009 0.0727831 
0.034184 0.0634815 0.045558 
0.0287251 0.170152 -0.0287791 
-0.00986744 0.115225 0.0404211 
0.0281783 0.0975956 0.047059 
0.0231131 0.126488 0.0612418 
0.0177208 0.0968966 0.0532156 
0.0123614 0.0983987 0.054574 
-0.020572 0.0819189 0.0790474 
0.0267978 0.150399 -0.0153303 
-0.0262568 0.100825 0.0464724 
0.0148119 0.126529 0.076186 
0.0125679 0.170602 -0.0187583 
-0.0318375 0.100512 0.0397023 
-9.76395e-05 0.126062 0.0523012 
0.00800801 0.0723116 0.0598425 
-0.0183998 0.100692 0.0770166 
0.0290859 0.0922385 0.0431803 
-0.0233583 0.0682302 0.0711239 
0.0264 0.0920231 0.0460263 
-0.0271177 0.0967736 0.0469119 
-0.0313309 0.0966822 0.042777 
0.00366478 0.135403 0.0931158 
0.00610789 0.166344 -0.0362737 
-0.0326006 0.0966136 0.0402946 
-0.0300047 0.101228 0.0418414 
0.00605513 0.127715 0.0837906 
0.0256743 0.131085 0.0586055 
0.0257981 0.089258 0.0462132 
0.0339402 0.153099 -0.0230596 
0.0228741 0.0881834 0.0480091 
0.0431676 0.0585059 0.0396879 
0.0184006 0.0883163 0.0483311 
-0.0119399 0.108054 0.077445 
0.0151696 0.0870609 0.0480067 
-0.0291122 0.099306 0.0449364 
0.00439323 0.129489 0.0909193 
0.0233055 0.130459 0.0605844 
0.0125592 0.0892667 0.0487792 
0.0109683 0.164029 -0.017945 
0.0275005 0.153156 -0.0155365 
0.00921775 0.0886639 0.0491146 
-0.0298986 0.0927339 0.0450971 
-0.0261445 0.0903719 0.073694 
-0.0197597 0.0911898 0.0800177 
0.0282468 0.0836558 0.0466916 
-0.000720435 0.0624551 0.0742052 
-0.0327916 0.0937084 0.0413947 
0.0208242 0.0746626 0.0537287 
0.0257357 0.138762 0.05559 
0.00170553 0.11392 0.0788567 
-0.000935477 0.0719328 0.0712814 
0.0227197 0.0841108 0.0500075 
0.00816041 0.156113 -0.021263 
0.0171553 0.0830805 0.0501015 
0.0121223 0.0843563 0.0478957 
0.0127526 0.0930449 0.0506873 
0.00169459 0.0585452 0.0720511 
0.0264818 0.095218 0.0476325 
0.00907879 0.084675 0.0479784 
-0.0283829 0.0929059 0.0462116 
-0.0112072 0.069258 0.0738819 
0.0197351 0.0915225 0.049467 
-0.029723 0.0965987 0.0450936 
0.0328658 0.0764154 0.0362095 
-0.0110725 0.0865835 0.0806845 
-0.00393804 0.0670402 0.0741348 
-0.00497735 0.108666 0.080451 
-0.0153425 0.0862707 0.0809571 
0.0176193 0.07418 0.056233 
0.040239 0.171225 -0.0338529 
0.0105508 0.152116 0.0370986 
0.0271452 0.139702 0.0536647 
-0.0206511 0.086901 0.0798157 
-0.0271318 0.0869933 0.0737454 
0.0204583 0.0791256 0.0528561 
-0.0156311 0.116154 0.0392312 
0.0316066 0.182978 -0.00473372 
0.0160355 0.0798335 0.0523145 
0.015053 0.107633 0.0601174 
0.0114224 0.0800508 0.0497561 
0.024492 0.152477 0.0419887 
0.0279577 0.0933101 0.0449575 
0.0060525 0.16221 -0.0342357 
-0.00501547 0.0795627 0.0758805 
0.000379598 0.104646 0.0799697 
-0.0150142 0.100804 0.0800187 
-0.0158721 0.0818568 0.0796025 
0.0176831 0.069932 0.0576144 
-0.0248022 0.0824264 0.0768358 
-0.0212202 0.0840692 0.0794097 
0.0229544 0.0717487 0.0518772 
-0.0295787 0.0690552 0.0649223 
-0.0305779 0.0604375 0.0360296 
-0.0219175 0.0637496 0.0672934 
0.0209753 0.139477 0.0588978 
0.0158221 0.0653432 0.0620557 
0.00172088 0.116845 0.0776666 
0.0264965 0.098203 0.049534 
0.0351319 0.0603545 0.0435222 
0.0254145 0.162745 -0.0208726 
0.0130666 0.0641806 0.0646367 
0.0209122 0.064822 0.0584922 
0.00887241 0.143647 0.0532591 
0.00773907 0.171739 -0.0356261 
-0.0162004 0.0916158 0.0815443 
0.023511 0.0792432 0.0514337 
0.00516152 0.154369 -0.0349799 
0.03897 0.0667875 0.0387312 
0.0202766 0.172631 -0.0313539 
-0.00822803 0.084909 0.078949 
-0.0034399 0.110435 0.0799155 
0.0421248 0.0573461 0.0392216 
0.0295149 0.0715796 0.0497243 
-0.0222569 0.102471 0.0470379 
-0.0173608 0.0873822 0.0810648 
0.00190976 0.140517 0.0859802 
-0.00649101 0.0774059 0.0763301 
0.0369407 0.167064 -0.0283494 
-0.00120502 0.116914 0.0763882 
0.0363894 0.0763183 0.0343163 
0.0279084 0.162285 -0.0183955 
0.00359035 0.0755282 0.0544646 
-0.0108022 0.0957881 0.0822187 
-0.0291708 0.0763794 0.0705797 
-0.0145991 0.116432 0.0396844 
0.0379166 0.0599851 0.0439705 
-0.0270689 0.0744888 0.0727024 
-0.011673 0.109298 0.075557 
0.0186964 0.150181 0.0545119 
-0.0171593 0.065836 0.0711523 
-0.0118224 0.0822139 0.079326 
0.0155085 0.111938 0.0617828 
0.0223727 0.158663 0.0327408 
-0.025186 0.0643649 0.0654466 
0.042174 0.0604124 0.0430591 
0.0286426 0.186965 -0.0288857 
0.00408092 0.122784 0.074679 
0.0204314 0.0620889 0.0592572 
0.0142235 0.0752956 0.0563418 
0.0190478 0.112614 0.0611965 
0.0120669 0.073315 0.0586832 
0.0191379 0.171302 -0.0300535 
0.0386685 0.0698407 0.0376964 
0.0266184 0.0698122 0.0519112 
0.0233477 0.0930617 0.0488641 
0.00805591 0.058161 0.0694112 
0.023748 0.0656918 0.0557521 
0.00998178 0.143144 0.0548711 
0.00977956 0.0759488 0.0544493 
0.0261041 0.0733312 0.0497958 
-0.0129596 0.0635913 0.0696456 
0.010046 0.146336 0.0512324 
0.0271123 0.189534 -0.0291357 
0.0275298 0.142851 0.0513891 
0.0237536 0.150843 -0.0182515 
-0.0119098 0.0613691 0.0671876 
0.0363011 0.0711334 0.037741 
0.0330392 0.0743475 0.0376716 
0.0102135 0.144261 0.0541711 
0.0188147 0.061365 0.0608696 
0.0289174 0.143061 0.0487371 
0.0126844 0.06741 0.0625289 
-0.024311 0.0738247 0.0744536 
0.0207963 0.0946719 0.0511752 
0.00482134 0.0587049 0.0714173 
-0.0206244 0.0597724 0.0628491 
-0.00428994 0.0717775 0.0732881 
0.023618 0.172103 -0.0271848 
0.023664 0.14805 0.0496461 
0.00588633 0.0759651 0.0528885 
-0.0132668 0.0953632 0.0821814 
0.0396196 0.0587406 0.0434247 
-0.0132945 0.0664371 0.0719982 
0.0280924 0.0741581 0.047869 
-0.0154565 0.0956037 0.081481 
-0.00932795 0.0584954 0.0634487 
0.021038 0.0677711 0.0571533 
0.025875 0.0830462 0.0490618 
0.040504 0.0683139 0.0373802 
-0.0313286 0.0882853 0.0419296 
0.0116441 0.0949722 0.052258 
-0.02398 0.0714655 0.0731743 
0.00101439 0.076034 0.0683241 
0.0244009 0.096692 0.050396 
0.010582 0.0617648 0.0670145 
0.00861308 0.16859 -0.0241402 
0.0277811 0.135598 0.054864 
0.00705457 0.14483 0.0884821 
-0.0206539 0.0993434 0.0745765 
0.00866796 0.125419 0.0827854 
-0.0213626 0.0925136 0.0785997 
-0.0236371 0.100769 0.0473674 
-0.00716166 0.0585775 0.0630301 
0.0379867 0.0635045 0.0449815 
0.0130134 0.0608094 0.0657042 
-0.0183494 0.0946901 0.0801863 
-0.0245983 0.0872083 0.0769413 
0.018864 0.0660528 0.059592 
-0.0158688 0.0775842 0.0780048 
0.0122991 0.177782 -0.0256032 
0.00485687 0.16765 -0.0437669 
0.00191278 0.0618339 0.0731454 
0.00718501 0.0702823 0.0632304 
0.00370629 0.104276 0.0772807 
0.0149082 0.0581044 0.0640649 
0.0121131 0.118633 0.0745793 
-0.015659 0.0592782 0.0649025 
0.0124864 0.0579893 0.0661793 
-0.0196668 0.0963898 0.0783627 
-0.0228672 0.0873604 0.0785554 
0.00632422 0.148928 0.0803822 
0.014596 0.0776266 0.0539639 
-0.01042 0.122198 0.0395285 
0.0289834 0.066324 0.0502674 
-0.00829744 0.0637276 0.0708924 
0.0278842 0.153807 -0.0160935 
0.0255847 0.0788335 0.0498303 
0.040118 0.0654385 0.0385018 
0.0163615 0.0611113 0.0631367 
-0.00988075 0.076717 0.0768929 
0.0198886 0.146774 0.0549872 
-0.0175343 0.0634069 0.0686991 
-0.00105933 0.0655137 0.0740025 
0.00758838 0.130368 0.0888497 
-0.0203876 0.077583 0.0777055 
-0.0223995 0.0959324 0.0749175 
0.00639684 0.0783266 0.0507129 
-0.00378333 0.0622248 0.0733702 
0.00849378 0.0737085 0.0575062 
0.0187376 0.15545 0.0476399 
-0.0122817 0.11905 0.0400294 
0.0150965 0.0722665 0.0586453 
-0.0252585 0.0628647 0.0625661 
0.00185229 0.0664762 0.0718469 
0.0279165 0.10515 0.0517874 
0.00961957 0.127973 0.0824143 
0.035075 0.0673701 0.0458495 
0.0174975 0.0852579 0.0485317 
0.0208405 0.156585 0.0406931 
0.037171 0.162208 -0.024985 
0.010682 0.140056 0.0841724 
-0.0165186 0.0608668 0.0663121 
0.0202254 0.157861 0.0404529 
0.00474997 0.0677378 0.0688515 
0.00229974 0.100667 0.0773618 
-0.0106819 0.100557 0.0819665 
0.0368262 0.0727942 0.035765 
0.0078419 0.118299 0.0765296 
-0.0301389 0.073081 0.0675831 
-0.0281265 0.0728128 0.070376 
-0.00132256 0.0753976 0.0699418 
0.0106415 0.160946 -0.0140499 
-0.00689824 0.0596239 0.0678807 
0.012115 0.135953 0.0835431 
-0.00770923 0.0709043 0.0742909 
0.00883603 0.173958 -0.0332338 
-0.0167801 0.113798 0.0401798 
-0.0202804 0.0738734 0.0759988 
0.0305818 0.0724224 0.0488552 
0.00501066 0.0645783 0.0708221 
0.0313706 0.160801 -0.0240254 
-0.000575667 0.100094 0.079688 
0.00634792 0.150069 0.0799636 
0.0116817 0.077834 0.0527111 
0.0353182 0.188848 0.00132976 
0.00316762 0.119044 0.0764444 
-0.0080421 0.0616681 0.0689291 
0.0317627 0.0650497 0.0474793 
-0.0251094 0.105364 0.0439087 
0.0105392 0.0579354 0.0676224 
-0.0301938 0.07693 0.0690946 
-0.00929364 0.081219 0.0780054 
-0.0233099 0.0602083 0.0606317 
-0.00567469 0.100388 0.0818526 
0.0139348 0.131688 0.0796761 
-0.00327489 0.0950946 0.0798544 
-0.0189813 0.0681714 0.0725415 
0.0291124 0.0644858 0.0476106 
0.0128293 0.167905 -0.0112427 
-0.0275364 0.0668972 0.0666887 
-0.0101016 0.0723702 0.0753356 
0.00130155 0.0707086 0.0701058 
0.028775 0.189892 -0.0280829 
0.0305463 0.0748885 0.040763 
-0.0161524 0.0975327 0.080686 
0.0300051 0.143818 0.0463678 
0.0282156 0.0796718 0.0468613 
0.0407709 0.0641568 0.0432941 
0.0234641 0.0742882 0.0509695 
0.00384129 0.0710036 0.0679199 
-0.0110808 0.091223 0.08181 
0.0348429 0.0742833 0.0359264 
0.0252027 0.182042 -0.0312357 
0.0347843 0.077101 0.0347564 
-0.012038 0.0593846 0.0650746 
-0.00425942 0.0600789 0.0715707 
0.00118826 0.0740963 0.0688173 
0.0259418 0.0864855 0.047865 
0.0152692 0.0684121 0.060011 
0.038431 0.157941 -0.0219987 
0.0235384 0.0689086 0.0546521 
-0.0185463 0.102406 0.0744932 
0.0165943 0.149474 0.0572681 
0.00697872 0.173858 -0.0338703 
-0.0143358 0.0901428 0.0817345 
-0.0239073 0.0918546 0.0759096 
0.0270506 0.0663262 0.0523611 
-0.0168826 0.0744456 0.076625 
0.0204566 0.0825426 0.0512418 
-0.0280814 0.0824952 0.0732651 
-0.014595 0.0722312 0.0754049 
0.00810452 0.0802619 0.0491359 
0.0292401 0.0687629 0.0506386 
-0.0145455 0.0687451 0.0733474 
0.0292008 0.17883 -0.0108419 
0.0317904 0.0688021 0.04873 
0.02143 0.158941 0.0328161 
0.0209134 0.0708069 0.0543954 
0.00896571 0.166847 -0.0255576 
0.0255347 0.135335 0.0573943 
0.00806625 0.0612938 0.0695425 
0.0217194 0.0982065 0.0529573 
-0.0247489 0.0778524 0.0758379 
0.00498736 0.151842 -0.0350981 
0.0218551 0.11134 0.0597378 
0.0100921 0.155562 -0.014457 
0.0370407 0.0687907 0.0393181 
0.00725929 0.154406 -0.0242185 
0.0132685 0.122627 0.0752676 
-0.00606358 0.0815477 0.0771564 
-0.00780644 0.122729 0.0389318 
-0.00335582 0.0587428 0.0711813 
-0.0250419 0.107652 0.040277 
-0.0309162 0.0615561 0.0359107 
-0.0271884 0.102621 0.0449671 
0.00231956 0.0746879 0.0679589 
0.00502165 0.0612896 0.0718501 
0.0191194 0.0999069 0.0551461 
-0.017453 0.103642 0.07493 
-0.0166367 0.104086 0.0761235 
-0.00129693 0.0964734 0.0787938 
0.0123931 0.15299 0.0384998 
0.00541477 0.163943 -0.0374732 
-0.0136985 0.105161 0.078371 
-0.00974366 0.105342 0.0806974 
-0.0283611 0.105116 0.0406576 
0.00652975 0.149467 0.0378909 
-0.0209041 0.105377 0.0455984 
-0.0209851 0.0611913 0.0645052 
0.0123028 0.101605 0.0569673 
0.0157443 0.10229 0.0570384 
-0.0270004 0.0688368 0.0688556 
0.00184037 0.123113 0.0714471 
-0.0011613 0.160291 -0.0554402 
0.014151 0.10402 0.0583084 
0.0276484 0.148894 0.0434289 
0.00714064 0.0656754 0.0685277 
0.0201316 0.103409 0.0567863 
0.0105008 0.0660622 0.0653985 
0.0230368 0.101922 0.0546717 
0.0251906 0.103093 0.0534756 
0.0272123 0.101856 0.0507266 
0.0351746 0.170677 -0.0384589 
0.00520655 0.105729 0.0759884 
0.0006519 0.121607 0.0723208 
0.028983 0.100959 0.047629 
0.00828208 0.163903 -0.0268909 
-0.0142712 0.106892 0.0756838 
-0.0174725 0.106758 0.0447164 
-0.000202071 0.124716 0.0521789 
0.0293741 0.140098 0.050074 
-0.0265423 0.107424 0.0399555 
0.00385224 0.107946 0.0783074 
-0.00857678 0.118711 0.039737 
0.00587927 0.109225 0.0769108 
-0.0238745 0.108519 0.0398079 
-0.0197889 0.108451 0.0438138 
0.0142125 0.171768 -0.0308471 
-0.0151531 0.110337 0.0430963 
0.0124589 0.0706132 0.0606447 
0.0210605 0.107374 0.058485 
0.0238771 0.108113 0.0572415 
0.00110191 0.159291 -0.0499525 
0.00608328 0.129631 0.0901453 
0.0262659 0.107181 0.0546203 
0.00808338 0.10968 0.0747942 
-0.0120925 0.117312 0.0409516 
0.0180052 0.155944 0.0458157 
0.010314 0.173242 -0.0277104 
-0.00291716 0.114167 0.0779662 
0.00415058 0.111858 0.0786414 
0.00680403 0.113567 0.0770056 
0.0133059 0.163676 -0.0157921 
-0.00604729 0.12416 0.0373544 
0.00989903 0.113828 0.0747744 
0.011479 0.115597 0.0739349 
0.0279104 0.087582 0.0456626 
-0.00547272 0.115318 0.073672 
0.0114898 0.162127 -0.0124435 
-0.0132787 0.114304 0.0414794 
0.0183592 0.153679 0.0525372 
-0.000496108 0.161998 -0.0529181 
0.0243447 0.112476 0.0585532 
0.0063979 0.132537 0.0902462 
0.027286 0.111578 0.0552376 
0.0280281 0.116786 0.055862 
0.00430862 0.115085 0.0782113 
0.0151826 0.113365 0.0624597 
-0.00385017 0.117251 0.0730899 
0.0107572 0.117028 0.0750878 
-0.00107657 0.11894 0.073821 
0.0223668 0.11447 0.0605242 
0.019375 0.117185 0.0622948 
0.00338421 0.13978 0.0866709 
-0.0151027 0.117105 0.0390521 
0.00847409 0.122744 0.0761958 
-0.00578339 0.0861036 0.0781119 
-0.00867028 0.108784 0.0791645 
0.016976 0.117582 0.0631088 
0.0044107 0.139445 0.0905003 
0.0226826 0.117595 0.0611672 
0.00882699 0.133162 0.0874301 
0.0253218 0.116984 0.0589267 
0.0116233 0.132523 0.0826529 
0.00992384 0.166683 -0.0245806 
0.0212849 0.15435 -0.0199107 
-0.00791975 0.0877853 0.0800244 
0.0110662 0.120321 0.0758366 
-0.0071536 0.0912 0.0809306 
-0.0067592 0.113271 0.0757517 
0.0115461 0.123786 0.0765873 
0.020156 0.122079 0.0628718 
0.0228168 0.122055 0.0614775 
-0.0226049 0.108157 0.0425103 
0.00467354 0.158666 -0.0368431 
0.0256957 0.1217 0.0592282 
0.0118358 0.173429 -0.026978 
0.0218644 0.158398 -0.0212314 
0.00574889 0.160484 -0.0329927 
0.028264 0.121303 0.0560441 
0.0138107 0.160239 -0.00721051 
-0.00262262 0.106684 0.0808626 
0.00065678 0.124703 0.0533214 
-0.00129949 0.0688323 0.0728098 
0.00715108 0.125344 0.0834705 
0.0284018 0.125959 0.0563528 
0.00700803 0.127 0.0838847 
0.0282355 0.130902 0.0558937 
0.000760514 0.126376 0.0532584 
0.0259214 0.126461 0.0591009 
0.0044871 0.132863 0.09023 
0.0211267 0.154899 0.0458679 
-0.0190793 0.0715576 0.074788 
0.022318 0.1316 0.0609986 
0.0302108 0.132035 0.0514162 
0.00328129 0.137401 0.0937109 
0.00507633 0.137284 0.0938095 
0.00698276 0.137676 0.0910839 
0.00963483 0.137351 0.0874819 
0.0136441 0.134898 0.0811694 
-0.00507483 0.104881 0.0814133 
0.0220061 0.135965 0.0598474 
0.0300983 0.135191 0.0510133 
-0.00834829 0.110974 0.0773912 
0.00227275 0.139816 0.0854117 
0.00321438 0.159643 -0.0443296 
0.00580232 0.141284 0.087706 
0.00430564 0.142765 0.0887296 
0.0103259 0.181089 -0.0267877 
-0.000442804 0.160509 -0.0531851 
0.00857798 0.141626 0.0869059 
0.040101 0.157899 -0.0201088 
0.00161364 0.162389 -0.0460222 
-0.00376617 0.116168 0.0743442 
0.0228554 0.140808 0.0569079 
0.0257491 0.14181 0.0536823 
0.00701746 0.144177 0.0885242 
0.000550289 0.145897 0.0900559 
0.0423373 0.062593 0.0432572 
0.00387892 0.14634 0.0906682 
0.0126693 0.146562 0.0521498 
0.0113802 0.156257 -0.0113177 
-0.00458678 0.0905327 0.0789278 
0.0181618 0.120497 0.0634142 
0.0179035 0.146022 0.0587369 
0.00756127 0.146501 0.0484911 
0.0244525 0.177429 -0.0232064 
0.0145277 0.0849095 0.0477281 
0.0216455 0.144268 0.0553938 
0.0341277 0.185463 -0.000582713 
0.0231939 0.17641 -0.0267539 
0.0246844 0.145048 0.0521805 
0.0230538 0.178906 -0.0303462 
0.0276076 0.145499 0.0481119 
-0.0173492 0.107951 0.0444105 
0.0139712 0.15892 -0.00619922 
0.000313659 0.148066 0.0912625 
0.0278651 0.156395 -0.0156851 
0.00187734 0.148276 0.0916979 
0.0127548 0.127652 0.0785094 
-0.0244061 0.0981891 0.047422 
-0.00627303 0.0956952 0.0816057 
0.00413327 0.148624 0.080155 
0.0073501 0.147534 0.0464491 
0.0291976 0.146389 0.0446475 
-0.00293281 0.0982627 0.0808884 
0.00546518 0.147477 0.0394774 
0.00899976 0.154525 -0.0169529 
0.0218311 0.147182 0.0529333 
0.00177164 0.149854 0.0915042 
-0.0186877 0.110774 0.0421525 
0.00472146 0.150623 0.0796919 
0.000981379 0.109381 0.0797042 
0.00967818 0.150628 0.0412806 
0.0212953 0.150022 0.0502572 
0.0088393 0.149041 0.0443974 
0.0214138 0.12676 0.0622719 
0.0236366 0.15043 0.0465753 
0.0124266 0.181014 -0.0252741 
0.0122048 0.149824 0.0468373 
0.0150872 0.150642 0.0493757 
-0.0313774 0.0916591 0.0430808 
0.0253944 0.148306 0.0478078 
0.0234263 0.13673 0.0584541 
0.00874869 0.151319 0.0354067 
0.0133762 0.151854 0.0416295 
0.0170515 0.15179 0.052152 
0.0250493 0.151172 0.0440094 
0.0163637 0.0901812 0.0490789 
0.00123662 0.142944 0.0880243 
0.0250884 0.150284 -0.0167282 
0.0137588 0.153298 0.0383873 
0.0145698 0.152922 0.0409599 
0.016913 0.153819 0.0518426 
0.0233603 0.133392 0.0596602 
0.0196154 0.15403 0.0504443 
0.0257395 0.152065 0.0393594 
0.0403671 0.0708844 0.0363819 
0.00417892 0.151867 -0.036126 
0.0255353 0.152762 0.0392822 
0.00932588 0.0693397 0.0635042 
0.037256 0.0665135 0.0446269 
0.0183304 0.108355 0.0599399 
0.00424604 0.154279 -0.036254 
0.0146858 0.0960362 0.0528337 
0.0237701 0.153609 -0.0189366 
0.0171727 0.0937188 0.0511823 
0.0251644 0.151705 -0.0169486 
0.00975653 0.164508 -0.0248964 
0.0106994 0.142906 0.0549868 
0.0323389 0.153359 -0.0221534 
0.0069827 0.155356 -0.025511 
-0.0280763 0.0781623 0.0729209 
0.0359368 0.15438 -0.0232472 
0.00690753 0.158438 -0.0282064 
0.00897997 0.158774 -0.0217137 
-0.00514775 0.0757433 0.074234 
0.0115035 0.158774 -0.0101203 
0.0157133 0.0989661 0.0548394 
0.0245759 0.158204 -0.0198788 
0.0320433 0.157846 -0.023428 
0.0204239 0.158793 0.0325401 
0.0277457 0.158609 -0.0172939 
0.0363269 0.157629 -0.0237021 
0.0438375 0.15759 -0.0158122 
0.03357 0.15866 -0.0246493 
0.0463337 0.157688 -0.0146266 
0.00677201 0.15983 -0.0313199 
0.00409397 0.110887 0.0786992 
0.00807067 0.159925 -0.0237057 
-0.0137069 0.0758212 0.0771333 
0.00206445 0.160994 -0.0466795 
-0.000591346 0.163102 -0.0573943 
0.000405519 0.162011 -0.0498105 
0.00386525 0.16493 -0.0447857 
0.0036365 0.162862 -0.0397217 
0.021607 0.162741 -0.0231424 
