-0.0390442 0.173394 -0.00572433 
-0.0383066 0.172886 -0.00398482 
-0.0401733 0.172298 -0.00337161 
-0.0577945 0.153754 -0.0334929 
-0.0561267 0.1539 -0.0326747 
-0.0500802 0.154768 -0.0265586 
-0.0313897 0.169318 0.000725031 
-0.0278247 0.168397 -9.49289e-05 
-0.0269589 0.167474 0.00189421 
-0.0307397 0.167252 0.00324968 
-0.046244 0.15783 0.0112762 
-0.0150358 0.169216 -0.0143167 
-0.0465046 0.156628 0.013541 
0.0045589 0.190749 0.0418042 
-0.0433813 0.157333 0.0126713 
-0.0112311 0.168022 -0.00770147 
0.0179978 0.195459 0.0395985 
0.0151132 0.194961 0.0417391 
-0.044781 0.155581 0.0161392 
-0.0372962 0.157246 0.0145654 
-0.0412699 0.156235 0.0159232 
-0.0233192 0.165991 0.0250495 
0.0190806 0.193836 0.040081 
-0.0351383 0.156804 0.0168241 
-0.0392392 0.154913 0.0189757 
-0.0235095 0.164737 0.0265367 
-0.0245759 0.163462 0.027057 
0.0167624 0.192261 0.0419117 
-0.024924 0.162317 0.0271838 
0.0209874 0.192428 0.0383912 
0.0185886 0.190036 0.0409235 
0.0126501 0.189774 0.0452456 
0.0100625 0.187901 0.0485136 
0.00266836 0.18418 0.057814 
-0.0172216 0.16765 0.0363783 
-0.0368064 0.153885 0.020999 
-0.0343262 0.152391 0.0226585 
0.0223782 0.188812 0.0368826 
0.00533882 0.183526 0.0584218 
-0.038841 0.146629 0.0160047 
0.0143278 0.185572 0.0447388 
0.00866323 0.184259 0.0526754 
-0.018127 0.163989 0.0357199 
0.0164925 0.18475 0.0422303 
-0.0182198 0.168949 -0.0150471 
-0.0244271 0.156083 0.0290524 
-0.0310684 0.153254 0.023224 
0.02309 0.18555 0.0342627 
0.0131255 0.179507 0.037197 
0.0106582 0.178424 0.0385096 
0.010762 0.183261 0.0493886 
0.0094909 0.179916 0.0520899 
-0.0195078 0.16802 -0.0123238 
-0.0231763 0.155461 0.0294733 
-0.035597 0.146286 0.018353 
0.0107183 0.17921 0.0507108 
0.0070328 0.177838 0.0549989 
0.0233591 0.182179 0.032163 
0.0211677 0.182552 0.0391391 
0.0101003 0.175384 0.0366594 
0.00816884 0.173485 0.0379359 
0.023342 0.180091 0.0303046 
-0.0325187 0.144699 0.0202142 
0.00531112 0.175043 0.0571688 
0.0228068 0.177426 0.030608 
0.0220329 0.179612 0.0358919 
0.015945 0.176722 0.0351402 
0.00727391 0.166719 0.0296728 
0.008862 0.175417 0.0524996 
0.00560378 0.171614 0.0538162 
-0.0374088 0.137881 0.0148962 
0.0204452 0.173548 0.0350032 
0.00769749 0.164008 0.0257625 
0.00947939 0.171083 0.0519779 
0.00468159 0.168292 0.0523446 
0.00181135 0.166751 0.0530878 
-0.0191895 0.147986 0.0324209 
0.0219454 0.173537 0.0343637 
0.0234664 0.173548 0.0332268 
0.000942399 0.163457 0.0506299 
0.00274196 0.151923 0.00823084 
-0.00213405 0.151485 0.0145048 
0.0310827 0.181073 0.0620015 
0.0581085 0.10348 0.0573784 
0.0125364 0.12677 0.0263384 
0.064835 0.0971226 0.0280572 
0.0708822 0.0836549 0.0575689 
0.0569374 0.103816 0.0572116 
0.0320416 0.088571 0.0627105 
0.00522166 0.186089 0.057555 
0.0671332 0.0930916 0.0202736 
0.00586823 0.187785 0.0561425 
0.0234307 0.149119 0.0659373 
0.0670352 0.0944269 0.0251021 
0.0669184 0.0946678 0.0292022 
0.0297842 0.058529 0.0688213 
-0.0124982 0.138485 0.0307608 
0.0635412 0.0983644 0.0239408 
-0.0514863 0.154538 -0.0284095 
0.0632657 0.0958794 0.0593959 
0.0199363 0.0722438 0.0592138 
0.0514325 0.0628338 0.0792962 
0.0260979 0.0730959 0.061122 
0.00630238 0.151155 0.0106333 
0.0261422 0.0895267 0.0571789 
0.00142012 0.188767 0.0438479 
0.0702079 0.089158 0.0260121 
0.0195411 0.0806464 0.0573401 
0.0299242 0.118569 0.0476838 
-0.00948145 0.142239 0.0266874 
0.0107712 0.168308 0.0285264 
0.0668447 0.0963546 0.0364505 
0.0717264 0.0897482 0.0358783 
0.0153786 0.109205 0.0464527 
0.0660638 0.0941052 0.0569168 
0.0428838 0.083541 0.0673655 
0.0523853 0.0883511 0.0673619 
-0.0293554 0.164745 0.00533877 
0.0563656 0.10779 0.0521473 
0.074243 0.0867902 0.0265476 
0.0662662 0.0896567 0.0605518 
0.0303366 0.0742303 0.0613763 
0.0988859 0.0805003 0.0238889 
0.0891043 0.0902485 0.0218151 
0.0281699 0.0660059 0.0594408 
0.0256388 0.0624146 0.0574663 
0.07747 0.0867915 0.0201919 
0.0249076 0.0839119 0.0594261 
0.0597796 0.0860391 0.0662461 
-0.0319168 0.16349 0.00575984 
0.0701817 0.0935356 0.0434007 
0.055011 0.0836301 0.0678493 
0.0337407 0.123077 0.0269597 
0.0871721 0.0900596 0.0183478 
-0.00153714 0.138225 0.0396214 
0.0420733 0.0635967 0.0804026 
0.00821582 0.170599 0.0342422 
0.0388246 0.108082 0.0586295 
0.0781851 0.0833997 0.0379877 
0.0936969 0.0932617 0.0224771 
-0.00447482 0.11517 0.0268014 
-0.0289148 0.136277 0.0199867 
0.025342 0.0993278 0.0569677 
0.0493926 0.0934752 0.0667402 
-0.00277759 0.150942 0.015559 
0.0359557 0.0636842 0.0691885 
-0.0153529 0.168231 -0.00986387 
0.0333197 0.0760125 0.061054 
0.0299251 0.0586851 0.0661703 
0.0616236 0.0927145 0.0619934 
0.0497128 0.0604901 -0.0786287 
0.0246507 0.104438 0.0556804 
0.0407064 0.0812798 0.0664732 
0.0581983 0.0593294 0.061333 
0.0106807 0.172173 0.0330972 
0.0672782 0.0981503 0.0425409 
0.00897573 0.131052 0.0191488 
-0.0282169 0.125113 0.0173853 
0.0959251 0.0904432 0.025307 
0.0516651 0.0639998 0.0748676 
0.0461531 0.0793408 0.0679809 
0.0715554 0.0701096 0.0569517 
0.0372578 0.0635032 0.0658325 
0.0662503 0.0994569 0.0482567 
0.0452951 0.167604 0.0484218 
0.0968747 0.091731 0.022857 
-0.0158834 0.140181 0.0256689 
0.0586678 0.0977317 0.0613469 
0.00323165 0.151801 0.00452679 
0.0467915 0.0648291 -0.0828052 
0.0235948 0.10896 0.0529164 
0.0776829 0.0870927 0.01519 
0.0474114 0.0616804 0.0769483 
-0.0209946 0.167919 -0.0154673 
0.0381643 0.0551662 0.0838368 
0.0661054 0.0956095 0.0317942 
0.041853 0.0652136 0.0781743 
0.0301611 0.0330602 0.0437363 
0.0399565 0.0879366 0.0664525 
0.0463046 0.060302 0.0783672 
-0.031549 0.0256973 0.141201 
0.0372379 0.0858894 0.0653219 
0.0649759 0.0744121 0.0638636 
0.0751614 0.0832496 0.0457506 
0.0442695 0.0905443 0.0671183 
0.0737345 0.0613557 0.0485248 
0.039218 0.120343 0.0437146 
0.0360892 0.0552622 0.0848855 
-0.0333714 0.155412 0.0208502 
0.0251605 0.153823 0.0665402 
0.0440364 0.0765891 0.0668749 
-0.00291773 0.131301 0.0377063 
0.0446594 0.117995 0.0337169 
0.0782648 0.0856999 0.029961 
0.0435345 0.168698 0.0509841 
0.0949493 0.0842103 0.0290644 
0.0351784 0.0331416 0.0373602 
0.0349113 0.0345592 0.0380039 
0.0962486 0.0731551 0.034429 
0.0632383 0.0993203 0.0555883 
0.0922166 0.0780307 0.0357238 
0.0570378 0.0907984 0.0655134 
-0.0254008 0.16633 0.00246394 
0.024014 0.0869671 0.0569896 
0.0465504 0.166055 0.0437684 
0.0255955 0.124806 0.0178163 
0.0690945 0.0768269 0.0606365 
0.0220482 0.15878 0.0628576 
0.00366624 0.151233 -0.000506179 
0.0277663 0.085717 0.0591901 
0.0707157 0.0884375 0.0212009 
0.0600755 0.0716849 0.0658813 
0.0692947 0.0903148 0.0301292 
0.0532708 0.111024 0.0508077 
-0.0316729 0.0245758 0.142327 
0.0237389 0.0769252 0.0608274 
0.00866012 0.192282 0.0483345 
0.0220926 0.0801854 0.0596621 
-0.0202472 0.128703 0.0213462 
0.00973053 0.151344 0.0144997 
0.0756224 0.0825074 0.0409128 
0.0546293 0.069616 0.0665011 
0.0526626 0.107281 0.0558756 
0.0127203 0.119314 0.0379413 
0.0780283 0.0714298 0.0425733 
0.0642062 0.0568002 0.0558628 
0.0973652 0.0796144 0.03028 
0.0750629 0.0878135 0.0370627 
0.0360327 0.0689026 -0.0765267 
-0.00694379 0.119575 0.0243656 
0.0221244 0.165462 0.0587662 
0.089541 0.0891125 0.0247851 
0.0258162 0.121979 0.0413054 
0.062111 0.0977421 0.0590438 
0.0398703 0.0535065 0.0829885 
0.0534469 0.0605106 0.0804017 
0.0322735 0.116602 0.0510199 
0.0196602 0.186114 0.0398992 
0.0726997 0.064153 0.0528081 
0.0378582 0.120759 0.0271354 
0.0745586 0.087519 0.018637 
0.0471104 0.0580496 0.0852603 
0.0681794 0.094867 0.053047 
0.0845703 0.0878023 0.0234064 
0.0483828 0.108877 0.0573787 
0.0093001 0.115931 0.0381236 
0.0774233 0.0683239 0.0447758 
0.0679361 0.0634762 0.0580898 
0.0534612 0.0518593 0.0558136 
0.0544144 0.107882 0.0319364 
0.00975304 0.128181 0.0235422 
0.0301969 0.0585015 0.0708108 
0.0759755 0.0704683 0.0500758 
0.0693676 0.094474 0.0490857 
0.0987289 0.0878948 0.0243303 
0.0681769 0.0569684 0.0528142 
0.0309354 0.0809201 0.0611068 
0.0381324 0.05653 0.0810487 
0.0862794 0.0681366 0.0368864 
0.0736392 0.067783 0.0534525 
0.0347029 0.12301 0.0371075 
0.0702401 0.0918368 0.0384849 
0.0401437 0.0748623 0.0650142 
0.039359 0.0532951 0.0845925 
0.0665649 0.086245 0.0610106 
0.0311574 0.0606942 0.0599919 
0.0657399 0.0991312 0.0521581 
0.0346188 0.0625089 0.0586567 
0.0568083 0.0655079 0.0649115 
0.0334827 0.07405 -0.0832816 
0.0765372 0.064855 0.0450842 
0.0549088 0.107568 0.031486 
0.0390056 0.062437 0.0632002 
0.077791 0.087431 0.0121834 
0.0159077 0.165586 0.0206338 
0.0512389 0.100521 0.0633361 
0.0591368 0.101124 0.0241198 
0.0376306 0.0925829 0.0654362 
0.0103661 0.153689 0.0109723 
0.0729169 0.0878245 0.0401059 
0.0215366 0.0825346 0.0582738 
0.082758 0.0879172 0.0191804 
0.0691026 0.0599775 0.0538986 
0.029551 0.0554928 0.0813963 
0.0548411 0.0549503 0.0584695 
0.0772495 0.0736 0.0475047 
0.0348056 0.0842225 0.0641382 
0.0622447 0.067628 0.0642135 
0.0665081 0.0702102 0.0624042 
0.0329829 0.181858 0.0613117 
0.0391134 0.0638735 0.0601151 
0.0639027 0.0618394 0.060641 
0.0792025 0.0698051 0.0381575 
0.0208023 0.070994 0.0596177 
0.0688541 0.0892156 0.0575763 
0.0571701 0.0528939 0.0555201 
0.0833817 0.0723534 0.037737 
0.0578133 0.108449 0.04789 
0.0997024 0.0743867 0.0270941 
0.0369715 0.111085 0.0568689 
0.0946387 0.0785264 0.033982 
0.0569021 0.0619821 0.0632458 
0.0517046 0.0631242 0.0688713 
0.00261834 0.113866 0.0333362 
0.0792744 0.0872155 0.0133523 
0.0556995 0.102285 0.0597924 
0.0346522 0.0628922 0.0698384 
0.0811076 0.0788274 0.0381453 
0.0309047 0.152188 0.0447943 
0.141103 0.0931384 0.122712 
0.04412 0.069203 0.0652023 
0.0455787 0.0608603 0.0830779 
0.0332136 0.0561795 0.0822193 
0.025044 0.150924 0.0655498 
0.0235392 0.1021 0.0555713 
0.0676007 0.0669102 0.0597353 
0.0384122 0.0527032 0.0862765 
0.0674688 0.0824267 0.0616452 
-0.0247841 0.166582 0.000825711 
0.0220503 0.0867247 0.0554343 
0.0181726 0.128166 0.0186476 
0.0232699 0.149985 0.0660463 
0.019908 0.126898 0.0125805 
0.0899037 0.0815976 0.0348871 
0.0805368 0.0662531 0.0365533 
0.0575826 0.0781075 0.0673233 
-0.000827798 0.169434 0.0539876 
0.0236427 0.0634021 0.0574193 
0.0694787 0.0723372 0.0603595 
0.0214057 0.112354 0.049523 
0.0745373 0.0730937 0.0542372 
0.0363694 0.0609423 0.0794634 
0.0411422 0.0949551 0.065598 
0.0402704 0.0697041 -0.0825181 
6.84176e-05 0.151537 0.012715 
0.0344338 0.0911895 0.0638161 
0.0655974 0.0794382 0.063993 
0.0304021 0.0542629 0.0817949 
0.0824986 0.0866314 0.0276921 
0.00433754 0.150533 0.00474651 
0.0302704 0.0922162 0.0612917 
-0.0306983 0.0248431 0.141099 
0.0319114 0.0584182 0.0804889 
0.0640395 0.0879402 0.0630765 
0.026845 0.0298724 0.0420562 
0.0524452 0.0573236 -0.0774746 
0.0741203 0.0773989 0.0544977 
0.0764156 0.0755848 0.050929 
0.0221608 0.184066 0.0358551 
0.0709981 0.0654225 0.0558632 
0.0493939 0.11532 0.0449481 
0.0766347 0.0779007 0.0474153 
0.0741143 0.0875657 0.0226846 
0.075405 0.0797184 0.0511494 
-0.0136928 0.139985 0.0279744 
0.0875416 0.0861495 0.0299389 
-0.0068233 0.141925 0.0343619 
0.0332907 0.0717291 -0.0784855 
0.0422615 0.116646 0.0497402 
0.0337208 0.114672 0.0528968 
0.0207038 0.0747756 0.0592928 
0.0775575 0.064664 0.0420644 
-0.0121786 0.167893 -0.00726036 
0.0383688 0.0796509 0.0655116 
0.0623913 0.0643138 0.0624299 
0.0980017 0.0863295 0.0264531 
0.046554 0.0700455 0.153242 
0.0278907 0.168775 0.0581499 
0.0858082 0.0806931 0.0361825 
0.0117841 0.166834 0.0261121 
0.0329977 0.071189 0.0604188 
0.0246651 0.0704365 0.0602678 
-0.0246766 0.122171 0.0173295 
0.0213277 0.0659802 0.0574451 
0.0293507 0.0699636 0.06071 
0.0592673 0.0564953 0.0583649 
0.0841841 0.0752413 0.0379891 
0.0909195 0.0834083 0.0327485 
0.0495457 0.113267 0.0489284 
0.0305581 0.0585758 0.0722458 
0.0625192 0.103245 0.0508688 
0.0797139 0.075083 0.0381812 
0.0370364 0.0654032 0.0784895 
0.0396761 0.0669741 0.0769731 
0.0325098 0.0679487 0.0595692 
0.0718346 0.0795371 0.0579837 
0.0426435 0.0647174 0.0656599 
0.0648754 0.0827259 0.0634575 
0.0210854 0.12669 0.016145 
-0.0336475 0.165504 0.0039331 
0.0709142 0.0904201 0.0539068 
0.0522097 0.0764283 0.067974 
0.00250325 0.149936 0.0162206 
-0.041535 0.173299 -0.00601051 
0.0523332 0.105413 0.0585852 
0.0416487 0.113346 0.0543952 
-0.013121 0.169405 -0.0140836 
0.0600307 0.103769 0.0542267 
0.0471737 0.0855634 0.0680238 
0.0795015 0.0839547 0.0342393 
0.0423013 0.0664566 0.0635398 
0.0622275 0.0804469 0.0655122 
0.0276673 0.0796542 0.0614029 
0.0132246 0.153813 0.0145928 
0.0294915 0.111938 0.0542708 
0.0729338 0.0886266 0.0446457 
0.0470879 0.0717563 0.0667108 
0.0864301 0.0875608 0.0254034 
0.0643727 0.0970539 0.0202475 
0.0463498 0.0615909 -0.0766477 
0.0887441 0.0647084 0.0350108 
0.00180125 0.137351 0.0419767 
0.088822 0.0762703 0.0371808 
0.0523673 0.0734961 0.0676973 
-0.0376534 0.170113 -4.62229e-05 
0.0494079 0.111005 0.0535058 
0.049875 0.0803611 0.0681812 
0.0559415 0.0744636 0.0672585 
0.0493697 0.0663902 0.0725197 
-0.0250668 0.126599 0.0187634 
0.060016 0.0751234 0.0666998 
0.0631479 0.0767119 0.0655621 
-0.0345547 0.138802 0.016324 
0.0912607 0.0706167 0.0366007 
6.96018e-05 0.123376 0.0269737 
0.0739728 0.0845566 0.0515788 
0.0620477 0.102039 0.0352475 
0.0100012 0.165018 0.0252236 
0.0613452 0.10012 0.0255973 
0.0359132 0.0969939 0.063958 
0.0432995 0.102646 0.0628497 
0.0481025 0.104941 0.0605758 
-0.0117512 0.168795 -0.0109409 
0.0604229 0.105913 0.0497766 
0.0321808 0.096272 0.0620308 
0.0595494 0.107377 0.0454758 
0.00444841 0.145318 0.0426132 
0.0985807 0.0746918 0.0309244 
0.0194881 0.0842021 0.055295 
0.0244949 0.0883356 0.055556 
0.00884523 0.167425 0.0482383 
0.0609244 0.100356 0.0210304 
0.0498135 0.0618502 -0.0815886 
0.0170361 0.122674 0.0364691 
0.0460955 0.0640213 -0.0799717 
0.0234005 0.12334 0.0388355 
0.0350156 0.167312 0.0597446 
0.0301303 0.100662 0.0600491 
-0.0544692 0.153952 -0.0301845 
0.0496658 0.0664521 0.0675403 
0.0467475 0.115833 0.0477817 
0.03395 0.104122 0.0602997 
0.031352 0.123509 0.0234818 
0.0368244 0.103952 0.0615553 
0.0823274 0.084623 0.0321206 
0.0405629 0.106451 0.0605472 
0.0452672 0.108303 0.0587915 
0.0393014 0.120033 0.0274906 
-0.008008 0.142389 0.0296641 
0.0536994 0.112058 0.0463613 
0.0444691 0.110232 0.0565472 
0.0537795 0.112478 0.0413043 
0.0429831 0.0671548 -0.0814214 
0.0429903 0.0684213 -0.0838981 
0.0321954 0.179671 0.0622463 
0.0261578 0.100388 0.0572441 
-0.00379484 0.120414 0.0263983 
-0.0478386 0.157562 0.011534 
0.0278904 0.105535 0.0572778 
0.0318022 0.108146 0.057483 
0.0455024 0.114508 0.0511384 
0.0250208 0.115875 0.0489545 
0.046218 0.0981428 0.0651583 
0.0501896 0.115117 0.0398039 
0.00740182 0.181777 0.0556714 
0.0298686 0.124736 0.0258153 
0.078267 0.0861464 0.0255058 
0.0400133 0.0711645 -0.0849968 
0.0209948 0.119294 0.0433175 
0.0326086 0.161703 0.0576421 
0.0529384 0.0607669 0.063849 
0.0332989 0.170955 0.0552292 
0.0482155 0.115863 0.0360033 
0.0276539 0.173481 0.0593649 
0.0189114 0.106027 0.0502718 
0.0221444 0.126492 0.0254189 
0.0686443 0.0909164 0.0316285 
-0.00192908 0.156128 0.0455748 
0.0432598 0.0639374 -0.0777534 
0.0383485 0.116091 0.0512841 
0.00854747 0.122853 0.031366 
0.0462822 0.117207 0.043123 
0.0993368 0.0785272 0.0259245 
0.0453532 0.118261 0.0390274 
0.038102 0.117912 0.0487962 
0.0756604 0.0664685 0.0497222 
0.0318132 0.155166 0.0484333 
0.00507791 0.126177 0.026181 
-0.035389 0.167404 0.00233834 
0.0720752 0.0893871 0.0503731 
0.0270283 0.11281 0.0526264 
0.0269529 0.170789 0.0578344 
0.0311237 0.0741775 -0.0800929 
0.0425904 0.119819 0.0408203 
0.0438812 0.117806 0.0302004 
0.0188761 0.108975 0.0496025 
0.0628806 0.103638 0.0472612 
0.034751 0.120111 0.0457224 
0.0384315 0.121492 0.0389832 
0.0419912 0.120355 0.0365272 
0.0112187 0.193411 0.0453925 
0.0415442 0.119834 0.0324527 
0.0381993 0.0997477 0.0635442 
0.03895 0.121542 0.03351 
0.0627508 0.0989178 0.0291901 
0.0344755 0.121838 0.0419325 
0.00805674 0.188803 0.0524418 
0.0134907 0.12514 0.0301319 
0.0140382 0.11294 0.0435667 
0.0242559 0.118856 0.0459568 
0.0529583 0.0628659 0.07882 
0.033644 0.169209 0.0589137 
0.0924209 0.0886524 0.02666 
0.0280899 0.120892 0.0448814 
0.0343399 0.123548 0.0328534 
0.0864068 0.083514 0.034352 
0.0298956 0.167364 0.060765 
0.0357038 0.0708882 -0.0806227 
0.0305718 0.124234 0.0352566 
0.0134887 0.116082 0.041425 
0.0146363 0.17451 0.0330899 
0.0196676 0.121488 0.0401364 
0.0221234 0.124729 0.0343925 
0.0719526 0.0750241 0.0577922 
0.0323612 0.0740502 -0.0819032 
0.0274673 0.12505 0.033101 
0.0370505 0.0720425 -0.0835446 
0.0304962 0.12494 0.0298023 
0.00376335 0.143292 0.0429187 
0.00634405 0.116537 0.035621 
0.0261129 0.125858 0.0278839 
0.00323341 0.128686 0.023754 
0.0290791 0.124167 0.0218525 
0.0260096 0.125625 0.0220065 
0.027052 0.124038 0.0178668 
0.0219543 0.126328 0.0305311 
-0.000982648 0.112771 0.0300778 
-0.00124801 0.116302 0.0292744 
0.00695229 0.19173 0.0508442 
0.0183126 0.126508 0.0277823 
0.0218274 0.12685 0.0214887 
-0.00341752 0.153916 0.0433841 
0.0140119 0.128649 0.02102 
0.0143773 0.129911 0.0170314 
-0.0345162 0.137113 0.0164187 
-0.00430116 0.143703 0.0339012 
0.0172641 0.12864 0.0142965 
0.00449694 0.119776 0.0320764 
0.0168597 0.128559 0.0110169 
-0.0087637 0.11538 0.0225089 
0.0249022 0.14956 0.0654166 
0.0102316 0.1301 0.0194688 
-0.00474144 0.123873 0.0252473 
-0.00174906 0.12588 0.0249209 
0.0185062 0.112698 0.047492 
0.00697809 0.130354 0.0211263 
0.0404638 0.0723961 0.0644517 
0.0769762 0.0875647 0.0334715 
0.0776229 0.0768665 0.0413839 
0.0109724 0.131328 0.0174416 
0.0638121 0.102779 0.0419654 
0.0406055 0.168553 0.0538495 
0.0432937 0.157341 0.039528 
0.0293318 0.158224 0.0669737 
0.0273811 0.151078 0.049074 
0.0471385 0.163171 0.0440603 
0.017655 0.127631 0.023041 
-0.028538 0.131625 0.0181867 
0.000974917 0.135783 0.0415294 
-0.0240353 0.132399 0.0198198 
0.0558554 0.110437 0.0402057 
0.035364 0.157021 0.0449059 
0.0457223 0.0663743 0.0665967 
0.0319984 0.173506 0.0543422 
-0.0346806 0.171124 -0.00105118 
0.0461466 0.164298 0.047157 
-0.0258985 0.132434 0.0194339 
0.0318092 0.157573 0.0532768 
0.0320892 0.160742 0.06567 
-0.0198242 0.138331 0.0249078 
0.0131362 0.109987 0.0440947 
0.0564798 0.110176 0.0434448 
0.0343889 0.158581 0.0507211 
0.0455725 0.0655673 0.0744113 
0.0542132 0.0610275 0.0795396 
0.0326185 0.172258 0.0480823 
0.0287842 0.154207 0.0525051 
0.00524766 0.140761 0.0454182 
0.0240823 0.159439 0.0650671 
0.0316344 0.164737 0.0640104 
0.0319691 0.158688 0.053288 
0.0383086 0.160676 0.0457931 
0.073325 0.0831421 0.0545844 
-0.0108783 0.128144 0.0298144 
-0.01889 0.126041 0.0222258 
0.000647283 0.141051 0.0409212 
0.0255426 0.165327 0.0614117 
-0.00310964 0.162083 0.0506166 
0.0591165 0.101813 0.0284367 
0.0360495 0.165244 0.0560441 
0.039413 0.0675186 -0.0797373 
0.03858 0.163042 0.0490997 
-0.0101385 0.132295 0.0308189 
-0.019083 0.12309 0.0214677 
0.0425883 0.118246 0.0453896 
0.0453529 0.0675162 0.0649996 
-0.0267444 0.119182 0.0154707 
-0.0252428 0.119431 0.0154645 
0.015268 0.154251 0.0172892 
-0.00390559 0.142147 0.0375751 
0.0925038 0.0671692 0.0352149 
0.00145305 0.119899 0.0298866 
-0.0229432 0.128942 0.0199444 
-0.000787281 0.144242 0.0384349 
0.0200825 0.161755 0.0595574 
0.0113085 0.112883 0.0415914 
0.0378862 0.171007 0.0528474 
0.0967873 0.0693313 0.033988 
0.0412795 0.171322 0.050259 
0.059192 0.107603 0.0414429 
0.0310094 0.122942 0.0396133 
0.0375183 0.160449 0.0467967 
-0.00602913 0.154717 0.0442573 
0.0104276 0.120753 0.0346202 
0.0414209 0.170932 0.0481941 
0.00719092 0.112737 0.038138 
0.0367649 0.171535 0.0481552 
0.012603 0.158026 0.0517306 
0.00386106 0.179967 0.058767 
-0.0106697 0.139636 0.0328079 
0.028854 0.0603868 0.0574049 
0.0478525 0.0571524 0.076172 
0.015927 0.153894 0.018189 
-0.00496227 0.144497 0.0246886 
0.0331393 0.17224 0.0466332 
-0.00694585 0.145132 0.0233855 
-0.0181571 0.167138 -0.00880635 
0.0762727 0.0872214 0.0144204 
0.0310483 0.176148 0.058844 
0.00832795 0.151992 0.021087 
-0.0313477 0.129552 0.0165829 
-0.0110122 0.143204 0.0246003 
0.00261019 0.150406 0.0123577 
0.0541391 0.0957893 0.0647255 
0.0167456 0.116102 0.0437152 
0.000474132 0.157898 0.0464091 
0.0790876 0.0744683 0.0384879 
0.0337214 0.180792 0.0614976 
0.027464 0.161986 0.0659093 
-0.00139265 0.149437 0.0160006 
0.00840497 0.163573 0.04945 
0.00439371 0.149844 -0.000274702 
-0.00196286 0.14532 0.0268693 
0.087874 0.0728942 0.0376055 
0.0273855 0.0972589 0.059142 
-0.0320832 0.135971 0.0179417 
0.0364528 0.162037 0.0513008 
-0.00344615 0.15843 0.047404 
0.000701023 0.159662 0.0475775 
0.00691023 0.166064 0.0500768 
