0.0502387 0.199864 -0.0122249 
0.0501792 0.197555 -0.0128614 
0.0334004 0.195594 0.0146231 
0.0516969 0.195129 -0.0141137 
0.0498337 0.193708 -0.0170952 
0.0329878 0.192735 0.0119688 
0.0513312 0.191314 -0.0157713 
0.0396401 0.188711 0.00654143 
0.0358048 0.189871 0.00854849 
0.0354852 0.187974 0.00388498 
0.0345582 0.187044 -0.0268629 
0.0649354 0.184566 -0.00445243 
0.0420865 0.183904 -0.000290863 
0.0399987 0.18376 -0.0016285 
0.0356084 0.185208 -0.022888 
0.0709404 0.181806 -0.00754784 
0.0440364 0.182602 -0.00301398 
0.042427 0.182503 -0.00381539 
0.0632642 0.180614 -0.00689804 
0.0460621 0.181833 -0.00475104 
0.0363975 0.181757 -0.0331543 
0.0445944 0.179627 -0.0267197 
0.0640081 0.180152 -0.00531567 
0.0716201 0.178665 -0.0097992 
0.0631279 0.178261 -0.00744642 
0.0552682 0.177372 -0.0123089 
0.0455511 0.178634 -0.0136169 
0.0366692 0.180429 -0.0245056 
0.0351782 0.179894 -0.0257363 
0.029468 0.177832 -0.0179018 
0.064419 0.175947 -0.00636336 
0.059036 0.176042 -0.0113745 
0.0545504 0.174128 0.00867064 
0.0236726 0.175713 -0.00624063 
0.0219144 0.175751 -0.00681905 
0.0345356 0.18867 -0.0250511 
0.055843 0.172491 -0.00252231 
0.0573949 0.17351 -0.00809672 
0.0442253 0.174466 -0.0154223 
0.0406996 0.174573 -0.018628 
0.0365638 0.172242 -0.0160412 
0.0266302 0.172931 -0.00865277 
0.0244736 0.172812 -0.00931569 
0.0264762 0.171414 -0.0125587 
0.0418265 0.170767 -0.0139684 
0.0397732 0.170857 -0.0161978 
0.0607319 0.168404 0.00644436 
0.0585138 0.169109 0.00669026 
0.052685 0.167136 0.00910422 
0.0549427 0.169139 0.00543992 
0.0544412 0.168842 -0.0032705 
0.051249 0.169188 -0.00649744 
0.0660876 0.187728 -0.00412322 
0.0446484 0.169416 -0.00544622 
0.0275627 0.169075 -0.00945628 
0.0239398 0.167502 -0.00743396 
0.0526083 0.163694 0.00480937 
0.0525154 0.163878 -0.00245074 
0.0569295 0.160899 0.0102192 
0.0518961 0.172736 -0.00910654 
0.0538177 0.163426 0.0132101 
0.0524556 0.1621 0.000118824 
0.0427227 0.162308 -0.00188091 
0.0398714 0.164016 -0.010856 
0.0545411 0.159976 0.00912921 
0.0229038 0.160952 -0.00676867 
-0.00557453 0.164841 0.0314941 
-0.0149101 0.164932 0.0362255 
0.0527956 0.159693 0.00813682 
0.0400578 0.159741 -0.00728256 
0.039594 0.159751 -0.00765534 
0.0249989 0.16003 -0.0124231 
-0.0149918 0.163213 0.0368434 
0.0574467 0.158788 0.00778047 
0.00242719 0.161704 0.0269201 
-0.00440957 0.161844 0.0321867 
0.0469274 0.158011 -0.00254327 
0.0269846 0.157708 -0.0137186 
-0.00763149 0.160788 0.0361021 
0.0267416 0.155624 -0.0138531 
-0.0194038 0.162154 0.0407744 
0.0585355 0.154341 0.00443767 
-0.00140975 0.158585 0.03702 
-0.00826199 0.158755 0.0399298 
-0.0163437 0.160276 0.0406131 
-0.0222609 0.160764 0.0423321 
0.0384689 0.154983 -5.40994e-05 
0.0653135 0.178297 -0.00582191 
0.0383265 0.153881 0.000463264 
-0.0112672 0.157849 0.0413811 
0.0543575 0.151182 0.0110766 
0.0528657 0.151554 0.00891927 
0.0537059 0.153439 0.00551981 
-0.0158247 0.157126 0.0430284 
0.0532247 0.149159 0.00432824 
-0.0233141 0.157145 0.0441995 
0.0537319 0.149074 0.0115224 
-0.0236812 0.153961 0.0464478 
-0.0274564 0.156093 0.0457526 
-0.0310464 0.154895 0.0466315 
-0.0320313 0.155473 0.0458447 
-0.0294348 0.15387 0.0341471 
0.0521465 0.1629 0.00893903 
-0.0594782 0.155952 0.0543255 
-0.0709722 0.155649 0.0610112 
0.0486641 0.148359 -0.00173063 
0.0506756 0.148127 -0.00147742 
-0.0305087 0.152384 0.0347095 
0.00943556 0.147908 0.0373107 
-0.0600223 0.153032 0.0559754 
0.000397752 0.149608 0.0436134 
0.0585844 0.155776 0.0046502 
-0.00481482 0.149942 0.046205 
0.0541945 0.157156 0.00557729 
-0.00945658 0.149293 0.0484322 
-0.0162419 0.150363 0.0495019 
-0.023621 0.150409 0.0489718 
-0.0316814 0.150782 0.0486954 
-0.0350733 0.150721 0.0479216 
-0.0722534 0.153182 0.0600258 
0.0522701 0.16423 0.0145429 
0.0546438 0.143156 -0.00380753 
-0.0482145 0.149194 0.0543406 
-0.0501979 0.150901 0.053777 
-0.0592429 0.151009 0.0592527 
-0.0665029 0.151858 0.0615872 
-0.0701568 0.152793 0.0615829 
-0.0712052 0.15038 0.0592023 
0.0618978 0.141071 -0.00720217 
0.0571689 0.137804 -0.00609364 
0.00311481 0.143759 0.0424967 
0.00395642 0.154256 0.0377203 
0.002898 0.141431 0.0429392 
0.0312747 0.169031 -0.0117459 
-0.00396892 0.144493 0.0471115 
0.00334203 0.0514284 0.0610945 
0.000756734 0.0821812 0.0440128 
-0.0696637 0.0973559 0.0486415 
0.0774086 0.0840497 -0.0202171 
0.0472649 0.16302 -0.00379757 
-0.00171311 0.0846786 0.0458166 
-0.07035 0.0980403 0.048351 
-0.024738 0.0859761 0.0421077 
-0.0764023 0.0924131 0.0387577 
0.0436745 0.0750468 0.0107595 
0.0577394 0.172214 0.00736474 
-0.0111341 0.0844166 0.0508526 
0.0363821 0.164324 -0.0133446 
-0.0211855 0.0835268 0.0447343 
-0.0291951 0.0855723 0.0383835 
9.1731e-05 0.0814861 0.0441953 
-0.0268648 0.0830011 0.038823 
-0.0336724 0.0854171 0.0359504 
-0.0542257 0.103874 0.0533309 
-0.0358214 0.134911 0.0534404 
0.0350534 0.076934 0.0124959 
0.0143885 0.125575 0.0312839 
0.0395436 0.183202 -0.0247871 
0.00145832 0.0805328 0.0435046 
-0.0298694 0.0820337 0.0365133 
0.0357305 0.0729066 0.0111174 
0.0454635 0.0711508 0.0113024 
-0.0391924 0.140937 0.0519875 
0.0395564 0.07137 0.0107234 
-0.0174517 0.0837746 0.0494536 
0.0360353 0.0696842 0.00997562 
-0.00695003 0.0792371 0.0509445 
0.0649883 0.0678509 -0.00603456 
-0.0111762 0.0794794 0.0522026 
-0.0241458 0.0831856 0.0416061 
-0.0150212 0.078801 0.0525647 
0.0287303 0.158617 -0.0113449 
-0.0248145 0.0781991 0.0442619 
-0.0318345 0.146214 0.0504108 
0.0100384 0.143205 0.0375034 
0.0779085 0.0824229 -0.0189346 
-0.0351425 0.0789072 0.0315645 
0.0433801 0.0675325 0.0117913 
0.0512723 0.152305 -0.000233323 
-0.0532529 0.126011 0.0569703 
-0.0115127 0.160857 0.0379863 
-0.0259901 0.0764743 0.0400879 
0.00280647 0.0576504 0.0616507 
-0.0207603 0.0853968 0.0459399 
-0.0183553 0.0797542 0.051181 
-0.0303967 0.0618183 0.0533617 
-0.0205207 0.135126 0.0558534 
0.036451 0.0676098 0.00946452 
-0.0624927 0.12968 0.0591798 
-0.0699328 0.101635 0.048395 
-0.0104801 0.129004 0.0522998 
-0.0526097 0.145594 0.0597724 
0.0508174 0.0642793 0.00950271 
0.00591523 0.0725474 0.0492738 
-0.0242625 0.0757608 0.0489223 
0.0440591 0.178019 -0.0216377 
-0.0625325 0.080895 0.0476725 
-0.0393739 0.0496683 0.0553677 
-0.0418963 0.0756888 0.0305879 
-0.0673668 0.136969 0.0633663 
0.0519104 0.0618732 0.0116407 
-0.0297157 0.113076 0.0547986 
-0.0248664 0.12881 0.0570249 
0.0682274 0.0693526 -0.00782043 
-0.0307741 0.0764648 0.0349745 
0.0497992 0.191152 -0.0175266 
0.0513624 0.157678 -0.000375854 
-0.0698293 0.0548338 0.0258584 
-0.0284811 0.0725905 0.0468018 
-0.0488005 0.119227 0.0573695 
-0.0334814 0.0741259 0.0348773 
-0.0785046 0.0706548 0.0272361 
-0.0670358 0.147462 0.0611803 
0.0007922 0.0810039 0.0437972 
0.0711581 0.0705158 -0.00917254 
0.0457782 0.0766875 0.0104912 
2.08142e-05 0.14453 0.0448275 
0.0137669 0.128757 0.0328944 
-0.0465647 0.0497163 0.0541833 
-0.00690107 0.070271 0.0493496 
0.0549931 0.175235 0.0117916 
0.0508093 0.164585 -0.00420021 
-0.0064718 0.0855987 0.0483386 
0.021278 0.104438 0.0238438 
0.0281366 0.0889388 0.018543 
-0.0153312 0.0747047 0.0528396 
0.0413174 0.154629 -0.000185502 
-0.0678094 0.0764069 0.0451295 
-0.0783874 0.0764207 0.0344129 
-0.0322014 0.103645 0.0492238 
-0.048875 0.110606 0.0544271 
0.0506613 0.0602713 0.0122559 
-0.0356423 0.118768 0.0529468 
0.058687 0.14377 0.000240493 
0.0482502 0.0606318 0.0114689 
-0.03531 0.0704563 0.0374091 
-0.0730124 0.059412 0.0276382 
-0.0361229 0.0669699 0.046921 
0.0434365 0.0705892 0.0114722 
0.000446125 0.0729543 0.044105 
-0.00395904 0.0681348 0.0513027 
-0.0117504 0.151475 0.0480321 
-0.0229443 0.0693484 0.0521409 
-0.0181709 0.123416 0.0564073 
0.044636 0.172256 -0.0081441 
-0.0613898 0.0869746 0.0480245 
-0.0507241 0.148606 0.0559761 
0.0436349 0.0862934 0.00927432 
-0.0773276 0.0722169 0.0347054 
0.00124974 0.0720843 0.0478922 
-0.0717533 0.0718243 0.0409379 
-0.0220072 0.0820079 0.0438922 
-0.0219514 0.0981921 0.0518785 
0.064527 0.0650524 -0.00485315 
-0.0474191 0.140884 0.0591192 
-0.00739209 0.165028 0.0309142 
-0.0573471 0.0690581 0.0443373 
-0.0505479 0.0589542 0.0512162 
0.0063591 0.0626467 0.0562969 
-0.0744837 0.0690149 0.0366297 
0.00316451 0.064405 0.0546615 
-0.00232809 0.0927604 0.0463626 
-0.0672134 0.144326 0.0633567 
-0.0417688 0.0722702 0.0324939 
-0.0251969 0.0731239 0.0501935 
-0.0698336 0.10728 0.0426038 
-0.0631961 0.0580253 0.0404877 
0.00700761 0.0658239 0.0551335 
-0.0204848 0.140226 0.0544603 
-0.0217802 0.107125 0.0550515 
-0.00442788 0.139176 0.0477588 
0.0076962 0.0505537 0.0602543 
-0.0468895 0.137351 0.0601358 
-0.0222264 0.0796463 0.047563 
-0.0182654 0.0958952 0.0514759 
-0.060264 0.103238 0.0535581 
0.00690043 0.0496687 0.0597499 
-0.0391745 0.0532749 0.0554361 
-0.00659175 0.0734372 0.0493336 
0.000166534 0.0628016 0.0552171 
-0.0321071 0.123856 0.0556224 
-0.0507376 0.0699336 0.0460854 
-0.070583 0.141629 0.0650325 
0.0350604 0.188741 -0.0229372 
-0.0121201 0.0698394 0.0517249 
-0.0498739 0.0673892 0.0475757 
-0.0648522 0.0550448 0.0346869 
-0.0561442 0.141199 0.0631427 
-0.060117 0.118788 0.0483331 
-0.0114229 0.0740358 0.0521181 
-0.0660908 0.07392 0.0456861 
0.0754286 0.0743455 -0.0122122 
0.0551654 0.172506 0.00590685 
0.0392614 0.158247 -0.0013012 
0.0194272 0.106111 0.0242036 
0.0328011 0.195282 0.0146033 
-0.0117044 0.0668264 0.0569483 
0.0468917 0.152791 -0.00188133 
-0.00409106 0.0612523 0.0587848 
0.0599248 0.156524 0.00508436 
-0.0722553 0.0757884 0.0423199 
-0.0145967 0.0896051 0.0496716 
-0.0252207 0.0971401 0.0500534 
-0.0124156 0.164578 0.0366005 
-0.0244901 0.0802134 0.0408748 
-0.0384579 0.0577741 0.0540259 
-0.0719904 0.0892947 0.046821 
-0.0380732 0.0744907 0.0321024 
-0.0243452 0.142368 0.0534798 
-0.0431997 0.0496491 0.054981 
-0.0273042 0.0748379 0.04463 
-0.0209335 0.129383 0.056846 
-0.0513457 0.0539951 0.0531911 
-0.0612048 0.0499008 0.0313915 
-0.0413397 0.0648135 0.0446759 
0.0583782 0.176897 -0.0119691 
0.0518028 0.0633458 0.0107233 
0.0363259 0.0918461 0.0143786 
-0.0696245 0.0869579 0.0477176 
-0.0587058 0.0666022 0.0456201 
0.0419211 0.0818075 0.00919609 
-0.0589703 0.135631 0.0630715 
-0.0347433 0.0499041 0.0554356 
-0.0321373 0.0705842 0.0389901 
-0.0579042 0.0627592 0.0476477 
-0.0760884 0.0759128 0.03845 
-0.0788471 0.0817039 0.0342336 
-0.0737558 0.0924377 0.0450429 
0.0121348 0.0587758 0.0513513 
-0.0202412 0.152338 0.0479272 
-0.0310406 0.0654679 0.0513479 
-0.0793348 0.0810087 0.0308626 
-0.0667498 0.0583052 0.0364613 
0.0252707 0.158617 -0.0167397 
-0.017452 0.134041 0.0552937 
-0.0766956 0.0647333 0.0255877 
-0.0440859 0.140312 0.05681 
-0.0572643 0.0542587 0.0504102 
0.0269893 0.164102 -0.00805271 
-0.0237017 0.0583236 0.0563459 
-0.0574377 0.0978136 0.0518039 
-0.0626582 0.0756983 0.04668 
-0.0783062 0.0869543 0.0342708 
-0.0466151 0.0579746 0.0525669 
-0.0574809 0.0588272 0.0493899 
-0.0737259 0.0892603 0.0450255 
-0.0480264 0.129096 0.060642 
-9.5325e-05 0.0532471 0.0617761 
-0.0711481 0.0613892 0.0341146 
-0.0541567 0.0535741 0.0523256 
-0.0591925 0.0517633 0.0465181 
-0.0281873 0.0763492 0.037685 
-0.0793554 0.0758224 0.0284878 
-0.0433483 0.0542899 0.0540447 
-0.0564392 0.0509967 0.0496577 
-0.031272 0.0583714 0.0554629 
-0.0773522 0.0912619 0.0329432 
-0.02452 0.146447 0.0516047 
0.030248 0.197154 0.0153588 
-0.00854266 0.0672079 0.0555357 
-0.0263844 0.101716 0.0519373 
0.0329245 0.10224 0.0180976 
-0.00279456 0.0532069 0.059248 
-0.0661267 0.0528094 0.0287566 
-0.0545134 0.0602314 0.0496352 
-0.046772 0.0531768 0.0543188 
-0.0732598 0.0616746 0.0315 
-0.0630781 0.150546 0.0613765 
-0.0611135 0.0547394 0.0391715 
-0.0630212 0.146928 0.0627899 
0.0405208 0.0766939 0.0104424 
-0.0742281 0.0868224 0.0440861 
0.0458069 0.177898 -0.0183462 
-0.0652403 0.0648164 0.043085 
-0.0545937 0.147939 0.0594933 
-0.0687468 0.0816772 0.046384 
0.0597866 0.154595 0.00396256 
-0.0672594 0.14138 0.0652361 
-0.0599984 0.0546186 0.0472282 
-0.0296321 0.0737732 0.038508 
0.0333478 0.189728 0.00641513 
0.00432526 0.0717345 0.0495804 
-0.0636661 0.0501111 0.0279115 
-0.075318 0.0631031 0.0281576 
0.052377 0.14985 -0.000799314 
-0.0599567 0.127014 0.0601096 
-0.034638 0.068779 0.0445446 
0.0574058 0.05072 0.00922067 
-0.0607225 0.0643686 0.0455746 
-0.0637771 0.136381 0.0640969 
0.0690749 0.0733989 -0.00996786 
-0.0108868 0.0907159 0.049892 
0.0281807 0.169205 -0.013659 
0.0747821 0.0727945 -0.0114303 
-0.0595474 0.0521964 0.0361998 
-0.0771531 0.091589 0.0340483 
-0.0629052 0.052484 0.0332407 
-0.0122007 0.154706 0.0451581 
-0.0260179 0.0940576 0.0470301 
-0.0229615 0.072725 0.0518456 
0.0538121 0.146522 -0.00194942 
-0.0251666 0.118348 0.0569277 
-0.0353392 0.0532587 0.056174 
0.0438143 0.165717 -0.00388179 
0.0245864 0.0998237 0.0224463 
0.0411082 0.168234 -0.0119935 
-0.078907 0.0755477 0.0314595 
0.00669337 0.0486903 0.0588588 
-0.0253479 0.109257 0.0552719 
-0.016982 0.137902 0.0545135 
0.0316404 0.164511 -0.0110337 
-0.0276033 0.0574484 0.0563909 
-0.00848975 0.0578161 0.057242 
0.06695 0.187702 -0.00402944 
0.0415258 0.16829 -0.00400952 
-0.0647238 0.0817945 0.0478275 
-0.0147272 0.0675693 0.0549948 
0.0323734 0.0795065 0.014434 
-0.00409034 0.0578403 0.0598005 
0.0447986 0.180919 -0.00667302 
0.0243052 0.104994 0.0236738 
-0.0355853 0.0496095 0.0553509 
-0.0377621 0.0683105 0.038523 
0.00502055 0.0547091 0.0624 
-0.0467381 0.0611453 0.0501518 
-0.0263753 0.160072 0.0436811 
-0.0245511 0.134342 0.056183 
-0.0556951 0.0485074 0.0342287 
-0.0162941 0.0591001 0.0561224 
0.00110029 0.164572 0.0269121 
-0.0260655 0.0542226 0.0560741 
-0.0466095 0.114707 0.0553096 
-0.0277052 0.0643092 0.0524691 
-0.0788308 0.0859259 0.0315993 
-0.0429567 0.0591692 0.0524302 
-0.0576545 0.0497735 0.0342154 
-0.0770741 0.0871107 0.0395939 
-0.0545108 0.0646524 0.0476058 
-0.0559677 0.049968 0.0490314 
0.0207693 0.164418 -0.00594668 
-0.0274881 0.144845 0.0517179 
-0.0608794 0.0596437 0.0466452 
-0.0641782 0.0608306 0.0418218 
-0.0356776 0.148416 0.0486794 
-0.0449118 0.12571 0.0586763 
0.00617223 0.0689355 0.0501667 
-0.0769626 0.0815819 0.0393676 
-0.0334755 0.0926785 0.0411445 
0.0450981 0.0856682 0.00986246 
-0.0192392 0.0687828 0.0522254 
0.0369285 0.187682 0.00568069 
-0.0148325 0.106752 0.054051 
-0.00408025 0.158841 0.0368633 
0.0122031 0.123946 0.0311128 
-0.0479191 0.134226 0.0613416 
-0.0279848 0.148079 0.0496901 
-0.0344488 0.0638197 0.0510785 
-0.0501858 0.0640459 0.0487044 
0.0392342 0.067614 0.0105469 
0.00356944 0.0605376 0.0566427 
0.0276386 0.0941119 0.0201593 
-0.0468353 0.0637192 0.0484689 
-0.0116143 0.0595584 0.0571958 
-0.0212723 0.117822 0.0569041 
0.0269833 0.160424 -0.00906375 
-0.0276221 0.0547801 0.0563535 
0.0205958 0.116099 0.0270427 
-0.0162276 0.0633825 0.0566253 
0.0294178 0.176793 -0.0178523 
0.0733435 0.0709324 -0.0101861 
0.0743768 0.0839015 -0.0199328 
0.0528291 0.149335 0.00882996 
-0.0115864 0.0629586 0.0578345 
-0.0327862 0.0802257 0.0340001 
-0.026595 0.0908678 0.0439653 
-0.023061 0.0630461 0.0549362 
0.00364803 0.0675913 0.0512691 
-0.0456409 0.130432 0.0599666 
-0.00772978 0.155924 0.0427373 
0.00128744 0.139797 0.0435056 
-0.062421 0.116394 0.0468012 
-0.00618668 0.0900156 0.0486749 
0.0722486 0.074753 -0.011417 
0.00218866 0.0598819 0.0563391 
0.00484234 0.0596796 0.0571362 
-0.031742 0.0533403 0.0562156 
-0.0650541 0.0782645 0.0471759 
-0.0707263 0.0560053 0.0271114 
-0.0408022 0.101752 0.0437727 
0.0419695 0.157766 -0.000984481 
-0.0416362 0.0698714 0.0354469 
-0.0198571 0.0566599 0.0551395 
-0.0282617 0.140196 0.053641 
0.00631097 0.0527585 0.0613963 
-0.0392898 0.0662258 0.0395109 
-0.0729827 0.0649804 0.0352326 
-0.0756968 0.0652322 0.0309986 
-0.0681876 0.0553847 0.0307363 
-0.00102693 0.0505153 0.0599706 
-0.0701463 0.0586109 0.0323891 
-0.0775332 0.0701716 0.031901 
-0.0515509 0.0499417 0.0523229 
-0.0258562 0.105669 0.0540545 
-0.00245923 0.0720721 0.0461437 
-0.0653668 0.113012 0.0458738 
-0.0606578 0.154176 0.0544004 
-0.0677402 0.0610951 0.0379345 
0.0357659 0.0876691 0.0141653 
0.0480666 0.174422 -0.01078 
-0.0649554 0.087066 0.0489381 
-0.0703837 0.0693393 0.0408712 
-0.0277864 0.0796783 0.0374313 
-0.0272884 0.0604943 0.0555011 
-0.0198026 0.155372 0.0450904 
-0.0564733 0.101935 0.0531891 
-0.0310384 0.0694964 0.048368 
0.0582571 0.140773 -0.00591278 
-0.0734979 0.0815957 0.0435423 
0.00143223 0.0832702 0.0438381 
-0.0102091 0.101293 0.0515789 
-0.0265329 0.0690478 0.0514145 
-0.0578198 0.120725 0.0505579 
-0.0620945 0.0704362 0.0457182 
-0.066545 0.0702278 0.0443232 
-0.0753263 0.0926222 0.0427422 
-0.0524997 0.113672 0.0559916 
0.0585754 0.14612 0.000197202 
0.0472929 0.0652958 0.0110774 
0.0237302 0.0952195 0.02123 
0.0173927 0.122292 0.0295266 
0.0392313 0.158545 -0.00673989 
-0.0690126 0.0916535 0.0492083 
0.0408587 0.179415 -0.0256387 
-0.0647597 0.0923029 0.0503564 
0.0546368 0.177543 0.0129362 
0.0215628 0.178355 -0.00651422 
0.0470753 0.167568 -0.00565328 
-0.0606913 0.0907468 0.0494703 
0.0437505 0.0786208 0.0100019 
0.0312222 0.0828913 0.0158265 
-0.00531635 0.153369 0.0443311 
0.00950416 0.138774 0.0375155 
-0.037867 0.0954247 0.0410014 
-0.0393232 0.122318 0.0523797 
-0.0344491 0.0891444 0.0378789 
-0.043807 0.138421 0.0575906 
-0.0304882 0.0904324 0.0404165 
0.0477972 0.171301 -0.00788291 
-0.0223017 0.0907181 0.0475061 
-0.048474 0.124291 0.0587674 
-0.0387258 0.0713846 0.0346538 
-0.0180034 0.0909878 0.049567 
-1.45501e-05 0.0568875 0.062099 
0.0285038 0.0848666 0.0173849 
0.0437207 0.0822454 0.0095396 
0.0753916 0.076595 -0.0133852 
0.0143502 0.141744 0.0342839 
-0.0143169 0.117831 0.0545474 
-0.0360109 0.0919907 0.0391025 
-0.0198378 0.149007 0.0505925 
-0.0395405 0.118437 0.051719 
-0.00255221 0.0894022 0.0467442 
-0.0609824 0.0942925 0.0511608 
-0.00588862 0.0988445 0.0490449 
0.0727606 0.0784717 -0.0139517 
0.00525527 0.144225 0.0412249 
-0.071086 0.0927672 0.0477785 
0.0754983 0.0800259 -0.0160511 
0.000727389 0.0845415 0.0443183 
-0.0147867 0.10157 0.0532161 
-0.0719126 0.155671 0.060358 
-0.0749362 0.0976268 0.0382305 
-0.0319282 0.129023 0.0553798 
-0.0656853 0.0978013 0.0514249 
0.0148555 0.121494 0.0296467 
-0.0609176 0.0982481 0.0525228 
-0.021722 0.102122 0.0534313 
0.0307533 0.0879654 0.0174573 
-0.0145789 0.0971849 0.052114 
0.0266872 0.088977 0.0189765 
0.0421561 0.0856768 0.00900021 
-0.033592 0.0965079 0.043341 
-0.0558886 0.114141 0.0554462 
-0.0362003 0.124076 0.0535851 
-0.0161164 0.153831 0.0469559 
-0.0195962 0.0742977 0.0522909 
-0.0291282 0.0965888 0.0464699 
-0.051295 0.126558 0.0588882 
0.0681132 0.184156 -0.00532714 
-0.022988 0.0946197 0.0494759 
-0.0146095 0.0933884 0.0509029 
-0.0751829 0.0717125 0.0374544 
0.0155938 0.112831 0.0264286 
-0.0037739 0.0640841 0.0550633 
-0.0110863 0.0957342 0.0510151 
-0.00604544 0.0954285 0.0490789 
0.0741119 0.0827136 -0.0193251 
0.0756111 0.0834296 -0.019214 
0.00308564 0.146529 0.0428503 
-0.0370247 0.098784 0.0439825 
0.0252369 0.120307 0.0249147 
0.0759878 0.0851414 -0.0212799 
-0.0454016 0.0709942 0.0339894 
-0.0733698 0.101518 0.0385348 
-0.0359494 0.140066 0.052602 
0.000162208 0.068353 0.0501109 
-0.0718826 0.10326 0.0425074 
0.0179877 0.132258 0.0310361 
-0.0656169 0.103392 0.0514769 
0.0183673 0.110597 0.025786 
0.0312858 0.0932697 0.0183187 
-0.0369271 0.102627 0.0460467 
-0.0529041 0.119185 0.0565222 
-0.048147 0.0705455 0.0352772 
-0.0338705 0.100279 0.0456766 
-0.0308725 0.100874 0.0484296 
-0.0180624 0.10083 0.0532845 
-0.0288932 0.104086 0.0519374 
0.0355382 0.0823647 0.0135226 
0.0222947 0.099454 0.0225492 
0.0277423 0.0987699 0.0211409 
0.0367773 0.168889 -0.0148085 
-0.0678014 0.108626 0.0462634 
-0.0601415 0.10843 0.0539542 
-0.0564215 0.109151 0.0550261 
-0.052733 0.108531 0.0546198 
0.018344 0.135976 0.0308955 
-0.030062 0.118175 0.0558488 
0.0323139 0.0987967 0.0182561 
-0.04118 0.10548 0.045185 
0.0233332 0.163979 -0.00577517 
-0.0375784 0.107412 0.0481136 
-0.0334093 0.107819 0.0507622 
-0.0286803 0.107813 0.0536586 
0.0374173 0.185898 0.00130198 
-0.0179179 0.10461 0.054483 
0.00314242 0.148098 0.0428278 
-0.0419975 0.107442 0.0466739 
-0.0649569 0.108502 0.0508862 
-0.0104895 0.106427 0.0520819 
-0.0689566 0.0726189 0.0430726 
-0.0253494 0.113135 0.0562236 
-0.0404384 0.109205 0.0482648 
0.0395921 0.186263 0.0037871 
0.0408615 0.176415 -0.0257409 
-0.0179512 0.108635 0.0551985 
-0.0454572 0.135173 0.0595984 
0.0478325 0.178295 -0.0109767 
0.0280456 0.104381 0.0219452 
-0.0598054 0.113995 0.0535156 
-0.0358639 0.129389 0.0538311 
-0.000566493 0.157163 0.0380584 
0.00792372 0.136473 0.0378064 
-0.049095 0.114189 0.0558992 
-0.039514 0.113421 0.0499039 
-0.0370766 0.111363 0.0498499 
-0.034216 0.112601 0.0522062 
0.0674739 0.0657363 -0.00602846 
-0.0214586 0.112357 0.0561817 
-0.0143708 0.123735 0.0546802 
0.0533062 0.167189 0.0137074 
-0.0180981 0.112678 0.0558403 
-0.014531 0.112218 0.0544171 
-0.0110286 0.111823 0.0522611 
-0.0440847 0.0737283 0.0316408 
-0.0698833 0.148015 0.0585973 
-0.0390348 0.0645394 0.0485251 
0.0212657 0.111215 0.0258218 
-0.0418368 0.062265 0.0499584 
0.0244609 0.110452 0.024652 
-0.063336 0.113679 0.0496517 
0.0283742 0.108791 0.0221237 
0.0459408 0.0817775 0.0100185 
0.0157266 0.116953 0.0278562 
-0.0609503 0.117315 0.0492437 
0.0356036 0.184408 -0.0305697 
-0.0488576 0.068094 0.0474406 
-0.0691017 0.135872 0.0641684 
-0.0581895 0.118541 0.0527794 
-0.055304 0.119144 0.0550831 
-0.0456918 0.118012 0.056501 
-0.0794015 0.0810171 0.0294952 
-0.0331336 0.116695 0.0540381 
-0.0181615 0.117933 0.0562989 
0.0405496 0.163567 -0.00243869 
-0.0157371 0.0857342 0.0491229 
-0.0323745 0.120172 0.0550426 
0.055134 0.174553 -0.00992789 
0.0177236 0.114712 0.0270568 
-0.0731448 0.0967861 0.0455011 
-0.0589299 0.142317 0.0636313 
-0.0195314 0.0618608 0.0564811 
0.0245295 0.1157 0.0252409 
-0.0482607 0.110556 0.0542824 
-0.0559771 0.123826 0.0509486 
-0.053881 0.12385 0.0552043 
-0.0532122 0.0689576 0.0461537 
-0.0292309 0.123834 0.056431 
-0.0244144 0.139185 0.0548995 
-0.0275605 0.151913 0.0475731 
-0.0251106 0.123522 0.0571576 
-0.0335959 0.067038 0.0495358 
-0.0210666 0.123373 0.0569253 
0.0541529 0.168118 0.000843576 
-0.010157 0.12372 0.0517795 
0.0611714 0.146537 0.000203976 
0.0251304 0.0929653 0.0204143 
-0.00760979 0.0633318 0.0572621 
0.0208872 0.121079 0.0278283 
-0.0592895 0.130363 0.0610069 
-0.0553687 0.128658 0.0600832 
-0.0304605 0.0788375 0.0349792 
-0.0519504 0.13063 0.060929 
-0.0290313 0.129378 0.0561621 
-0.0180423 0.129029 0.0560728 
-0.0565693 0.154919 0.0551455 
-0.0693481 0.132789 0.0637811 
-0.069535 0.103837 0.0475888 
-0.0136944 0.12885 0.0540952 
-0.0673993 0.13213 0.0638541 
-0.0196944 0.0599117 0.0565908 
-0.0377635 0.145421 0.0499378 
-0.0646719 0.132499 0.0636996 
0.0113735 0.127335 0.0328045 
-0.013274 0.144535 0.0519503 
0.0171423 0.127327 0.0308087 
-0.00913688 0.144901 0.049903 
0.0212014 0.126495 0.0283385 
-0.0558232 0.133178 0.0618553 
-0.0479772 0.132713 0.0613752 
-0.0556993 0.151856 0.0573017 
-0.069326 0.0649273 0.0392693 
-0.0557926 0.136512 0.0628196 
-0.0512103 0.13586 0.0622278 
-0.0320812 0.133488 0.0546988 
-0.0289155 0.13484 0.0552156 
-0.00571239 0.0545741 0.056803 
0.0082431 0.129339 0.0347185 
0.0236556 0.159854 -0.0148815 
-0.0138937 0.134396 0.0538169 
-0.0100396 0.1343 0.0516834 
0.00784768 0.132883 0.03669 
-0.0356258 0.145216 0.050744 
-0.0774782 0.0669691 0.0270366 
-0.035879 0.114911 0.0519124 
0.0108665 0.130861 0.0345217 
0.00727824 0.149137 0.0386097 
0.0132617 0.132625 0.03402 
-0.00601957 0.134401 0.0483794 
0.0220544 0.130005 0.0279098 
-0.0433813 0.136887 0.0579158 
0.00476578 0.13469 0.0390137 
0.00465498 0.151277 0.0398092 
0.0101225 0.134588 0.0362604 
-0.0737357 0.0984202 0.0431099 
-0.0632894 0.141885 0.0645542 
-0.0515204 0.141229 0.061286 
-0.0592053 0.093167 0.0501216 
-0.0356709 0.0599035 0.0532421 
-0.0321895 0.141104 0.0523977 
-0.0437115 0.139169 0.0573485 
-0.0139552 0.139675 0.0532156 
-0.075036 0.0614174 0.0244313 
-0.00942163 0.139517 0.0510092 
0.0517961 0.17756 -0.0118684 
-0.00334368 0.15701 0.0396377 
0.00533697 0.137942 0.0398309 
-0.00184865 0.154342 0.0422191 
-0.038898 0.0979281 0.0422253 
0.0139913 0.137399 0.0342971 
0.0516525 0.175891 -0.0116118 
-0.00799132 0.165596 0.0302986 
-0.0165442 0.141562 0.0533489 
0.00643136 0.153228 0.0377177 
0.00640137 0.140029 0.0398269 
-0.0586097 0.146986 0.0616125 
-0.0556686 0.144681 0.0615784 
-0.0120087 0.0576205 0.0549013 
-0.0492577 0.14633 0.0572935 
-0.0204442 0.145045 0.052663 
-0.0203401 0.0654223 0.0536787 
-0.0162159 0.145766 0.0519347 
