-0.037798 0.195577 0.014908 
-0.0371186 0.189061 0.0195508 
-0.04042 0.18954 0.0192928 
-0.0210956 0.185771 0.022465 
-0.0367475 0.185901 0.0210961 
-0.0552059 0.183176 0.0680749 
-0.024315 0.182478 0.0278213 
-0.0515881 0.182801 0.0676967 
-0.0527373 0.182143 0.0684245 
-0.0555444 0.182135 0.0684317 
-0.0534457 0.180276 0.0758165 
-0.0669775 0.178106 0.0730935 
-0.0452262 0.17793 0.0780821 
-0.0585406 0.179949 0.0740008 
-0.0366522 0.172276 0.0688571 
-0.0382639 0.172863 0.069948 
-0.0436698 0.174398 0.0766872 
-0.0480152 0.174193 0.0758946 
-0.0527335 0.174602 0.0739951 
-0.0542246 0.172294 0.0648792 
-0.0575476 0.174444 0.072155 
-0.0437411 0.171445 0.0743616 
-0.0681052 0.171005 0.0700938 
-0.0506474 0.170526 0.0635523 
-0.0469304 0.170594 0.0744993 
-0.0492453 0.168397 0.0596981 
-0.0534154 0.169852 0.0622097 
-0.0455418 0.168251 0.0727236 
-0.0514664 0.167741 0.0585259 
-0.0693997 0.168422 0.0678491 
-0.0517714 0.166618 0.0557101 
-0.032844 0.166104 0.0596599 
-0.0363934 0.165206 0.0638135 
-0.043851 0.163652 0.0366691 
-0.0627471 0.165264 0.0664237 
0.00942166 0.161267 -0.039245 
-0.0347246 0.163966 0.059674 
-0.0418349 0.162568 0.0354916 
-0.0451203 0.162336 0.0342203 
-0.0400002 0.165296 0.0680759 
-0.0442108 0.164951 0.0698197 
-0.0650286 0.16438 0.0625417 
-0.0202783 0.160793 0.0243925 
-0.060559 0.161077 0.0622488 
-0.062249 0.161366 0.0621901 
0.00616114 0.157881 -0.0333374 
-0.0191102 0.159667 0.0222651 
-0.0240036 0.159771 0.0322895 
-0.0365313 0.160484 0.036361 
-0.054582 0.165726 0.0554903 
-0.0558704 0.157727 0.0227462 
0.00619127 0.155725 -0.0253043 
-0.0261604 0.15936 0.034042 
-0.0305687 0.157439 0.0434615 
-0.0325854 0.159474 0.0368128 
-0.0337039 0.157153 0.0428544 
-0.0438921 0.157149 0.036603 
-0.0460798 0.157148 0.0353772 
-0.0466171 0.159471 0.0334137 
-0.0508261 0.15869 0.031178 
-0.0552707 0.157381 0.0236447 
-0.0212821 0.181244 0.0281452 
-0.0549553 0.158152 0.0848863 
-0.0577644 0.158829 0.0873938 
-0.0349393 0.156426 0.0410883 
-0.0452067 0.156221 0.0384516 
0.00514695 0.154847 -0.0219952 
-0.034162 0.15579 0.0486869 
-0.0472546 0.155091 0.0427114 
0.0107715 0.153969 -0.0241811 
0.00893675 0.152799 -0.0212819 
0.0063066 0.151963 -0.0183091 
0.00256837 0.153637 -0.0185443 
-0.00226546 0.152465 -0.0154907 
-0.0274488 0.155078 0.0405048 
-0.0626564 0.154513 0.0740522 
-0.0298738 0.155082 0.0448719 
-0.0336938 0.153339 0.0521655 
-0.0496134 0.154932 0.0809171 
0.0204344 0.149963 -0.0306202 
-0.00305363 0.150664 -0.0136062 
-0.0307443 0.151492 0.0486361 
-0.0516889 0.153246 0.0831154 
-0.0560215 0.154608 0.0827334 
-0.0287693 0.151083 0.045963 
0.0470769 0.147067 -0.0650334 
-0.0531666 0.164831 0.0526389 
0.0416117 0.147448 -0.061427 
0.0103084 0.149852 -0.0194963 
0.0190848 0.148409 -0.0274493 
0.0158159 0.14873 -0.0239703 
0.0103676 0.146371 -0.0171933 
0.00735794 0.148802 -0.0165461 
0.00436535 0.147591 -0.0133292 
-0.0422532 0.147611 0.0840126 
-0.051906 0.149506 0.0854343 
0.0195741 0.151465 -0.031298 
-0.0652972 0.149085 0.0795167 
0.0423877 0.143184 -0.0614944 
-0.0618322 0.146257 0.0802473 
0.0208209 0.14335 -0.0273585 
0.00224909 0.143015 -0.00863702 
-0.000898263 0.144636 -0.0080558 
-0.00180779 0.142384 -0.00583419 
-0.0617617 0.144387 0.0725131 
0.0465636 0.139569 -0.0640352 
-0.0487284 0.143945 0.0737469 
-0.0520641 0.143801 0.0727703 
-0.0662965 0.145069 0.0800292 
-0.012157 0.140306 -0.00329931 
-0.0389829 0.142963 0.0817613 
0.0084873 0.144301 -0.0146425 
-0.0503974 0.142132 0.0680918 
-0.0548507 0.142158 0.067119 
-0.0607902 0.142198 0.0660991 
-0.060966 0.143247 0.0710382 
-0.0437849 0.144296 0.0846488 
-0.0669448 0.142359 0.0751101 
-0.0430637 0.162389 0.0689629 
0.0424358 0.138162 -0.0621275 
-0.0384286 0.141488 0.0764507 
-0.0391541 0.141503 0.0767765 
0.0291928 0.136388 -0.0360779 
0.0280076 0.138108 -0.0349507 
0.0248467 0.13847 -0.0310326 
0.0448827 0.134976 -0.0638851 
0.0210844 0.138635 -0.0274554 
0.0190547 0.13672 -0.0258625 
-0.0383421 0.184621 0.0225099 
0.0104444 0.138956 -0.0151653 
0.00847449 0.137586 -0.012628 
0.0189443 0.144689 -0.0257847 
0.000163188 0.137853 -0.00442871 
-0.00240886 0.138945 -0.00331386 
-0.0676993 0.140703 0.0726409 
-0.055163 0.156327 0.0248368 
-0.0268654 0.139625 0.0308352 
-0.0542704 0.15638 0.0274406 
-0.0300389 0.139039 0.0337447 
-0.0331312 0.138079 0.0360317 
-0.0366938 0.139161 0.0361377 
-0.041743 0.13887 0.0352899 
-0.0463492 0.138766 0.0327642 
-0.0494831 0.137966 0.030066 
0.042646 0.133653 -0.0628139 
0.0426087 0.130546 -0.0633097 
0.0305543 0.133992 -0.0376797 
-0.0617081 0.173366 0.0712265 
0.0276598 0.133204 -0.0339153 
0.00379621 0.156873 -0.0260582 
-0.0482446 0.136006 0.0337969 
0.0065026 0.133994 -0.00958536 
0.00410218 0.133888 -0.00667499 
0.00738269 0.130777 -0.0104134 
0.000381468 0.133506 -0.00282856 
-0.00183519 0.13205 -0.000603324 
-0.0580256 0.169476 0.063067 
-0.00996972 0.138662 -0.00239641 
-0.00820552 0.131672 0.00222846 
-0.02905 0.134926 0.0351054 
-0.0272406 0.133122 0.0339485 
-0.0433687 0.134289 0.0388812 
0.0154142 0.158219 -0.0443651 
-0.0476085 0.134042 0.0365484 
-0.0511633 0.134883 0.0307204 
0.0312544 0.128335 -0.037858 
0.0292329 0.128237 -0.0352768 
0.0239868 0.128544 -0.0314181 
0.0153835 0.126988 -0.0300373 
-0.0510313 0.155614 0.0317915 
-0.0495072 0.130948 0.038464 
0.00456039 0.129013 -0.0063029 
0.0292242 0.124948 -0.0352494 
-0.0020564 0.128019 0.0008586 
-0.0311583 0.13042 0.0396067 
-0.0535753 0.15799 0.0833399 
0.0316393 0.124143 -0.0382684 
-0.0273836 0.129489 0.0359792 
-0.0455845 0.129447 0.0440859 
-0.0426104 0.186918 0.0196285 
0.0155724 0.123884 -0.0312885 
-0.0369642 0.127443 0.0459375 
0.015816 0.13384 -0.024052 
-0.0408906 0.128568 0.0458019 
-0.0435147 0.126695 0.047364 
-0.0466479 0.126722 0.0467559 
-0.0496884 0.126706 0.0448079 
-0.0532443 0.12766 0.0395906 
0.0312794 0.122489 -0.0233065 
0.0288572 0.122639 -0.0235196 
-0.0463911 0.152895 0.0818715 
0.0273295 0.123356 -0.0332756 
0.0241433 0.123567 -0.0318714 
-0.0398551 0.125954 0.0481263 
-0.0116439 0.124746 0.00521993 
0.0463097 0.145111 -0.064365 
0.0160029 0.120226 -0.0319413 
-0.0584476 0.171227 0.0705328 
0.00193766 0.123793 -0.00192663 
-0.0556246 0.171388 0.06448 
-0.00156084 0.12366 0.00181891 
-0.00394354 0.122209 0.00446586 
-0.0472628 0.156148 0.0368022 
-0.00730049 0.12354 0.00538116 
-0.0483712 0.155065 0.0397705 
-0.0104481 0.121647 0.00664155 
-0.0510188 0.132975 0.0343279 
-0.0129315 0.122757 0.00630391 
-0.0289989 0.124582 0.0410697 
0.0409051 0.118119 -0.055798 
-0.0309085 0.123682 0.0442161 
-0.0328871 0.122278 0.0474625 
-0.0388876 0.122838 0.0508871 
-0.0483402 0.122254 0.0515126 
0.0211954 0.13436 -0.0284914 
-0.0554326 0.123048 0.0442691 
-0.0607685 0.15753 0.0841993 
-0.0555204 0.124779 0.0399444 
0.0317304 0.11854 -0.0223247 
0.0240766 0.118204 -0.031489 
0.0192781 0.118772 -0.0310065 
0.0174514 0.117015 -0.0308223 
-0.0488221 0.179179 0.0777724 
0.0154408 0.117463 -0.0313526 
-0.0418311 0.121224 0.053073 
0.0205401 0.115087 -0.0301774 
0.00183549 0.118961 -0.00049302 
-0.000584754 0.118843 0.00223508 
-0.0129036 0.118709 0.00817365 
-0.00587973 0.115485 0.00784251 
-0.0548144 0.145806 0.0781334 
0.0274025 0.113472 -0.0330258 
0.023948 0.11328 -0.0309655 
-0.0297601 0.119104 0.0453336 
-0.0664628 0.169001 0.0679519 
-0.0325691 0.118847 0.0493211 
-0.0347503 0.11756 0.0520308 
-0.0498002 0.119627 0.0540352 
-0.0276542 0.080483 0.0591652 
-0.042052 0.159721 0.0351016 
-0.0578893 0.103881 0.0603078 
-0.0657577 0.083402 0.0563395 
-0.0528963 0.108478 0.0614089 
0.0533997 0.0717244 -0.0253671 
-0.0434484 0.0834874 0.0686518 
-0.0437616 0.145782 0.0852635 
-0.0403771 0.0974369 0.065564 
0.0209604 0.0930825 -0.0281228 
-0.0461625 0.0839148 0.0691223 
-0.0596182 0.0838519 0.0642853 
0.0590651 0.0679363 -0.028211 
0.0443995 0.0719347 -0.00903894 
-0.0442933 0.0548442 0.0538032 
-0.0544353 0.18328 0.0107368 
0.00580144 0.161546 -0.0350464 
-0.047274 0.148841 0.0861981 
0.0137316 0.138893 -0.0193781 
-0.0442077 0.103281 0.064586 
0.0180922 0.09828 -0.02677 
-0.052513 0.14717 0.0805433 
-0.0786769 0.0649543 0.0479996 
-0.029395 0.160376 0.0352306 
-0.0146281 0.0801763 0.0508906 
-0.0795908 0.0622919 0.0498859 
0.0109342 0.161239 -0.0403612 
-0.0106426 0.141747 -0.00410191 
-0.063994 0.103901 0.0519678 
0.0168498 0.143747 -0.0233012 
0.00305538 0.138671 -0.00713923 
0.0314154 0.108499 -0.0200741 
-0.0132064 0.0783366 0.0573617 
0.0201737 0.127314 -0.0307081 
0.0642451 0.0686199 -0.0342191 
0.0505263 0.0691125 -0.0229661 
0.0125969 0.0943219 -0.0234855 
0.0220513 0.0699234 -0.00825808 
-0.0105592 0.0792186 0.0556392 
0.0413809 0.122586 -0.0579536 
-0.0178681 0.0796054 0.0563343 
-0.0634086 0.0788337 0.0590291 
-0.0079188 0.0763326 0.0650076 
-0.00903473 0.0597887 0.0687263 
-0.0265217 0.0636053 0.066337 
-0.034208 0.0920326 0.0630137 
-0.0196486 0.0773895 0.0591917 
0.0175125 0.128793 -0.0296637 
0.0613638 0.067786 -0.0305879 
0.0186431 0.132898 -0.0275813 
-0.0389841 0.13102 0.0426294 
-0.0107824 0.0751687 0.06671 
0.0428233 0.0689027 -0.00940392 
-0.023147 0.075875 0.0614353 
-0.00903209 0.0776621 0.0577869 
0.0360214 0.113023 -0.0203171 
-0.0268137 0.077399 0.0630633 
-0.0333584 0.0780934 0.0640718 
-0.0377906 0.162173 0.0362042 
0.0533522 0.0676859 -0.0242306 
-0.060992 0.164283 0.064301 
0.0455225 0.0542713 -0.00913046 
-0.0568321 0.168303 0.06127 
-0.0113025 0.055001 0.0661719 
0.0206479 0.147053 -0.0284508 
-0.0292323 0.0765496 0.0645904 
-0.0386126 0.0604414 0.0606284 
0.00490804 0.124739 -0.00665618 
-0.0434169 0.0785649 0.0687652 
0.0313871 0.113258 -0.0209885 
-0.0599141 0.106692 0.0573449 
0.0506536 0.0660553 -0.0222789 
-0.0515084 0.14601 0.0799684 
0.0665092 0.0746021 -0.0382493 
-0.0108933 0.075424 0.0657677 
-0.0400374 0.0787639 0.067421 
-0.0369713 0.115843 0.0547768 
-0.0488911 0.178544 0.077233 
-0.0152014 0.0751787 0.0629903 
-0.050024 0.165654 0.052808 
-0.0400327 0.0737216 0.0669329 
-0.0323512 0.133972 0.0379712 
-0.0648357 0.0750873 0.0553152 
0.0568716 0.0627654 -0.0267479 
-0.0573144 0.0976697 0.0635576 
-0.0364871 0.0788491 0.0658153 
-0.0440618 0.0687303 0.0663603 
0.0457113 0.137602 -0.0639387 
-0.0204069 0.075307 0.0608945 
-0.0426665 0.112778 0.0596541 
-0.0173067 0.0729733 0.0669841 
-0.0242009 0.0791354 0.0584087 
0.000491921 0.152096 -0.015626 
0.0363916 0.0680859 -0.00776522 
-0.031896 0.0724917 0.0630682 
-0.0321827 0.154589 0.0485695 
-0.0326725 0.0737796 0.0640336 
-0.0747677 0.0680027 0.0473408 
0.0416458 0.073261 -0.00778507 
-0.0163016 0.0707535 0.069776 
-0.0242372 0.161974 0.0324264 
0.0393882 0.111669 -0.0198348 
0.0420692 0.0782051 -0.00833811 
-0.0625438 0.0736375 0.0579802 
-0.0634522 0.0712544 0.0552779 
0.0566601 0.0728365 -0.0277049 
-0.0351791 0.13258 0.0404901 
-0.0651225 0.0733804 0.0541775 
-0.0256903 0.0597542 0.066298 
-0.0511721 0.071025 0.066245 
-0.000111198 0.113979 0.00319909 
0.0552512 0.0593049 -0.0266231 
-0.0419983 0.0597736 0.0603454 
0.0400259 0.0620404 -0.00903985 
0.061236 0.0773397 -0.0327215 
-0.0637496 0.175492 0.0729035 
0.0243913 0.133497 -0.0308989 
0.0374863 0.0630279 -0.00778376 
-0.0216034 0.0729382 0.0651504 
0.0589447 0.0642648 -0.0282894 
0.0273924 0.128742 -0.0334114 
0.0244379 0.0629788 0.00921326 
-0.0322005 0.0547075 0.0503215 
-0.0779199 0.0599922 0.0498811 
-0.0383767 0.0550202 0.0545812 
-0.0603324 0.153992 0.0797995 
-0.050915 0.137984 0.0270395 
0.052708 0.0588913 -0.0245785 
-0.0694724 0.0857683 0.0373221 
-0.0667233 0.0687049 0.0463238 
-0.0468899 0.142566 0.0696718 
0.0342921 0.10393 -0.0177651 
-0.0509781 0.141428 0.0675328 
0.0230811 0.0610573 0.0105928 
-0.0278008 0.157573 0.0397825 
-0.0613778 0.0599414 0.0451919 
-0.0700649 0.06962 0.039915 
-0.0667652 0.0605218 0.0492315 
-0.0356701 0.16749 0.0655117 
-0.01319 0.11503 0.00986766 
0.0301634 0.0649057 -0.00938127 
-0.0721065 0.0621568 0.0530662 
-0.0551331 0.141458 0.0669183 
-0.064031 0.0600967 0.0470938 
0.0165221 0.15179 -0.0264737 
-0.0151242 0.0834559 0.0511012 
-0.0137767 0.112914 0.0110572 
0.0203717 0.0617341 0.00569417 
0.00661814 0.130227 -0.00938904 
0.0168176 0.082171 -0.0128226 
0.051378 0.092523 -0.0104652 
-0.0304865 0.0594292 0.0567011 
0.0200887 0.0595597 0.00601663 
-0.0654801 0.0790181 0.0559258 
-0.0532426 0.177826 0.0750214 
-0.132574 0.0567517 0.081432 
-0.00752586 0.0588905 0.0665883 
0.0239642 0.0859954 -0.0134704 
-0.0341101 0.166591 0.0625765 
-0.052557 0.0552742 0.0489893 
-0.0052777 0.133617 0.000242879 
-0.0521909 0.123992 0.0472196 
-0.0483026 0.107858 0.0628327 
-0.00211281 0.103538 0.00813178 
0.0287431 0.0714424 -0.0102012 
-0.0408634 0.172666 0.0744981 
0.0605824 0.0636512 -0.030329 
0.0477254 0.0832129 -0.00844541 
-0.0551359 0.147176 0.0798562 
-0.0291487 0.0735594 0.0646701 
-0.0366716 0.192814 0.0166892 
-0.0687635 0.0601679 0.0508543 
-0.0307008 0.141834 0.03329 
0.0318687 0.0683135 -0.0109914 
-0.0303427 0.0795761 0.0620055 
-0.0462801 0.0784577 0.0687703 
-0.034351 0.113874 0.0538671 
-0.0636804 0.152323 0.0774491 
-0.0465664 0.0592506 0.0590783 
-0.0824321 0.0641781 0.0406484 
-0.0372678 0.0682124 0.0644484 
-0.063821 0.0633251 0.0483158 
-0.0574381 0.166036 0.0598738 
-0.009286 0.0568456 0.0669675 
-0.0544291 0.0575764 0.0532701 
-0.0342207 0.0993273 0.0602275 
-0.0316231 0.0638 0.0605851 
-0.0501095 0.0543731 0.0499739 
0.0372837 0.0547598 -0.00764086 
-0.00326238 0.0550925 0.0558559 
-0.0368685 0.192073 0.0173695 
-0.0723635 0.05954 0.0537734 
-0.0604615 0.159657 0.0894133 
0.0405796 0.113282 -0.0546747 
0.035287 0.058167 -0.00627686 
-0.00138739 0.0991347 0.00804619 
-0.0273105 0.0692543 0.0647707 
-0.0527337 0.125976 0.0428403 
0.0212037 0.102954 -0.0287247 
-0.0568903 0.110526 0.0568273 
-0.00363468 0.148568 -0.0112148 
-0.00158072 0.0614155 0.0565186 
-0.035721 0.0592044 0.0584961 
-0.0450438 0.0564371 0.0554693 
0.0386491 0.105485 -0.018333 
-0.0516586 0.0555776 0.0497914 
0.0239968 0.143325 -0.0311312 
0.0483029 0.093029 -0.0102923 
0.0132362 0.134485 -0.0201796 
-0.0363787 0.083835 0.0657548 
-0.0355255 0.0555935 0.0545386 
0.000653018 0.156204 -0.0224832 
-0.00858419 0.0671994 0.070167 
-0.0158554 0.056217 0.0697042 
-0.048351 0.0724918 0.0671169 
-0.0388295 0.13364 0.0401347 
-0.0761721 0.0602049 0.0487451 
-0.0646572 0.162652 0.059069 
-0.0351241 0.0536909 0.0493798 
-0.0296596 0.057236 0.0523082 
-0.0551823 0.0787064 0.0665802 
-0.0230274 0.0586623 0.0687269 
-0.0123328 0.0838493 0.0481573 
-0.0427714 0.124115 0.0507027 
-0.016938 0.0543393 0.068355 
-0.0189258 0.0634107 0.071551 
-0.0443357 0.0734054 0.0677808 
-0.0555699 0.185824 0.00817103 
-0.00978527 0.0730652 0.0740848 
0.0510399 0.0854195 -0.010209 
-0.0312543 0.0564218 0.0520369 
-0.0602078 0.141483 0.0655512 
-0.0626004 0.0847436 0.0617794 
-0.0499688 0.146502 0.0859373 
-0.0799199 0.0592511 0.0504975 
-0.0268655 0.180781 0.0292972 
-0.0547402 0.167343 0.0586034 
-0.00231504 0.135444 -0.00172187 
-0.065022 0.0991847 0.0540038 
-0.0616803 0.109597 0.0496151 
0.0569914 0.0678478 -0.0264233 
-0.0435296 0.137084 0.0361895 
0.0435589 0.0982751 -0.0128824 
-0.0569418 0.0647437 0.05916 
-0.0620374 0.169706 0.0697918 
-0.0647217 0.0975773 0.0551498 
-0.0448305 0.118982 0.0553533 
-0.00902938 0.0636346 0.0695565 
-0.0668624 0.0844847 0.0524534 
-0.0452042 0.122149 0.0522624 
-0.0191732 0.0551647 0.0694695 
-0.0256122 0.135135 0.0301541 
0.0354869 0.104223 -0.0183916 
0.013575 0.102871 -0.0264426 
-0.0590622 0.0728016 0.0620033 
-0.033046 0.0695171 0.0636436 
-0.00630186 0.0937833 0.0161743 
-0.0149765 0.0595232 0.0712283 
-0.0840036 0.0618964 0.0421184 
0.0413809 0.0827559 -0.00964427 
0.0393818 0.143388 -0.062546 
-0.0498958 0.0566989 0.0543518 
-0.0570732 0.177704 0.0734954 
-0.0840896 0.0592171 0.0427259 
-0.0216384 0.0552889 0.0683236 
0.00947665 0.158917 -0.0382422 
0.016477 0.0744456 -0.00916742 
-0.0630818 0.107479 0.0507615 
-0.0142322 0.0634542 0.07246 
-0.0401134 0.0574435 0.0576506 
0.0435574 0.102788 -0.013992 
0.0457036 0.0744356 -0.00892175 
0.0104368 0.143371 -0.0161302 
0.0669083 0.0770967 -0.039718 
0.0473156 0.0627662 -0.0208775 
-0.00494218 0.0545042 0.0563409 
-0.0678795 0.0703104 0.0365803 
-0.00703617 0.0663426 0.0672057 
0.0462831 0.147074 -0.065116 
-0.0420905 0.0626946 0.0629485 
-0.0269044 0.125665 0.0360571 
-0.0565572 0.115852 0.0517029 
-0.0246127 0.0550737 0.0647727 
0.0350048 0.0923789 -0.0145342 
-0.0503222 0.116934 0.0559788 
0.0272283 0.0620439 0.00947185 
-0.0318027 0.0935519 0.0603496 
0.0187321 0.0933301 -0.0262391 
-0.0546789 0.0739979 0.0655463 
-0.00546741 0.103457 0.011446 
-0.000533668 0.154687 -0.0192178 
-0.0263973 0.0581034 0.0641069 
-0.0115262 0.132714 0.00136908 
0.0506446 0.0634011 -0.0222981 
0.0285928 0.0634821 -0.00938378 
0.0153737 0.0838967 -0.020584 
-0.02747 0.068177 0.0656242 
0.0387079 0.0930745 -0.0132525 
-0.0404882 0.0693521 0.0660154 
0.0399146 0.110112 -0.0546192 
-0.028844 0.0538428 0.0463736 
-0.00194345 0.058304 0.0564434 
-0.0259076 0.137819 0.0301712 
-0.055245 0.0838097 0.0669145 
-0.0122712 0.0580354 0.0695129 
0.0126324 0.14802 -0.0204688 
0.0205014 0.0781823 -0.0092951 
-0.081844 0.0670637 0.0394164 
0.0242276 0.108405 -0.0308173 
-0.0646101 0.161698 0.0573653 
0.00430724 0.156866 -0.0262093 
0.035395 0.11761 -0.0221644 
-0.0554631 0.0596345 0.0545233 
-0.0563797 0.0719333 0.063917 
-0.0654964 0.0938621 0.0553761 
-0.0590429 0.112775 0.0529572 
-0.0438608 0.115856 0.0575875 
-0.0754959 0.0636999 0.0484165 
-0.0320097 0.0606535 0.0581963 
-0.0661215 0.16617 0.0656762 
-0.0780067 0.0619359 0.0498054 
-0.066496 0.0634588 0.0499044 
-0.055177 0.0889759 0.0665414 
-0.0188385 0.0883039 0.0541347 
-0.0471863 0.0618454 0.0614563 
0.019093 0.1232 -0.0314857 
-0.011227 0.103596 0.0143788 
8.83192e-05 0.10874 0.00414452 
-0.0304983 0.102961 0.0545789 
-0.050361 0.0786981 0.0681626 
0.0476824 0.0591566 -0.021415 
0.0387168 0.111376 -0.054971 
0.0373581 0.0578066 -0.00736125 
0.0393888 0.146693 -0.0624363 
-0.0524542 0.061683 0.0593022 
-0.00428357 0.098489 0.0120159 
0.0454461 0.0560207 -0.00908567 
0.0452942 0.104322 -0.0142991 
-0.0334259 0.0574445 0.0559108 
0.0448841 0.0748877 -0.00823747 
-0.0379869 0.0638752 0.0629178 
-0.0350343 0.120584 0.0502229 
-0.0260422 0.0736989 0.0637621 
-0.0517373 0.154292 0.0329864 
-0.0499666 0.128561 0.0424185 
-0.0102064 0.0766642 0.0640783 
0.0189244 0.0866754 -0.023944 
-0.0194092 0.0943281 0.0516069 
-0.0350193 0.0624446 0.0608776 
-0.0440974 0.06482 0.0644781 
-0.0557342 0.113734 0.0557322 
-0.0424357 0.166051 0.0703949 
-0.0280724 0.0634797 0.0642159 
0.0654385 0.0722281 -0.0363168 
-0.0241913 0.0564532 0.0661308 
-0.0519336 0.121968 0.049645 
-0.0129798 0.0551228 0.0672403 
-0.032937 0.125739 0.0447487 
-0.0478357 0.124619 0.0492264 
-0.0234132 0.0634759 0.0694494 
0.0371389 0.0868496 -0.0109758 
-0.0232613 0.186146 0.0224502 
0.0410976 0.0575619 -0.00838095 
0.0612765 0.0730374 -0.0311984 
-0.00142022 0.147432 -0.0105521 
-0.0638165 0.083231 0.0591823 
-0.0718033 0.0687379 0.0433783 
-0.0568651 0.120654 0.0454414 
-0.0243818 0.0707516 0.0662107 
-0.0653083 0.0675136 0.0481453 
-0.022703 0.054513 0.0658348 
0.0127613 0.158855 -0.041818 
-0.0113869 0.0626339 0.0711463 
-0.0484485 0.064403 0.0633724 
-0.0139121 0.101545 0.0160619 
-0.00243578 0.108729 0.00703961 
-0.0568293 0.149597 0.0840482 
0.0398838 0.13984 -0.0624405 
-0.0488698 0.0550693 0.0515078 
0.00126434 0.128736 -0.00226574 
0.0185781 0.0847528 -0.0224894 
-0.00663643 0.0632792 0.0669621 
-0.00949073 0.118076 0.00820458 
0.0368516 0.0731307 -0.00876759 
0.018394 0.0739638 -0.00847699 
-0.0296823 0.0612773 0.0584294 
-0.0529643 0.0642694 0.0614605 
-0.0668843 0.0590574 0.0482766 
-0.060221 0.0637786 0.0534303 
0.0255247 0.0588119 0.010484 
-0.0607125 0.0624899 0.0507036 
0.0224614 0.147407 -0.0310596 
-0.0342923 0.0659624 0.0624385 
-0.023965 0.179795 0.0300445 
0.0281598 0.113422 -0.033696 
-0.0212023 0.0804984 0.056221 
0.0272856 0.0584404 0.0100214 
0.0532268 0.062733 -0.0238425 
-0.0547245 0.0972733 0.0648801 
0.0146343 0.130635 -0.0260541 
-0.0117446 0.128738 0.00366692 
-0.00987065 0.0964636 0.0180398 
0.0343927 0.0629773 -0.0066455 
-0.0221991 0.183807 0.0257549 
0.0350086 0.0549541 -0.00661592 
-0.00377476 0.118262 0.00553605 
-0.0783355 0.0679403 0.0464588 
-0.0694184 0.067205 0.0498972 
0.0314174 0.0639489 -0.00802821 
-0.0377285 0.119389 0.0527759 
-0.0533131 0.0710335 0.0654109 
-0.0623668 0.0682507 0.0545195 
-0.0607932 0.0688087 0.0580374 
-0.0466286 0.0753797 0.0685258 
0.0281728 0.117602 -0.0337249 
-0.0385253 0.103509 0.0623026 
-0.040097 0.0553706 0.0550905 
-0.0185724 0.0684228 0.0705938 
-0.0140809 0.1058 0.0141427 
-0.00667588 0.119019 0.00674795 
0.0210793 0.0734989 -0.00814612 
-0.0185862 0.0585411 0.0708992 
0.0605165 0.080765 -0.0336836 
-0.0253148 0.155819 0.0360592 
-0.0102211 0.0692048 0.0741499 
-0.0105246 0.0800115 0.0465187 
-0.0547916 0.121225 0.0471137 
0.0131685 0.0987989 -0.0251939 
-0.041519 0.184612 0.0217972 
0.0161403 0.12195 -0.0319522 
-0.00790552 0.0796237 0.0434141 
-0.0339095 0.0835754 0.0640926 
0.0289603 0.0743758 -0.00926341 
-0.0138826 0.109006 0.0125109 
-0.0270851 0.141686 0.0306176 
0.0591718 0.0717883 -0.0290095 
0.0320482 0.0731488 -0.0110343 
-0.0303011 0.0837095 0.06111 
0.0162407 0.157214 -0.0445932 
-0.0277602 0.0832137 0.0592605 
-0.0571352 0.107963 0.0593626 
-0.0504615 0.0838533 0.0685639 
-0.0245764 0.0835757 0.0578824 
-0.0462454 0.145639 0.0860387 
-0.068687 0.143509 0.0759873 
0.0441888 0.057177 -0.00897795 
-0.00596444 0.0793623 0.040971 
0.0250557 0.0689057 -0.00958153 
0.0188744 0.0898819 -0.0254326 
-0.0212116 0.0837776 0.0560438 
0.00563213 0.143626 -0.0118867 
-0.0492187 0.0687562 0.0657237 
0.0481158 0.102241 -0.0132116 
0.0324166 0.0779261 -0.00995233 
0.0018264 0.115306 0.00043615 
-0.059234 0.0935238 0.0638477 
-0.0107375 0.082895 0.0466087 
-0.0603684 0.0958516 0.0616303 
-0.00881164 0.0822532 0.044156 
0.015589 0.0763635 -0.00973351 
-0.00753382 0.128237 0.00355474 
0.0505209 0.0580923 -0.0233157 
0.0163302 0.0786799 -0.0106307 
-0.0144632 0.0765696 0.060342 
0.0257113 0.0780133 -0.00877985 
0.0145454 0.151986 -0.0249317 
-0.0188561 0.0835943 0.0544155 
-0.0619551 0.0920873 0.0617491 
-0.0618887 0.0782214 0.061724 
0.0293309 0.0779391 -0.00902566 
0.0449705 0.0778141 -0.00823223 
0.0467546 0.0785426 -0.00867323 
0.0163768 0.0843407 -0.0211627 
-0.0695385 0.084212 0.0359565 
-0.0658437 0.0767613 0.0542963 
0.000815575 0.0822915 0.0201621 
-0.0396788 0.114207 0.057352 
0.0573548 0.0762279 -0.0296975 
0.0591885 0.0777944 -0.0313202 
-0.0630543 0.179179 0.073766 
-0.0667843 0.0872571 0.0531926 
-0.0379984 0.168963 0.0689757 
-0.0115248 0.108188 0.012596 
-0.00774042 0.0980752 0.0152805 
-0.0659002 0.0894065 0.0557406 
-0.060354 0.109135 0.0541617 
-0.0637101 0.0888777 0.0595328 
-0.0621331 0.0882088 0.061823 
0.0142436 0.108548 -0.0282762 
-0.0595195 0.0889088 0.0640943 
-0.0123564 0.0800825 0.0482678 
-0.0693286 0.0876897 0.0376148 
-0.0503263 0.0888836 0.0681006 
-0.046448 0.0886114 0.0686432 
-0.0436549 0.08901 0.0683212 
-0.0398483 0.0885771 0.0672663 
0.0212888 0.0547255 0.0131562 
-0.024767 0.0885462 0.0577676 
0.0132869 0.143631 -0.019376 
0.0629943 0.078566 -0.0344241 
0.0421971 0.105202 -0.0533368 
-0.0157444 0.0884625 0.0510555 
-0.0278734 0.0898047 0.0587009 
-0.0131104 0.0878464 0.0481414 
0.0318953 0.0829895 -0.0100872 
-0.000190429 0.0842877 0.0198437 
-0.0378137 0.197626 0.0130282 
0.0261023 0.082246 -0.00997803 
0.0419697 0.054476 -0.00854545 
-0.049386 0.099116 0.0662174 
-0.0594768 0.161352 0.0619035 
0.0370101 0.0830297 -0.0106617 
0.0274103 0.118406 -0.0332301 
-0.0212358 0.0889593 0.0556922 
0.0437549 0.0834898 -0.00936817 
0.0270734 0.0846809 -0.0112764 
0.0288785 0.120363 -0.023083 
-0.0696373 0.0637653 0.051189 
-0.030599 0.0884807 0.0608146 
-0.0321037 0.104447 0.0558771 
-0.0395388 0.193403 0.0170166 
0.0611924 0.0808359 -0.0342168 
-0.0623973 0.098981 0.0585794 
0.0629947 0.0820205 -0.0363736 
-0.0629599 0.0940854 0.0594798 
-0.0595656 0.160205 0.0505223 
-0.0549676 0.0937174 0.0663332 
-0.0360847 0.170345 0.0678528 
-0.0534842 0.157341 0.0279726 
-0.0585751 0.145113 0.075873 
0.0325665 0.0873538 -0.0118614 
-0.0501998 0.0936186 0.0677143 
-0.0467739 0.0925371 0.0683828 
-0.0440122 0.0941028 0.0674878 
-0.0486038 0.156428 0.0335026 
-0.00419728 0.12556 0.00330128 
-0.00248435 0.0889283 0.0181937 
0.0228565 0.0578276 0.0121075 
-0.0249795 0.0929291 0.0565057 
0.043346 0.0930975 -0.0120338 
0.0223399 0.084882 -0.0132161 
-0.0281933 0.0942033 0.057072 
-0.033405 0.162631 0.0558208 
-0.051209 0.0592746 0.0570935 
-0.021894 0.093699 0.0542366 
-0.0342419 0.0949816 0.0619263 
-0.00783141 0.0753449 0.0657738 
-0.0190784 0.0916942 0.0533806 
-0.0564027 0.183877 0.00958242 
-0.00744027 0.0726916 0.0734066 
-0.0177141 0.0921896 0.0515686 
0.0203276 0.0853841 -0.024319 
0.0278478 0.0868051 -0.0126915 
-0.025232 0.18405 0.0250781 
-0.00443675 0.129183 0.0021454 
-0.0139089 0.0682597 0.0730577 
0.00237413 0.0788593 0.0202594 
-0.0486281 0.103738 0.064235 
-0.0596029 0.0786408 0.063761 
0.0419166 0.0868985 -0.00930471 
0.0371849 0.078362 -0.0103463 
0.0433806 0.0886561 -0.00982176 
-0.0449042 0.106886 0.0633741 
-0.0133329 0.0729226 0.0728988 
0.0478726 0.087925 -0.00896191 
-0.0612443 0.103207 0.0573596 
0.0644918 0.0838797 -0.0388934 
0.0445017 0.0543439 -0.00881833 
-0.051135 0.0965721 0.0662683 
0.0205246 0.0885861 -0.0265971 
-0.0359156 0.124107 0.0481132 
0.0510741 0.0882297 -0.00986601 
-0.0478332 0.0958449 0.0670851 
-0.0267084 0.182483 0.027062 
-0.0028298 0.0918853 0.0162214 
0.029181 0.0812466 -0.00949629 
0.0383239 0.0892623 -0.0121294 
-0.0589199 0.0990097 0.0621018 
0.00807454 0.134075 -0.0115441 
-0.0439938 0.0989296 0.0661679 
0.0468402 0.143524 -0.0641403 
-0.0411838 0.144419 0.0836437 
-0.037692 0.0987314 0.0633798 
0.0066848 0.138852 -0.0108914 
0.0496418 0.100039 -0.0122578 
-0.0322675 0.0981475 0.0588578 
-0.00211413 0.0941419 0.0141592 
-0.034575 0.168208 0.0647487 
-0.0571737 0.14309 0.0709256 
-0.0531378 0.12985 0.034909 
0.0334288 0.0897976 -0.0139201 
0.000561486 0.105229 0.00358095 
0.0256006 0.0729439 -0.00868259 
-0.0541318 0.0994183 0.0645368 
-0.0295723 0.0985882 0.0560286 
-0.0268808 0.0984991 0.0529899 
0.029304 0.133116 -0.035661 
-0.0239162 0.0965208 0.0529525 
-0.0679286 0.0688181 0.0387808 
-0.0364621 0.0887761 0.0654991 
-0.0117291 0.0953952 0.0193426 
0.0263926 0.142216 -0.0335107 
-0.00381788 0.0949036 0.0134909 
-0.0102219 0.134995 5.0655e-05 
-0.00789577 0.102244 0.0136367 
0.0154945 0.0930772 -0.0244508 
0.0100997 0.134755 -0.0145728 
-0.0397847 0.0836861 0.0674466 
-0.0407961 0.10085 0.0645092 
0.0229987 0.0935793 -0.0302343 
0.0487813 0.066994 -0.0217078 
-0.0122136 0.0982112 0.0177583 
0.0267442 0.100092 -0.0347853 
-0.0534849 0.10383 0.0628364 
-0.053766 0.185253 0.00836684 
-0.0444624 0.149988 0.0829428 
-0.0415351 0.104636 0.063274 
0.0405817 0.0682853 -0.00820888 
-0.0106742 0.0998873 0.0162479 
-0.034076 0.08878 0.0637698 
-0.0350294 0.103907 0.0590337 
0.00397651 0.151014 -0.0156476 
0.0211086 0.0980297 -0.0282157 
-0.0289359 0.103312 0.0524066 
0.0212917 0.0824678 -0.0112202 
0.0386257 0.0824607 -0.0111567 
-0.0620486 0.104903 0.0549037 
0.0177559 0.108314 -0.0285355 
-0.0570838 0.0625802 0.0571775 
-0.0614976 0.112517 0.0474926 
-0.0308916 0.127051 0.0420104 
-0.0542421 0.118973 0.0516769 
0.035932 0.098011 -0.0143449 
0.0511138 0.0708314 -0.0240051 
0.038558 0.0985247 -0.0130532 
0.0484497 0.0978169 -0.0116314 
-0.0368386 0.0733971 0.0655042 
0.0235825 0.0981415 -0.0305371 
-0.0402044 0.093583 0.0664087 
-0.0420775 0.108894 0.0613818 
-0.0386665 0.107199 0.0607771 
-0.0364178 0.108545 0.0581337 
-0.0327506 0.108795 0.0545239 
0.0421064 0.109049 -0.0536676 
-0.0296536 0.109337 0.0496267 
0.0420208 0.107256 -0.0535065 
-0.0613181 0.148911 0.0820699 
0.0145003 0.101795 -0.0264241 
0.0240572 0.103283 -0.0306615 
0.0393616 0.103117 -0.0138692 
0.046981 0.101192 -0.0130773 
-0.0341197 0.129048 0.0426889 
-0.0657729 0.0677708 0.0512322 
-0.0230408 0.0684612 0.0686088 
-0.0574682 0.118203 0.0486246 
-0.0472373 0.116594 0.0570633 
-0.0625089 0.109707 0.048888 
-0.0213375 0.186879 0.0209514 
0.0440391 0.0631224 -0.0196412 
-0.0467995 0.110273 0.0611767 
-0.0281783 0.107414 0.0482613 
0.0164534 0.124653 -0.0313744 
-0.00802715 0.105187 0.0127033 
-0.0701034 0.171555 0.0698472 
0.0269357 0.103647 -0.0335392 
-0.0541701 0.181773 0.012243 
0.00544873 0.159218 -0.0336927 
-0.0366104 0.0939092 0.0643504 
-0.0389918 0.110162 0.0591821 
-0.0581898 0.0688229 0.0610552 
-0.0597193 0.117537 0.0435862 
-0.0416162 0.169515 0.0723769 
-0.0580671 0.0602883 0.052993 
-0.00852428 0.108894 0.011361 
-0.0504548 0.0741138 0.0671181 
-0.00574849 0.10806 0.0099755 
-0.00737341 0.0781908 0.0561759 
0.022845 0.0892646 -0.0299823 
-0.0517987 0.111069 0.0596296 
0.0170145 0.138521 -0.0234201 
-0.0367642 0.135758 0.0382621 
0.0319683 0.105078 -0.0196799 
0.0139365 0.105377 -0.027196 
-0.0095884 0.0945119 0.0187164 
0.0327492 0.105356 -0.019182 
0.0284554 0.0678373 -0.0119668 
0.0163211 0.0880698 -0.0229152 
-0.0515164 0.113958 0.058185 
-0.0465774 0.11384 0.0593327 
-0.059015 0.114861 0.0501728 
-0.0366933 0.112244 0.0566153 
-0.0572789 0.123084 0.0390953 
-0.0587398 0.0751177 0.0637519 
0.0210686 0.107854 -0.029178 
-0.0175868 0.153006 0.0187161 
0.0408711 0.105766 -0.0149243 
-0.0311489 0.113953 0.0501496 
0.0274958 0.107988 -0.0335726 
0.0149424 0.0979751 -0.0254622 
0.0356278 0.108307 -0.0191641 
-0.0186805 0.153983 0.0207334 
0.0404192 0.107893 -0.0189303 
-0.0540426 0.0686859 0.0637324 
-0.0408694 0.11807 0.0554486 
0.0404164 0.108423 -0.0541805 
-0.0676837 0.174246 0.0720765 
-0.0122672 0.111612 0.0113233 
-0.00924041 0.113541 0.00980073 
0.0174351 0.103526 -0.0274544 
-0.00582147 0.112303 0.00899624 
-0.00343464 0.113692 0.00655828 
0.000903876 0.149606 -0.0133802 
-0.0318635 0.0681671 0.0624068 
-0.0603055 0.115774 0.0447081 
-0.0056192 0.137596 -0.00157091 
-0.0286101 0.1152 0.0448901 
0.0281421 0.109995 -0.0338171 
-0.0291959 0.128454 0.0391618 
-0.0536801 0.116605 0.0543975 
0.014859 0.11315 -0.0298279 
0.0179403 0.113002 -0.0296283 
