0.0005824 0.200319 0.0381252 
0.00100119 0.199273 0.0395257 
-0.000714167 0.199564 0.0402489 
-0.0247746 0.198712 0.0130748 
-0.0233581 0.197912 0.0136081 
-0.0179138 0.194707 0.0184194 
0.00495193 0.192483 0.042377 
0.00727239 0.19028 0.0410451 
0.00760602 0.188809 0.0425988 
0.00459805 0.190128 0.0442921 
-0.0116708 0.188496 0.0523446 
0.0170277 0.187608 0.0266574 
-0.0123406 0.187275 0.0542598 
0.0452791 0.185182 0.0773481 
-0.00959554 0.186545 0.0531541 
0.0197555 0.183743 0.0319466 
0.0579592 0.18306 0.0741914 
0.0555602 0.183613 0.0764358 
-0.0113641 0.185204 0.0562313 
-0.00477412 0.183342 0.0540373 
-0.00830857 0.184138 0.0556554 
0.0108441 0.181813 0.0627515 
0.0580598 0.181219 0.0742696 
-0.00318489 0.181602 0.0557246 
-0.0072009 0.181631 0.0579587 
0.0101678 0.18066 0.0639509 
0.00874938 0.180068 0.0643944 
0.0555778 0.180732 0.0760192 
0.00793773 0.179317 0.0644054 
0.0588068 0.179557 0.0723122 
0.0559059 0.178347 0.074597 
0.0513249 0.180091 0.0792406 
0.0485574 0.179238 0.0822801 
0.0414231 0.178071 0.0911442 
0.0169491 0.178256 0.0723484 
-0.00568631 0.179352 0.0593211 
-0.00437275 0.176757 0.0602891 
0.0581069 0.176387 0.070298 
0.0432356 0.176229 0.0912505 
-0.0109681 0.175563 0.0541518 
0.0506187 0.176155 0.0780131 
0.0459228 0.176307 0.0857347 
0.0144665 0.175954 0.0713987 
0.0518084 0.174977 0.0753613 
0.0143685 0.188995 0.026389 
0.00544986 0.17392 0.0652064 
-0.00138008 0.175827 0.0604772 
0.0569909 0.174005 0.0674208 
0.0464363 0.173366 0.0705967 
0.0440473 0.173423 0.0719643 
0.0469406 0.175163 0.0823686 
0.0444787 0.172666 0.0845309 
0.013044 0.188375 0.0288889 
0.00615546 0.172788 0.0653377 
-0.00847602 0.173384 0.0557881 
0.0450414 0.171805 0.083035 
0.0416987 0.17166 0.0872036 
0.0555 0.171647 0.0650561 
0.0542858 0.171685 0.0716718 
0.0420769 0.171657 0.0699773 
0.0397181 0.170842 0.0711346 
0.0544062 0.170372 0.063114 
-0.00672807 0.170406 0.0568459 
0.0391205 0.169893 0.0890198 
0.052733 0.168498 0.0631103 
0.0534135 0.169594 0.0682518 
0.0472275 0.170285 0.068008 
0.0354095 0.167498 0.062937 
0.041865 0.169395 0.084396 
0.0375617 0.167706 0.0855173 
-0.0140577 0.168325 0.0518222 
0.0492419 0.165783 0.0668719 
0.0342686 0.165908 0.0590091 
0.0402633 0.165846 0.0832788 
0.0351888 0.165819 0.0838824 
0.0322387 0.165809 0.0847316 
0.00586611 0.164633 0.0664833 
0.0503834 0.165201 0.0660957 
0.0515287 0.164717 0.0648721 
0.0298747 0.164098 0.082206 
0.0238091 0.161978 0.0423194 
0.0200699 0.162745 0.0485546 
0.0624349 0.161863 0.0907269 
0.0465148 0.0901517 0.0728455 
0.0203803 0.134721 0.054023 
0.047391 0.0874235 0.044744 
0.0471157 0.0688873 0.0687303 
0.0457477 0.0909793 0.072895 
0.0192225 0.0896014 0.0791627 
0.0443224 0.178426 0.0908209 
0.0469112 0.0846478 0.0369102 
0.04557 0.179698 0.0896856 
0.0414176 0.139901 0.0911141 
0.0476961 0.0848569 0.0414412 
0.0479117 0.0843579 0.0451766 
0.00344905 0.0662516 0.0810386 
0.00651864 0.154496 0.0628598 
0.0467732 0.0897222 0.0413751 
-0.0192134 0.195508 0.0169113 
0.0470404 0.0815291 0.0729824 
0.00179494 0.0831348 0.0754957 
0.0229731 0.0577607 0.0881447 
0.00712394 0.0806224 0.0765041 
0.0263502 0.159315 0.0439068 
0.0147887 0.0940479 0.0750958 
0.0419696 0.184718 0.0793452 
0.047722 0.0791527 0.0411501 
0.00539343 0.0901666 0.0749596 
0.0311238 0.116533 0.0698421 
0.0104799 0.156756 0.0592842 
0.0388552 0.167331 0.0616479 
0.0489966 0.0843921 0.051927 
0.0496575 0.0771338 0.0499007 
0.0152001 0.116175 0.0694468 
0.0482753 0.0793164 0.0701486 
0.025555 0.079886 0.0812518 
0.0352973 0.0792527 0.0806128 
0.0045898 0.187173 0.04566 
0.0469516 0.0952354 0.068934 
0.0497867 0.0753685 0.0407861 
0.046489 0.0751202 0.072811 
0.011001 0.0795099 0.0763173 
0.0660041 0.0596597 0.0342961 
0.062869 0.0720797 0.0350038 
0.00529833 0.0744792 0.0737907 
0.00151155 0.0732139 0.0718823 
0.0520206 0.0750341 0.0346396 
0.011255 0.0898578 0.0765487 
0.0399465 0.0742674 0.0783239 
0.00200296 0.1873 0.0462157 
0.0506004 0.0794219 0.0573676 
0.0351347 0.0743003 0.0800858 
0.035289 0.122012 0.0512798 
0.0611003 0.0734455 0.032117 
0.0154109 0.147665 0.0693391 
0.0160451 0.0624491 0.0904843 
0.0382089 0.16925 0.0674288 
0.0336326 0.102345 0.0771362 
0.0518042 0.0688679 0.0501106 
0.0679365 0.0721873 0.0353819 
0.00153788 0.133456 0.0551875 
-0.00791753 0.162264 0.0550625 
0.0188129 0.10205 0.0762916 
0.0353574 0.0847102 0.0811204 
0.0193562 0.16243 0.0495176 
0.0107603 0.0673477 0.0812212 
0.0165195 0.186188 0.0305767 
0.014174 0.0795799 0.0758632 
0.00350931 0.0667859 0.0786555 
0.0443686 0.0793615 0.0751244 
0.0130917 0.0852123 -0.0540002 
0.0206408 0.10656 0.0758926 
0.0227292 0.0792939 0.0804435 
0.0257708 0.0551778 0.070628 
0.0408375 0.169544 0.0662764 
0.0504769 0.0844865 0.0575827 
0.0192856 0.140971 0.0485877 
-0.012802 0.153761 0.0511723 
0.0684769 0.0684695 0.0372634 
0.0235022 0.0593563 0.0842821 
0.0261511 0.0750187 0.0808223 
0.041172 0.0581911 0.0663174 
0.0115382 0.0672148 0.0780053 
0.0505604 0.0849403 0.0630318 
0.066541 0.147348 0.0748625 
0.0697195 0.0694735 0.0351012 
0.00443047 0.158283 0.0589508 
0.0444056 0.0847237 0.0755908 
0.0239614 0.162326 0.0389062 
0.0126674 0.0906696 -0.0568024 
0.0218331 0.111048 0.0741367 
0.0520959 0.0760718 0.0301509 
0.0191594 0.0591361 0.0864168 
0.0116818 0.189546 0.0262456 
0.00912961 0.0570903 0.0929931 
0.0478435 0.0849936 0.0477393 
0.0165366 0.0642053 0.0887201 
-0.00954755 0.0508624 0.0550978 
0.0253063 0.0848013 0.0813936 
0.0177021 0.0583201 0.0876604 
-0.0568875 0.05591 0.150022 
0.0221465 0.0846666 0.0804708 
0.0383812 0.0632999 0.0739718 
0.0497251 0.0687398 0.0574766 
0.0299617 0.0847223 0.0817593 
0.0383222 0.0519256 0.0573042 
0.0390729 0.114357 0.0652671 
0.00759642 0.0579283 0.0942249 
-0.00227174 0.178986 0.0589298 
0.0450406 0.142644 0.0920405 
0.0231296 0.0740571 0.0797498 
0.0109446 0.143278 0.066896 
0.0417556 0.111843 0.0552431 
0.0525838 0.0720615 0.0431796 
0.0658006 0.148542 0.0775444 
0.0649232 0.0634091 0.0399597 
-0.00587188 0.0497719 0.0487053 
-0.00537697 0.0508772 0.049505 
0.0609362 0.0532769 0.0431698 
0.0484767 0.0848951 0.07001 
0.0601527 0.0586732 0.0455072 
0.0400247 0.0793469 0.0786507 
0.00831111 0.187104 0.0427548 
0.0118927 0.0930753 0.0748745 
0.0665709 0.146411 0.0703073 
0.0292916 0.128741 0.0443635 
0.0426095 0.0638627 0.0708363 
0.0447835 0.148579 0.0897887 
0.0237958 0.162594 0.0342466 
0.0143454 0.0899869 0.0761919 
0.0475517 0.0792287 0.0366604 
0.033334 0.063072 0.0760827 
0.0477491 0.079726 0.0451262 
0.0459987 0.0994041 0.0685626 
-0.0574653 0.0548946 0.150905 
0.0070807 0.0847265 0.0770527 
0.0495326 0.18331 0.0828774 
0.00728506 0.0882192 0.0766489 
-0.00465583 0.15217 0.0541441 
0.0293113 0.157191 0.0469538 
0.0495066 0.0688253 0.0529664 
0.0281062 0.063857 0.0770945 
0.0439793 0.0958685 0.072714 
0.0175232 0.126766 0.0634631 
0.0462031 0.0588356 0.0526942 
0.0290245 0.0514459 0.0645778 
0.0646897 0.0585187 0.040132 
0.0514105 0.073889 0.0502699 
0.00645885 0.0976337 -0.0491919 
0.00158199 0.138444 0.0538998 
0.0478295 0.15446 0.0869701 
0.0628108 0.0704631 0.0374692 
0.029223 0.122212 0.0650956 
0.0470038 0.0835664 0.0730624 
0.00963872 0.0551737 0.0917864 
0.0235004 0.0548359 0.088568 
0.0321882 0.113329 0.0722741 
0.0548332 0.175001 0.0730211 
0.039042 0.0537963 0.0616602 
0.0374253 0.118294 0.0505878 
0.0500094 0.0772149 0.033723 
0.0175867 0.0549614 0.0934603 
0.0501157 0.0796335 0.0664854 
0.058223 0.0719783 0.036719 
0.041451 0.0987988 0.0748436 
0.0132391 0.125681 0.0636403 
0.0443546 0.0563089 0.0543506 
0.0352308 0.0545062 0.0669566 
0.0182419 0.0525581 0.0653176 
0.0445153 0.0998472 0.051024 
0.0187362 0.137597 0.0520618 
0.00385325 0.065682 0.0827699 
0.0444876 0.0576799 0.0595909 
0.050675 0.0794977 0.0627125 
0.0694187 0.0653833 0.0356793 
0.0320765 0.0503031 0.0613293 
0.0146401 0.0844686 0.0768684 
0.00962229 0.0586647 0.0906672 
0.0508432 0.0535208 0.0460511 
0.041536 0.0560623 0.0625887 
0.0364888 0.119689 0.0602721 
0.0496072 0.0789649 0.0527159 
0.0191668 0.0748414 0.0783681 
0.00921239 0.0549554 0.0932697 
0.0451221 0.072256 0.0727386 
0.00514163 0.0688915 0.0731958 
0.0501882 0.0842187 0.0665668 
0.00865776 0.0689497 0.0717712 
0.0277871 0.0599594 0.0748385 
0.00658934 0.104012 -0.0542574 
0.0420239 0.0539715 0.0542931 
0.0447326 0.099458 0.0505121 
0.0122787 0.0660608 0.0752658 
0.0522004 0.0768266 0.027476 
0.0412201 0.164287 0.0535096 
0.0399973 0.0899373 0.0787323 
0.0446388 0.0938511 0.0424821 
0.0256437 0.0896535 0.0813951 
0.0307598 0.159353 0.0440022 
0.049875 0.0743339 0.0532944 
0.0079011 0.0905456 0.0757806 
0.0566573 0.0736613 0.0331734 
0.034285 0.0520148 0.0625745 
0.00241254 0.0617377 0.0919857 
0.0209195 0.0538414 0.0679268 
0.046856 0.0599859 0.0575173 
0.0193898 0.0847047 0.0795118 
0.0330279 0.0592326 0.0737643 
0.0375161 0.059603 0.0719067 
0.0642669 0.161724 0.0899562 
0.0129017 0.067681 0.0726636 
0.0314076 0.0546292 0.0695744 
0.0461442 0.0578336 0.0483536 
0.00189882 0.0816958 0.0755808 
0.0481698 0.0741268 0.0697325 
0.0216301 0.0517103 0.0646954 
0.0506153 0.057966 0.0477522 
0.0482006 0.0958488 0.0649976 
0.0638873 0.0539685 0.0362728 
0.0335247 0.105841 0.0761909 
0.062207 0.0582596 0.0436829 
0.0261054 0.0574839 0.0728673 
0.0228351 0.0597408 0.0787683 
0.00678983 0.128011 0.0599527 
0.0533168 0.0757678 0.0283022 
0.0441695 0.0898956 0.0751814 
0.00939142 0.0672151 0.0818758 
0.0519297 0.063954 0.049267 
0.047748 0.142661 0.0715007 
0.109779 0.0322528 0.119232 
0.0196035 0.0685958 0.0772698 
0.0176194 0.0582366 0.0920676 
0.00565141 0.0604402 0.0923286 
0.0435236 0.140629 0.0907866 
0.0186514 0.105278 0.075637 
0.0366783 0.057025 0.0689298 
0.00826708 0.0546276 0.0948333 
0.0440449 0.0687673 0.0726909 
0.00883801 0.187312 0.041232 
0.0101638 0.0940694 0.0737049 
0.0251048 0.134602 0.046537 
0.0417086 0.140626 0.0913466 
0.0255784 0.133917 0.0406828 
0.0599954 0.0626505 0.0455277 
0.0454262 0.0547574 0.0462694 
0.0345008 0.0689343 0.0785498 
0.0314865 0.168937 0.0862422 
0.000413031 0.0749041 0.0722344 
0.0407624 0.0602565 0.06995 
0.0215709 0.115295 0.0718182 
0.0448035 0.0596246 0.0638684 
0.0102633 0.0631797 0.0900514 
0.0295347 0.0898507 0.0813833 
0.00988344 0.0973899 -0.0550405 
0.0217386 0.162097 0.0466584 
0.0223967 0.0903333 0.0801809 
0.0412655 0.0668868 0.0746617 
0.00251405 0.060322 0.0920705 
0.056242 0.071249 0.0406971 
0.0242363 0.160797 0.0387913 
0.0195 0.0934956 0.0785977 
-0.0566312 0.0548758 0.149705 
0.00561331 0.063085 0.0912374 
0.044044 0.0743568 0.0751542 
-0.0137444 0.050217 0.0536113 
0.0137836 0.0812956 -0.0537387 
0.0465363 0.0631057 0.0647202 
0.0473066 0.0612895 0.0609677 
0.0556306 0.172994 0.0687831 
0.0384543 0.0550105 0.0648005 
0.0447252 0.10557 0.0643678 
0.048415 0.0636176 0.0580801 
0.0498732 0.0767252 0.0374294 
0.0484902 0.0649176 0.06184 
0.00616394 0.15671 0.0607078 
0.0600749 0.0681552 0.0419846 
0.0127766 0.153908 0.0657937 
0.00556001 0.101436 -0.0502203 
0.0399854 0.109008 0.0698003 
0.0324939 0.11083 0.0735181 
0.00360495 0.0847305 0.0757953 
0.0425917 0.0538997 0.0514158 
0.0189716 0.183999 0.0324526 
0.0200754 0.079278 0.0796768 
0.0314828 0.0569183 0.0717077 
0.0682034 0.0641212 0.0374813 
0.0260489 0.0522552 0.156256 
0.0539005 0.154492 0.0860813 
0.0564128 0.063596 0.0471196 
0.0388357 0.166159 0.0591491 
0.0115973 0.0761037 0.0747051 
0.00469483 0.0793731 0.0755791 
-0.0114264 0.149865 0.0502673 
-0.000175787 0.0779604 0.072902 
0.00816682 0.0767757 0.075292 
0.0251221 0.0530257 0.0674458 
0.0526304 0.0597903 0.0482492 
0.0615531 0.0639732 0.0437051 
0.0440547 0.103191 0.0676602 
0.0042393 0.065315 0.0840225 
0.0495576 0.0891181 0.0663723 
0.0490569 0.0616853 0.0489958 
0.0128627 0.0665066 0.0896689 
0.0156096 0.0667857 0.0881588 
0.00963333 0.0739695 0.0735826 
0.0459238 0.0651836 0.0684392 
0.016333 0.0657145 0.0772923 
0.0422377 0.0698629 0.0747052 
0.0265709 0.132573 0.0437057 
0.00151729 0.189985 0.0450654 
0.0501866 0.0747763 0.0663147 
0.0295172 0.0699821 0.0796305 
0.0230523 0.159107 0.0492794 
-0.00143058 0.20144 0.0381866 
0.0429595 0.0940831 0.0749515 
0.0381534 0.105892 0.0736386 
0.0186311 0.186834 0.0266372 
0.0480123 0.0900615 0.0697924 
0.0299136 0.0793653 0.0815375 
0.0529249 0.0693697 0.046636 
0.0167922 0.0676019 0.0756576 
0.0391726 0.0689417 0.0766082 
0.0114879 0.0849343 0.0774042 
0.0332313 0.157483 0.0468952 
0.0279399 0.110405 0.0749597 
0.0504831 0.0741292 0.0574808 
0.0232173 0.0689402 0.0785655 
0.059661 0.0705771 0.0382366 
0.0466287 0.0889908 0.037771 
0.0110698 0.0872521 -0.0516271 
0.0510581 0.0500705 0.0435886 
0.0177253 0.145031 0.0708999 
0.0567205 0.0586045 0.0470395 
0.0282332 0.067687 0.0789779 
0.000379901 0.196114 0.04262 
0.0430859 0.100676 0.0715011 
0.0295659 0.0740647 0.0806408 
0.031477 0.0668752 0.0782341 
0.0227281 0.0626861 0.0827872 
-0.009559 0.153218 0.0521871 
0.0349613 0.0656168 0.0772758 
0.0381206 0.0656153 0.0760431 
-0.011313 0.167472 0.0528473 
0.0559175 0.0532077 0.0454554 
0.00901468 0.137699 0.0558093 
0.049688 0.0692474 0.0630483 
0.0478804 0.0912171 0.0522248 
0.0365315 0.165731 0.0583498 
0.0459634 0.0917927 0.0433865 
0.0263249 0.0941272 0.0808695 
0.0347564 0.0953171 0.079628 
0.0395092 0.0953004 0.0772432 
0.0195629 0.185165 0.0292024 
0.0491308 0.0923457 0.0660168 
0.0229627 0.0956287 0.079538 
0.0489396 0.0946565 0.0624551 
0.0236211 0.149875 0.0721602 
0.0633323 0.0540292 0.0399075 
0.0069471 0.0933156 0.073591 
0.0128536 0.0941737 0.0736995 
0.03785 0.163976 0.0795215 
0.0455306 0.0929918 0.0393649 
0.0136786 0.0867541 -0.0564988 
0.0224382 0.127654 0.0620033 
0.0118702 0.089852 -0.0542663 
0.0278593 0.124822 0.0633727 
0.0588694 0.1498 0.0863774 
0.0233492 0.10033 0.078601 
-0.0219159 0.196743 0.0156347 
0.022756 0.0634961 0.0782765 
0.043026 0.106672 0.0673357 
0.0280032 0.101213 0.07877 
0.0334568 0.124071 0.0485252 
0.0302366 0.0995353 0.0794952 
0.0553604 0.0689724 0.0444415 
0.0343111 0.0999378 0.0784174 
0.0388002 0.0995299 0.076454 
0.038229 0.117005 0.0506206 
0.0118471 0.155659 0.0617857 
0.0466178 0.10081 0.0646406 
0.0389862 0.101796 0.074793 
0.0466429 0.102011 0.0601356 
0.0108507 0.093971 -0.0547475 
0.0113424 0.0953959 -0.0568111 
0.0626528 0.160222 0.0906162 
0.0199704 0.102447 0.0765702 
0.00454707 0.137282 0.0554191 
-0.0130374 0.188973 0.0527536 
0.0237792 0.105635 0.0770419 
0.0281 0.105826 0.0770471 
0.0415765 0.105611 0.070348 
0.0260553 0.116468 0.0712857 
0.0350125 0.0900705 0.0807288 
0.0450112 0.105975 0.0596077 
0.0438934 0.174422 0.0882736 
0.0329865 0.125282 0.0509818 
0.0525886 0.07321 0.0392297 
0.0102599 0.0990868 -0.0570456 
0.024258 0.121982 0.0671964 
0.054214 0.146936 0.0840739 
0.022446 0.058253 0.0737785 
0.059043 0.154225 0.0830192 
0.0436388 0.108145 0.0565486 
0.05601 0.158029 0.0878201 
0.0166396 0.111402 0.0719977 
0.0277429 0.130261 0.0518817 
0.0475954 0.0802205 0.04664 
0.0238987 0.160647 0.0770837 
0.00970968 0.0906888 -0.0519046 
0.0367236 0.110096 0.0716371 
0.0156238 0.13261 0.0585649 
0.0430955 0.10879 0.063386 
0.0655149 0.0575564 0.0358097 
0.0426759 0.110772 0.0599629 
0.0372797 0.112069 0.0696696 
0.0423213 0.0547882 0.0587926 
0.0500481 0.143895 0.0750423 
0.014239 0.137714 0.0547958 
0.000979799 0.192545 0.0441104 
0.0504402 0.07408 0.0628466 
0.0263446 0.112508 0.0739218 
0.0541076 0.15654 0.0861851 
0.0049489 0.104619 -0.0510585 
0.0413335 0.112925 0.0621465 
0.0408897 0.112687 0.0521585 
0.0179827 0.113823 0.0717851 
0.0498586 0.0899073 0.0631301 
0.0355519 0.115866 0.067637 
0.0387799 0.116462 0.0612653 
0.0409168 0.11439 0.0584341 
0.0519388 0.183541 0.0800379 
0.0401266 0.114925 0.0547602 
0.0294089 0.0952867 0.0805527 
0.0389537 0.11725 0.0562794 
0.0466628 0.0895674 0.0462747 
0.0359794 0.118015 0.0644898 
0.0475973 0.18015 0.0861983 
0.0205318 0.132336 0.0570958 
0.0157896 0.120206 0.0675164 
0.0267322 0.11967 0.0690798 
0.0241631 0.0571709 0.0875176 
0.0586562 0.152049 0.0860599 
0.0649395 0.0684463 0.0387128 
0.030658 0.119681 0.0678683 
0.0362598 0.121039 0.0565635 
0.0581382 0.0658377 0.0457616 
0.0549249 0.152006 0.087983 
0.00695291 0.100062 -0.0525736 
0.0337429 0.122868 0.0593161 
0.0167522 0.12328 0.066073 
0.045052 0.169541 0.0660488 
0.0241106 0.124865 0.0647975 
0.0273094 0.127286 0.0597269 
0.0438608 0.0616662 0.0676622 
0.00577431 0.104278 -0.0528683 
0.0315938 0.125314 0.0578962 
0.00842127 0.100866 -0.0552306 
0.033763 0.124433 0.0545116 
0.0221343 0.148564 0.0722617 
0.0110904 0.127959 0.0618612 
0.0306706 0.127503 0.0534886 
0.0138715 0.140943 0.0531854 
0.0319103 0.125918 0.0474476 
0.0302027 0.12843 0.0481847 
0.0300713 0.127468 0.0441149 
0.027756 0.129299 0.0564845 
0.0032908 0.129403 0.0573574 
0.00472418 0.132407 0.0571309 
0.0480478 0.183213 0.08529 
0.0248553 0.131606 0.0545195 
0.0274801 0.131393 0.0484351 
0.0215757 0.160011 0.0750222 
0.0221817 0.136459 0.0492875 
0.0228814 0.137989 0.0458157 
-0.012082 0.166127 0.0527068 
0.0155792 0.154211 0.0652758 
0.0244132 0.136172 0.0428055 
0.0110157 0.131957 0.059341 
0.0239034 0.136886 0.0398984 
-0.00192873 0.136362 0.0519238 
0.0427572 0.139661 0.0905075 
0.0198331 0.139599 0.0485843 
0.00539538 0.140605 0.0549609 
0.00868234 0.140845 0.0545314 
0.0193641 0.117259 0.0704217 
0.0174794 0.140991 0.0505413 
0.0182185 0.0728845 0.0774976 
0.0526246 0.0734654 0.0467524 
0.0484152 0.0634499 0.0523879 
0.0209032 0.140576 0.0468224 
0.049932 0.0897689 0.0581301 
0.0635682 0.149258 0.0804928 
0.0596718 0.141917 0.0657882 
0.0504269 0.144062 0.0924502 
0.0446567 0.142646 0.0756745 
0.0656743 0.143853 0.0701152 
0.0246509 0.133634 0.0504883 
-0.00991915 0.15881 0.0527859 
0.01631 0.144275 0.0704026 
-0.0059414 0.157049 0.0537573 
0.0472492 0.0996743 0.0586048 
0.0535508 0.144339 0.071639 
0.0195806 0.0654164 0.0779419 
0.0591946 0.15696 0.0827272 
0.00314587 0.195714 0.0414526 
0.0655772 0.144623 0.0731799 
-0.00740456 0.158001 0.0536625 
0.0514175 0.14489 0.0797141 
0.0537267 0.144983 0.0912394 
0.000422912 0.158796 0.0585487 
0.0137021 0.118236 0.0677259 
0.0477671 0.0986011 0.0614015 
0.0538011 0.144948 0.0772036 
0.0194463 0.0634504 0.0848864 
0.024307 0.0550403 0.0877581 
0.0587933 0.156836 0.0768505 
0.0474069 0.143809 0.0789828 
0.0222128 0.145471 0.0739826 
0.0467964 0.147757 0.0915917 
0.0551919 0.148587 0.0903283 
0.0520741 0.145679 0.0798486 
0.0576413 0.145661 0.0725226 
0.0486481 0.0679065 0.0656536 
0.0028267 0.145909 0.0604432 
-0.00481561 0.149325 0.0544075 
0.01853 0.148618 0.0705867 
0.050571 0.152309 0.0888777 
0.0260417 0.164896 0.0825536 
0.0451532 0.0936157 0.0464582 
0.058523 0.148389 0.082641 
0.00830182 0.0955882 -0.0527103 
0.0591348 0.146773 0.0757699 
0.0054289 0.148605 0.0617903 
-0.0064064 0.147263 0.053366 
0.0407981 0.110883 0.0660519 
0.019759 0.066759 0.0767033 
-0.0145577 0.148833 0.0484799 
-0.0132617 0.148338 0.0483071 
0.0351696 0.156398 0.0491062 
0.0153219 0.152161 0.0683251 
0.0551879 0.0502149 0.0435934 
0.00858321 0.133844 0.057792 
-0.00672318 0.153846 0.0532729 
0.0188057 0.152199 0.0689574 
0.0445011 0.152382 0.0874695 
0.0135278 0.121771 0.0660949 
0.0625548 0.152589 0.0802732 
0.0595194 0.0501454 0.0422023 
0.0652454 0.151742 0.0775346 
0.0485772 0.095723 0.0589041 
0.0336762 0.12088 0.0630085 
0.0569601 0.145666 0.0735008 
0.019949 0.161674 0.0762597 
0.016253 0.129533 0.0609683 
0.065074 0.151748 0.0756073 
0.0100659 0.124171 0.0635169 
0.0617062 0.15436 0.0762703 
0.0364919 0.154337 0.0809366 
0.0403999 0.174087 0.0912931 
0.0085968 0.15418 0.0646084 
0.00306669 0.0701772 0.0711348 
0.0173153 0.0555642 0.0850687 
0.0355591 0.155657 0.0497815 
0.0150057 0.156792 0.0571799 
0.0591255 0.156845 0.0754753 
0.0136903 0.158429 0.0563543 
0.0138492 0.186437 0.0317583 
0.0510146 0.0769578 0.029663 
0.059917 0.158631 0.0872482 
0.0288286 0.157149 0.0531508 
-0.0131848 0.158783 0.0514462 
0.00963995 0.158583 0.0577362 
0.0231782 0.160119 0.0458514 
0.0400874 0.084688 0.0789789 
0.0194245 0.121387 0.0677026 
0.026665 0.160765 0.0777457 
0.0482876 0.061441 0.0492748 
0.0643481 0.160526 0.089886 
0.0507007 0.148027 0.0922321 
0.0197479 0.160548 0.0495344 
0.0357294 0.160974 0.0801673 
0.023717 0.161142 0.0341769 
0.0178527 0.155659 0.0588502 
0.0543909 0.0563464 0.047107 
0.0195342 0.099116 0.0777057 
-0.0106447 0.163851 0.0536044 
0.057091 0.146574 0.0779016 
0.023889 0.162798 0.0792314 
0.0277369 0.161818 0.0789968 
0.0357709 0.163478 0.0812551 
