-0.0415753 0.195937 0.0147106 
-0.027304 0.193482 -0.0126761 
-0.027773 0.192709 -0.00981998 
-0.0291167 0.191714 -0.00534271 
-0.0413421 0.193507 0.0179181 
-0.0419753 0.192748 0.0218048 
-0.0422008 0.187851 0.0257274 
-0.0413576 0.188825 0.0194546 
-0.0259143 0.18654 0.0260428 
-0.0294813 0.188265 -0.00458439 
-0.0305842 0.187904 7.61627e-05 
-0.0322434 0.187211 0.00479803 
-0.0379782 0.186242 0.017493 
-0.0309637 0.184938 -0.00325176 
-0.0326408 0.183308 0.00491558 
-0.0370732 0.1831 0.0180379 
-0.026711 0.183469 0.0237272 
-0.0265006 0.182088 0.03213 
-0.0573429 0.181385 0.0670945 
-0.0571931 0.181819 0.068816 
-0.056778 0.181569 0.0706513 
-0.0589938 0.181388 0.0727815 
-0.0443879 0.180186 0.0429363 
-0.0593343 0.180367 0.0733508 
-0.0553154 0.180214 0.0790215 
-0.051852 0.179322 0.0537718 
-0.0275307 0.179597 0.0336911 
-0.0377262 0.177493 0.0217434 
-0.0173348 0.175917 0.00693143 
-0.0173456 0.175918 0.00849139 
-0.0368489 0.178766 0.0140942 
-0.0376129 0.17827 0.0186781 
-0.0225181 0.1761 0.0196375 
-0.0233703 0.175934 0.0231059 
-0.0276953 0.178192 0.0274507 
-0.0309537 0.176573 0.0368286 
-0.0372194 0.176991 0.0451876 
-0.0404899 0.177308 0.0497234 
-0.0399221 0.176356 0.0537468 
-0.0418423 0.177248 0.0540145 
-0.0543392 0.177198 0.0668171 
-0.0529545 0.177936 0.0811194 
-0.0275463 0.175186 0.0283701 
-0.0548637 0.175244 0.0626024 
-0.0531396 0.174967 0.0721614 
-0.0539545 0.175056 0.0745548 
-0.0508535 0.174941 0.0821457 
-0.0507415 0.174759 0.0774446 
-0.0175752 0.17398 0.00651352 
-0.0520783 0.174371 0.0662107 
-0.0501197 0.173801 0.0711175 
-0.0499134 0.173572 0.0811847 
-0.0223745 0.17335 0.0189365 
-0.0261879 0.172913 0.0280186 
-0.0287343 0.172425 0.0321011 
-0.0295835 0.17238 0.0361204 
-0.0310965 0.173681 0.0376363 
-0.033248 0.173233 0.0415335 
-0.0355719 0.173405 0.0459311 
-0.0377156 0.173512 0.050176 
-0.0400447 0.174393 0.053724 
-0.0417073 0.172544 0.0546105 
-0.043094 0.171418 0.0570587 
-0.0511683 0.172941 0.0582654 
-0.0288993 0.170645 0.0329835 
-0.0405004 0.170654 0.0520199 
-0.0489699 0.17065 0.0589258 
-0.042058 0.170467 0.0560055 
-0.0427184 0.170152 0.0571811 
-0.0357764 0.168294 0.00685434 
-0.0303738 0.169273 0.0371312 
-0.047334 0.169707 0.0780184 
-0.0391496 0.168564 0.0553597 
-0.0397773 0.168701 0.0603042 
-0.0208838 0.168636 0.0147158 
-0.022319 0.16834 0.0189179 
-0.0245313 0.168368 0.0235421 
-0.025758 0.168373 0.0280623 
-0.0279524 0.168027 0.0326887 
-0.0295793 0.166866 0.0377054 
-0.0307655 0.166843 0.0422647 
-0.0325983 0.166876 0.0468448 
-0.034468 0.166478 0.0515761 
-0.037808 0.166532 0.0613357 
-0.0394956 0.167095 0.0657316 
-0.0424871 0.168678 0.0701533 
-0.0504546 0.166793 0.0768573 
-0.047952 0.165125 -0.00212893 
-0.0390998 0.165375 0.06456 
-0.0479316 0.164734 -0.0034387 
-0.0503324 0.165019 0.076421 
-0.0357845 0.183157 0.0143226 
-0.0345063 0.164667 0.051706 
-0.0360252 0.164612 0.0563358 
-0.0376303 0.164805 0.0608476 
-0.0435047 0.164285 0.0695383 
-0.00245945 0.162034 -0.0233877 
-0.00744657 0.161907 -0.0211913 
-0.00716885 0.161881 -0.0195314 
-0.0171472 0.163515 0.00994861 
-0.0217609 0.163413 0.0190519 
-0.0235304 0.163456 0.0236692 
-0.025726 0.163383 0.0282781 
-0.0291797 0.161556 0.0340782 
-0.0275436 0.163691 0.0328452 
-0.0295908 0.163459 0.0375098 
-0.0312607 0.164147 0.0414376 
-0.0321349 0.162594 0.0426903 
-0.0350858 0.162434 0.051147 
-0.0368951 0.162364 0.0560365 
-0.0656092 0.16137 0.0656855 
-0.0407011 0.163622 0.0653313 
0.00294951 0.162333 -0.0303839 
0.00254145 0.161212 -0.0277923 
-0.00160561 0.162173 -0.0257492 
-0.0168979 0.1608 0.00663459 
-0.0434948 0.171438 0.0716622 
-0.0383404 0.160816 0.0587466 
-0.0481802 0.160784 0.0728604 
-0.00710508 0.1604 -0.0209782 
-0.0655601 0.160202 0.0633263 
-0.0643491 0.159945 0.0912427 
0.00939571 0.159924 -0.0369381 
-0.0475008 0.159495 -0.000898979 
-0.017814 0.16023 0.0102282 
-0.0654289 0.159821 0.0640971 
-0.0289102 0.159977 0.03309 
-0.0313543 0.159285 0.0391504 
-0.0661108 0.159159 0.0560631 
-0.0617706 0.158953 0.0477156 
-0.0640884 0.158707 0.0520071 
0.0086901 0.158843 -0.0336214 
-0.0335383 0.162704 0.0466384 
0.00282179 0.158691 -0.0265474 
0.0181527 0.156771 -0.0446813 
0.0107246 0.156691 -0.0333318 
0.00897134 0.156656 -0.0279333 
0.00802467 0.156601 -0.0242885 
-0.00691763 0.15878 -0.0183295 
-0.002583 0.103724 0.0047653 
-0.00730574 0.103664 0.0149357 
-0.0151171 0.102202 0.021373 
0.0414194 0.0544058 -0.0507181 
0.0376697 0.127862 -0.052105 
0.0217237 0.103019 -0.0242395 
-0.00597288 0.0790562 0.014386 
0.0517056 0.10347 -0.0561092 
0.053385 0.100939 -0.0369351 
0.0250827 0.100239 -0.0320092 
0.0454878 0.100958 -0.0137438 
0.0446672 0.102776 -0.00632489 
-0.0323741 0.147688 0.0088867 
0.0209434 0.152316 -0.0455058 
-0.0173079 0.0971271 0.0252897 
-0.0479772 0.163828 -0.00616434 
0.0278701 0.138998 -0.0441435 
-0.0310228 0.098481 0.0474641 
-0.0313785 0.0988565 0.0525365 
-0.0295064 0.0964573 0.0536332 
0.0325441 0.0748903 -0.0145747 
-0.0297793 0.0965105 0.0570471 
0.0452505 0.066482 -0.0507671 
-0.0536435 0.152043 0.0864893 
-0.0411674 0.0986592 0.065515 
-0.00916162 0.0685688 0.0162666 
-0.0352005 0.0954624 0.0339909 
-0.0131889 0.102679 0.0201659 
-0.0341632 0.108523 0.0412022 
-0.0104179 0.0954004 0.0202867 
-0.0227195 0.168033 0.0130748 
0.0594667 0.09951 -0.0431545 
-0.00126461 0.0589571 0.0418301 
-0.028996 0.0951779 0.0471896 
-0.00733054 0.100239 0.0156987 
0.0590284 0.0763716 -0.0240259 
0.0527826 0.098573 -0.0559985 
0.0398263 0.123563 -0.050538 
0.0411603 0.123543 -0.0546973 
0.060676 0.0972422 -0.042327 
0.0561026 0.0970469 -0.0349053 
-0.0617515 0.155209 0.0881571 
0.0466626 0.0988076 -0.00527866 
0.053578 0.0680111 -0.0462948 
-0.0625917 0.140633 0.0444094 
-0.0446215 0.11865 0.0585146 
-0.00871287 0.0654227 0.0498054 
0.0455094 0.0949085 -0.0155504 
-0.0275472 0.143096 0.0220847 
-0.0122944 0.0940462 0.0231717 
0.0628203 0.0684906 -0.0312151 
-0.0169265 0.0915526 0.0297759 
0.0536037 0.0636565 -0.0188799 
0.0450862 0.0630634 -0.0513664 
-0.035763 0.0939589 0.0625881 
-0.0123468 0.0783603 0.0587387 
-0.0365231 0.098496 0.0613682 
0.0634561 0.0785988 -0.0309942 
-0.0184599 0.0907865 0.0325892 
0.0209699 0.0933662 -0.0252363 
-0.0201467 0.0901533 0.0508019 
0.0572023 0.0824156 -0.0510301 
-0.0284555 0.089915 0.0611659 
0.0588369 0.0930461 -0.0515436 
-0.0180056 0.0603373 0.0761064 
0.0524674 0.0571431 -0.0239774 
0.0471601 0.0933989 -0.0139227 
-0.0351687 0.13762 0.039252 
-0.000189452 0.0690127 0.0208079 
-0.0389166 0.0972839 0.0640261 
0.0401604 0.106901 -0.0122892 
-0.0432002 0.0887948 0.0701273 
0.0562164 0.0949872 -0.0333886 
-0.00470954 0.0881661 0.00815107 
0.0466162 0.0582441 -0.0430332 
-0.0257207 0.0920975 0.0445178 
-0.0162126 0.0886073 0.0315339 
-0.018205 0.0876511 0.0358954 
-0.0133204 0.0852763 -0.00669957 
-0.00445988 0.08859 0.0100782 
-0.00508124 0.0882798 0.014332 
0.00217965 0.0594829 0.0240302 
0.0480877 0.0887056 -0.00471717 
-0.00927642 0.123041 0.0112576 
-0.0167911 0.0867642 0.0474886 
0.0467322 0.113659 -0.0567681 
0.00391925 0.156406 -0.0204485 
0.0271496 0.14207 -0.037088 
-0.019903 0.08711 0.054688 
0.0572289 0.0990365 -0.0379874 
0.0622314 0.0865216 -0.0327954 
0.0427129 0.0633639 -0.0122913 
0.0468253 0.0894463 -0.0134151 
-0.0182235 0.0875744 0.0517075 
-0.00610526 0.0848601 0.0274555 
0.00415019 0.147996 -0.00914615 
-0.00523084 0.0851927 0.0245214 
-0.0171684 0.0852142 0.0408253 
0.0586465 0.0886032 -0.0513669 
0.0479616 0.0881533 -0.011056 
0.0464105 0.0890944 -0.00144277 
0.0001316 0.0641552 0.02115 
-0.0491488 0.0841461 0.0728384 
-0.0488992 0.0931284 0.0717008 
0.0626687 0.0884263 -0.0459669 
-0.0225005 0.0922195 0.0509656 
0.0644682 0.08667 -0.0394017 
0.0553091 0.102405 -0.0399073 
-0.0220964 0.0890421 0.0562391 
0.0550061 0.103181 -0.0534216 
-0.0432716 0.120359 0.0560028 
-0.0347822 0.082037 0.0642439 
-0.0190534 0.0930918 0.0303753 
0.059098 0.0722166 -0.0448889 
-0.0410515 0.124733 0.0516342 
0.0388339 0.119501 -0.0601503 
-0.0421284 0.195919 0.0205034 
-0.0284826 0.138287 0.0272183 
-0.0163031 0.08378 0.036795 
-0.0200429 0.0835055 0.0553394 
-0.00372263 0.0984291 0.00939383 
-0.0220863 0.0839747 0.0571187 
0.0609074 0.085074 -0.0297376 
-0.00530953 0.0833499 0.0142403 
-0.00542599 0.0833431 0.0195038 
-0.0503128 0.151013 0.0812245 
-0.00406872 0.0828758 0.025 
0.0465777 0.0979116 -0.0140202 
0.0619131 0.0931189 -0.0457398 
-0.0064768 0.116447 -0.0179987 
-0.029047 0.178295 0.0360049 
-0.0139019 0.0830806 0.0430585 
-0.0358296 0.158763 0.0506495 
-0.019993 0.15862 0.0147935 
-0.0344523 0.0806068 0.0641991 
-0.00607235 0.0697607 0.0402185 
-0.0250342 0.0804203 0.0597487 
0.0569312 0.079017 -0.0500536 
-0.0205884 0.0796613 0.0601586 
-0.00537273 0.138091 0.00321534 
-0.028477 0.173767 0.0329584 
-0.0199392 0.15348 0.0143446 
0.0597689 0.0834915 -0.0492565 
0.0440897 0.0825561 -0.0122271 
0.0464501 0.0836933 -0.00999141 
-0.00965764 0.0686164 0.012989 
-0.023757 0.173309 0.0235619 
-0.0451461 0.0833629 0.0719453 
0.0467005 0.0970551 -0.0023603 
-0.0388063 0.103982 0.0284198 
-0.0381066 0.17673 0.0134852 
0.0585056 0.0929113 -0.0333993 
0.011789 0.133403 -0.0168816 
-0.0102586 0.0741868 0.0492665 
-0.0323511 0.0793151 0.0638721 
0.0327506 0.068387 -0.0100816 
-0.00757233 0.0709105 0.0173029 
-0.00672141 0.0932084 0.01882 
0.0480011 0.093569 -0.00463526 
-0.0485528 0.0787523 0.0726917 
-0.0370626 0.178483 0.0404116 
-0.0296614 0.177795 0.0318479 
-0.0320505 0.0957896 0.0397984 
0.0648832 0.0831372 -0.0396063 
0.044031 0.138861 -0.0553575 
0.0645724 0.083425 -0.0360148 
-0.0630963 0.141658 0.0515843 
0.0464263 0.0857862 -0.00231511 
-0.0159912 0.0687238 0.0782041 
0.06082 0.0819668 -0.0282428 
-0.0490527 0.0757753 0.0725049 
-0.0162698 0.0790303 0.0521096 
-0.00576957 0.0983023 0.0139805 
-0.0307713 0.143578 0.0122454 
0.0590305 0.0802922 -0.0252143 
-0.0166097 0.163119 0.0063656 
-0.00207863 0.108713 0.00457447 
0.0622792 0.0934241 -0.0419724 
-0.0341744 0.157755 0.00525623 
-0.034049 0.183151 0.00964729 
-0.00523031 0.0784532 0.0187835 
-0.0303632 0.0836557 0.062729 
-0.00525226 0.0739088 0.0180565 
0.021004 0.143681 -0.0243958 
-0.00225113 0.0787073 0.0254951 
-0.0427811 0.180181 0.0393332 
-0.0288854 0.0944608 0.0428794 
-0.0208427 0.149439 0.0147363 
-0.0135889 0.0773788 0.0638299 
-0.0117797 0.0757109 0.0300079 
0.0547904 0.0597531 -0.0236154 
-0.0173149 0.094846 0.0268731 
-0.0130909 0.0760384 0.0641908 
-0.00272996 0.0780931 0.0219911 
0.0290624 0.0615946 0.00301914 
0.0296834 0.110248 -0.0402064 
-0.0383085 0.178708 0.0451506 
-0.0418217 0.151032 0.0626251 
-0.0100123 0.0975904 -0.0104306 
0.0488766 0.0933644 -0.00830401 
-0.011502 0.0768605 0.0600276 
0.0528968 0.104918 -0.0404582 
0.0637563 0.0885093 -0.0418766 
-0.00447981 0.133743 0.00423987 
0.02952 0.0764324 -0.0159865 
-0.0330569 0.103592 0.0521386 
0.0299635 0.0764781 -0.0155453 
0.0256279 0.108234 -0.0283211 
-0.0388248 0.162622 0.0607911 
0.0402754 0.0591627 -0.0125157 
-0.0522453 0.152665 0.082661 
0.0516412 0.0770905 -0.0198302 
-0.00391886 0.0934104 0.00930673 
-0.0310027 0.148411 0.0423218 
-0.00869125 0.0993036 -0.0097049 
-0.0332249 0.128514 0.041412 
0.0231792 0.113005 -0.0247952 
-0.0410848 0.0941978 0.0670582 
0.0424441 0.0779212 -0.0104882 
-0.00542487 0.083532 0.00964501 
0.0427513 0.0762416 -0.00865861 
0.045041 0.0633977 -0.0133118 
0.00749159 0.128719 -0.0180694 
0.0201597 0.089598 -0.0240567 
-0.0217314 0.153253 0.0192053 
-0.000696079 0.0751952 0.0252314 
-0.0378588 0.103634 0.0347082 
0.0498643 0.142509 -0.059741 
0.00333267 0.0634906 0.0237137 
-0.0329337 0.138414 0.0101702 
0.051064 0.0734585 -0.0503432 
0.0592574 0.0785497 -0.0479512 
-0.00460699 0.0636357 0.0456482 
-0.00277325 0.0666395 0.0360755 
0.0606519 0.0935776 -0.0487484 
0.0445423 0.0989744 -0.0159223 
0.0474244 0.0983618 -0.0102469 
-0.00143587 0.123025 -0.0195508 
-0.00845332 0.0635316 0.060202 
-0.0158911 0.0553198 0.0687754 
-0.00736773 0.0688985 0.0496262 
-0.0151944 0.0593337 0.0731277 
-0.0108116 0.0660413 0.0561092 
0.035175 0.0643979 -0.00877814 
0.0417688 0.0750787 -0.00257514 
0.020728 0.113853 -0.0231114 
-0.0302485 0.092289 0.0616123 
0.0449775 0.0608663 -0.0134047 
-0.00769553 0.0734776 0.0131379 
-0.0573799 0.154589 0.080045 
0.00464173 0.0643889 0.0266098 
-0.0108152 0.074178 0.0572782 
-0.00218192 0.128278 0.00367901 
-0.0495065 0.0986362 0.0704896 
-0.0222063 0.157082 0.0124679 
-0.0273279 0.143863 0.0333649 
-0.0136747 0.0786057 0.0491793 
-0.0174219 0.0557492 0.0716432 
-0.0201779 0.0900139 0.035639 
0.0221596 0.151893 -0.0482412 
0.0565895 0.0597106 -0.0279846 
0.0488925 0.0632906 -0.0152705 
-0.00668362 0.092007 0.0223521 
0.0445111 0.0834872 -0.000837378 
-0.00386253 0.121653 0.00704426 
0.0382588 0.0624876 -0.0107395 
0.0325309 0.0636099 0.000412265 
-0.0120857 0.0634962 0.0697424 
0.0534366 0.137859 -0.0662091 
0.0446696 0.0796146 -0.00936924 
-0.0445923 0.121912 0.0564647 
0.000739901 0.0727923 0.0310775 
0.0274823 0.138154 -0.0481928 
0.0531491 0.0727816 -0.0487607 
0.0625084 0.0833261 -0.0314835 
0.024192 0.100048 -0.0292503 
-0.0355206 0.0953255 0.0312346 
-0.0373216 0.102854 0.0601091 
-0.0119313 0.0551153 0.0624936 
-0.048693 0.169005 0.00240169 
-0.00569329 0.1035 0.0129183 
0.0180294 0.0609613 0.0188845 
0.0573018 0.100863 -0.0514859 
-0.00503195 0.0827259 0.0279386 
0.000835285 0.15024 -0.00852789 
0.0522916 0.063822 -0.0441163 
-0.0298019 0.141934 0.0311578 
0.0352369 0.0635234 -0.00419192 
-0.0116666 0.116858 0.0147652 
-0.0250999 0.153319 0.0283188 
-0.00308029 0.0998709 0.00367096 
-0.00375785 0.0673391 0.0413252 
0.00274443 0.068121 0.0234908 
-0.00311416 0.0989541 0.00559483 
0.0612667 0.0684041 -0.0266571 
0.0464416 0.127994 -0.0631326 
0.0625551 0.0734938 -0.0416956 
0.0511973 0.0621134 -0.017325 
0.0532437 0.139624 -0.0693602 
0.0178367 0.059212 0.0199482 
-0.0282324 0.055657 0.0488095 
-0.0278434 0.143681 0.018179 
0.0356266 0.0601567 -0.0054958 
-0.0341714 0.186723 0.00936847 
0.0436353 0.135864 -0.0566901 
-0.0407416 0.186958 0.022998 
-0.00181344 0.0636772 0.041572 
0.0431788 0.0549412 -0.0171101 
-0.0371405 0.160662 0.0556683 
-0.0138799 0.0818212 0.0393499 
0.0434309 0.0570493 -0.0446573 
-0.0271439 0.17948 0.024288 
0.0378384 0.107591 -0.016525 
-0.0130739 0.0684033 0.0694942 
-0.0355725 0.179889 0.00953293 
-0.00651352 0.0596243 0.0605518 
-0.0197656 0.0800199 0.0554104 
-0.0328032 0.108668 0.0472077 
-0.00727949 0.128298 0.00788188 
0.0546578 0.0583982 -0.0339943 
-0.0494226 0.151013 0.0787616 
0.046636 0.0830164 -0.005298 
-0.0129695 0.0979815 0.0218579 
-0.0449053 0.140419 0.0783569 
0.0399258 0.072842 -0.00196543 
-0.0163867 0.0655153 0.0538782 
-0.0139553 0.0764562 0.0689674 
0.0609935 0.0692992 -0.0408989 
0.0258057 0.14249 -0.047988 
0.0643362 0.0751558 -0.0389435 
-0.0386546 0.100121 0.0289627 
-0.0421454 0.169255 0.0646527 
0.00739553 0.142862 -0.00943968 
-0.0145226 0.0733099 0.0744054 
0.0233624 0.133637 -0.0253459 
-0.041992 0.148313 0.0647973 
-0.0373373 0.113104 0.0240078 
0.0150118 0.157941 -0.0413826 
-0.028699 0.139076 0.0187107 
0.0256538 0.0632032 0.00888183 
-0.00921215 0.067739 0.0512586 
-0.017209 0.083354 0.0523211 
-0.000472958 0.0552217 0.0404058 
-0.0376776 0.123096 0.0502441 
0.0518562 0.0559683 -0.0328235 
-0.0261468 0.0935764 0.0353253 
-0.0107797 0.0682743 0.00944989 
0.00223836 0.0587835 0.0379916 
-0.00381171 0.0818951 0.0222548 
-0.0119499 0.0775848 0.0331768 
0.0226337 0.0632758 0.0165709 
-0.0510816 0.148051 0.0878131 
0.0464841 0.151533 -0.0587257 
-0.0135449 0.0794375 0.0332525 
-0.0478383 0.152821 0.0723254 
0.0591791 0.0733243 -0.0237169 
0.0502121 0.058114 -0.0195657 
0.0602063 0.0650457 -0.0265901 
-0.00390344 0.0951249 0.00638016 
-0.0168349 0.0582943 0.0739946 
-0.0220726 0.0894168 0.0399712 
0.0425976 0.102854 -0.0154561 
0.0621909 0.0788403 -0.0454287 
-0.00673331 0.0784739 0.0101964 
-0.012514 0.0735315 0.0645396 
-0.0103168 0.0742119 0.0547499 
-0.0274558 0.0574075 0.049165 
-0.00942687 0.0956073 -0.00841577 
-0.0124211 0.0775048 0.0543459 
0.0650274 0.0785325 -0.0357041 
0.0388734 0.0588005 -0.0030129 
-0.0404006 0.0835993 0.0686753 
0.0215544 0.0660555 0.014175 
-0.0273575 0.146566 0.027865 
-0.0552058 0.178115 0.0761241 
0.046142 0.138146 -0.0579671 
0.0024305 0.0541696 0.031362 
0.0364245 0.0705134 -0.011638 
-0.0337908 0.0988105 0.0409142 
-0.0463469 0.148377 0.0738807 
0.0216497 0.09858 -0.0251982 
-0.0102746 0.126314 0.010584 
0.051579 0.0648245 -0.0165638 
-0.0131953 0.0890458 0.0276501 
0.0537755 0.0570818 -0.0292412 
0.057096 0.0735243 -0.021778 
-0.0481036 0.166548 -0.00509818 
0.0473284 0.115015 -0.0540742 
-0.031836 0.144654 0.0474648 
0.00174005 0.142978 -0.00455163 
0.0413524 0.055418 -0.00169153 
-0.0329861 0.113477 0.0415568 
0.0232401 0.148607 -0.0483383 
-0.0464304 0.170667 0.0670542 
0.0636283 0.0871567 -0.0363091 
-0.00357412 0.117132 -0.013623 
0.000442854 0.0593184 0.0226953 
0.0627976 0.0834692 -0.0458289 
-0.0387115 0.144176 0.0618901 
0.0597131 0.06435 -0.0366093 
-0.0115588 0.0788338 0.0300578 
-0.0108608 0.0651726 0.0134797 
0.0277767 0.108126 -0.032578 
-0.0132977 0.0561257 0.064521 
-0.0366305 0.114943 0.0260012 
0.0427913 0.120177 -0.0558151 
-0.0326974 0.169515 0.0418323 
-0.0147928 0.0730331 0.0784254 
-0.00539578 0.0933708 0.0141204 
0.00286888 0.128481 -0.00428984 
0.0441836 0.0581689 -0.0483363 
-0.0478505 0.100097 0.0694105 
-0.0120708 0.0816743 0.030385 
0.00204841 0.0625519 0.0370954 
-0.0311961 0.156875 0.0412714 
-0.0437179 0.09375 0.0692969 
-0.0108448 0.07351 0.0597649 
0.0418084 0.121434 -0.0507087 
0.0321037 0.118237 -0.0157988 
-0.0385717 0.1752 0.0184896 
-0.00769691 0.0721315 0.0164092 
0.0483564 0.0634095 -0.0470344 
0.0465251 0.054335 -0.0202427 
0.0612185 0.09631 -0.045184 
0.0460436 0.062823 -0.0493935 
0.0512696 0.0738481 -0.0180071 
0.024292 0.0592043 0.0137119 
-0.0445011 0.143621 0.0745798 
-0.0355794 0.0889566 0.0641492 
-0.0438629 0.111752 0.0621617 
-0.000868756 0.0645986 0.0371649 
0.0365442 0.0614625 -0.00247582 
0.00134405 0.0729589 0.0270667 
0.0505807 0.0547148 -0.0253052 
0.0246355 0.145091 -0.0479607 
-0.00961499 0.0553251 0.0605112 
-0.0238884 0.0928689 0.0549627 
0.0476555 0.0547598 -0.037524 
-0.0361253 0.100714 0.038126 
-0.015194 0.0974055 0.0240815 
-0.0328381 0.113451 0.0447637 
0.0612109 0.0932643 -0.037255 
0.00106451 0.122788 -0.00986653 
-0.0328318 0.0952591 0.0372359 
0.0365207 0.129449 -0.0519473 
0.0036868 0.0551104 0.0335005 
-0.00723969 0.0707771 0.0442279 
0.00391075 0.063198 0.0329177 
-0.0375723 0.0837316 0.0664568 
-0.0270655 0.0934725 0.0385834 
0.015611 0.0651274 0.00961844 
0.0408524 0.0554436 -0.00328038 
0.0594703 0.0982678 -0.0482781 
-0.0303472 0.132629 0.0196603 
0.0562104 0.0986505 -0.0535514 
-0.0253783 0.0836416 0.0597933 
0.0376892 0.0684994 -0.00308665 
0.0495306 0.0550155 -0.0352298 
-0.00404797 0.0599695 0.0445527 
0.0540443 0.0730461 -0.0192872 
0.00482669 0.0588329 0.0334021 
-0.00503633 0.0843433 0.0106885 
0.0445016 0.0785512 -0.00590081 
-0.0486577 0.0871528 0.072548 
-0.0144494 0.0834651 0.047755 
-0.0724265 0.139618 0.0743105 
-0.0280436 0.153263 0.032931 
-0.0375363 0.0800508 0.0665989 
-0.0405265 0.0883757 0.0683478 
0.0235689 0.0633578 0.0134785 
0.0577388 0.0684711 -0.0434636 
-0.00917327 0.0987545 0.0182602 
-0.00369642 0.103562 0.00925561 
-0.0122982 0.0767507 0.0619988 
-0.0385103 0.1528 0.0553807 
0.037797 0.0725963 0.000402 
0.0529975 0.0601411 -0.020258 
0.0447739 0.0574317 -0.0157148 
-0.0112447 0.0690025 0.0548342 
-0.00211691 0.146465 -0.00296573 
0.026048 0.0590809 0.00896677 
0.0407609 0.0731973 -0.00732157 
-0.0326325 0.0777458 0.0670613 
-0.0566134 0.180612 0.0680328 
0.00249931 0.0550371 0.0373956 
0.0385661 0.122426 -0.0604651 
0.0339573 0.114241 -0.0156299 
-0.0499268 0.15199 0.078477 
0.0561987 0.104221 -0.0501258 
0.0309953 0.0592128 0.00134324 
0.00169234 0.154562 -0.0149382 
-0.010155 0.103387 0.0176256 
0.0458885 0.0664399 -0.04993 
0.0576006 0.0686913 -0.0218372 
-0.00170976 0.109204 0.00108724 
0.0579116 0.0603544 -0.0321475 
0.0539495 0.0683751 -0.0183087 
-0.00810602 0.0716706 0.0503657 
0.0174202 0.0572338 0.019891 
-0.00782547 0.11152 -0.0153 
0.00308976 0.151661 -0.0109771 
0.0231818 0.0979399 -0.0283403 
-0.0110854 0.0635273 0.0650821 
0.0438689 0.118296 -0.0488056 
0.0353135 0.110016 -0.0172878 
0.0557952 0.0824585 -0.0243276 
-0.0194071 0.168846 0.0106858 
0.0212586 0.108567 -0.0233384 
-0.0140675 0.0551498 0.0646506 
0.0212066 0.0643177 0.00379302 
0.0473584 0.0592238 -0.015983 
-0.0402258 0.143986 0.0654437 
-0.0144332 0.0930364 0.0261444 
0.000338271 0.0576305 0.0403689 
0.00851559 0.151358 -0.0145984 
0.00490653 0.0632543 0.0286931 
0.0583802 0.0742289 -0.0466316 
0.0425883 0.0751552 -0.00519897 
0.0436275 0.0589476 -0.0520501 
0.0249792 0.138586 -0.0282634 
-0.0136433 0.0857962 -0.00730268 
-0.0341545 0.117602 0.029478 
0.0472582 0.0965314 -0.00441909 
-0.0255109 0.0886725 0.0595297 
-0.0535529 0.14966 0.0887476 
0.0583638 0.096966 -0.0516108 
-0.0273212 0.182303 0.0271943 
-0.040556 0.171795 0.0520252 
0.00389185 0.0558576 0.0302578 
0.0224277 0.148514 -0.0450367 
-0.0354737 0.16775 0.00778993 
0.0204404 0.0586891 0.0178838 
-0.0340955 0.158256 0.0463778 
0.0560074 0.0651002 -0.0421174 
-0.015224 0.099223 0.0233078 
-0.0358322 0.176863 0.0415512 
-0.0181674 0.0643793 0.0772931 
0.036288 0.0662602 -0.00423625 
0.0591693 0.0655802 -0.0240596 
-0.0148575 0.0634318 0.0739998 
0.0618783 0.068019 -0.0375252 
-0.0123387 0.0888905 -0.00800629 
0.0635061 0.0719162 -0.0383191 
0.0481543 0.0857865 -0.00723531 
-0.0110522 0.066995 0.0103554 
-0.0335828 0.116047 0.0474662 
-0.0227574 0.153389 0.0237524 
0.0183112 0.064854 0.00612408 
-0.00869504 0.0632197 0.057031 
-0.04078 0.0802861 0.0687321 
0.0357539 0.0690521 -2.95352e-05 
-0.0134769 0.0732729 0.0693687 
-0.0193028 0.163454 0.0145015 
0.0550392 0.105825 -0.044675 
-0.0314925 0.133846 0.0163742 
0.0593115 0.0686054 -0.0238993 
-0.0336198 0.143525 0.00628916 
0.0511357 0.0589922 -0.0401406 
0.0420679 0.0547677 -0.0483827 
-0.0381734 0.0887482 0.0663103 
-0.0339979 0.124905 0.0173936 
0.0488252 0.0889652 -0.00819191 
0.0620378 0.0665893 -0.0335354 
0.0538863 0.076087 -0.0202888 
-0.00412111 0.124467 0.00622054 
0.0417985 0.0683479 -0.0123966 
-0.00809642 0.0737086 0.00974802 
-0.0517722 0.179065 0.0546262 
0.00129366 0.071583 0.023714 
0.0578564 0.0877621 -0.0286973 
-0.0113936 0.0802915 0.0422883 
-0.0414355 0.189408 0.022677 
-0.0180581 0.173287 0.00980842 
0.0470121 0.060236 -0.0453442 
0.0577851 0.102365 -0.0479865 
0.0595245 0.097095 -0.0385819 
0.0499905 0.0669782 -0.0482114 
-0.00245014 0.108316 -0.00146317 
0.0589702 0.0835271 -0.0271059 
-0.0260704 0.0925191 0.0585366 
-0.0121534 0.0647972 0.0106267 
0.0151319 0.138906 -0.0176674 
-0.0333598 0.0987556 0.057296 
0.0506006 0.0694216 -0.0491711 
-0.0375848 0.111959 0.0274273 
-0.0597682 0.154813 0.0853564 
-0.0147213 0.0685715 0.0742487 
-0.0244084 0.0916781 0.0394053 
-0.0120649 0.0682489 0.0649256 
0.040016 0.0554948 -0.0146337 
0.000346165 0.054409 0.0393431 
-0.010213 0.0685892 0.0565195 
0.0426806 0.104575 -0.012177 
0.0259682 0.142791 -0.0332275 
0.0571623 0.103079 -0.0439027 
-0.0471269 0.142901 0.0875653 
-0.00446196 0.0692017 0.0360597 
-0.0285958 0.0943052 0.0590037 
-0.0130081 0.0585687 0.0692213 
0.0539833 0.144068 -0.0653942 
-0.0156839 0.0662857 0.0537777 
0.00282694 0.06863 0.0273926 
0.0474422 0.0854734 -0.00468019 
-0.030491 0.0881509 0.0626455 
-0.0144637 0.0774448 0.0675054 
-0.00685637 0.0753141 0.0157009 
0.0214023 0.0660875 0.0157449 
-0.0494714 0.145016 0.0887299 
0.0417167 0.054868 -0.0445392 
0.0344923 0.0671099 0.000180767 
-0.0653008 0.1585 0.0925723 
0.0523167 0.0701675 -0.0483421 
0.00303409 0.161362 -0.0292132 
-0.0116914 0.0789503 0.037994 
-0.0347148 0.0971203 0.0376111 
0.0644705 0.0738164 -0.0357895 
-0.0270883 0.0952775 0.053913 
-0.0327727 0.12302 0.0249062 
0.0380208 0.0719907 -0.00941629 
-0.00132173 0.0735304 0.0215269 
-0.0148164 0.0761146 0.0719429 
-0.0413483 0.113379 0.0594402 
-0.00916567 0.0771148 0.0400263 
0.0221902 0.0947644 -0.0276495 
0.0410968 0.0743713 -0.0108027 
-0.0404507 0.185158 0.0234092 
-0.0513576 0.152097 0.0668103 
-0.000171675 0.0553542 0.0250183 
0.041143 0.057007 -0.00132785 
-0.0284739 0.189517 -0.00874079 
-0.0256052 0.148573 0.0283205 
0.00309939 0.0578508 0.0262129 
0.00528026 0.15863 -0.0296329 
0.0476241 0.0733731 -0.0164184 
0.00523367 0.0591263 0.0290503 
-0.00627136 0.0882851 0.0193999 
-0.0331668 0.144178 0.0518184 
-0.0109394 0.0644876 0.0159709 
0.0446316 0.0726188 -0.0150842 
-0.0329258 0.164981 0.0468082 
-0.00114402 0.159748 -0.0251067 
-0.0113155 0.0933906 -0.00956006 
0.000686541 0.0682516 0.03158 
0.0479198 0.0538169 -0.0231598 
-0.0074764 0.0738289 0.0395477 
-0.0514849 0.172991 0.0617056 
-0.00274557 0.109261 -0.0040003 
-0.0424363 0.103335 0.0647799 
0.0367538 0.0722655 -0.0128092 
0.016671 0.0654612 0.00726773 
0.0606602 0.0783578 -0.0268554 
0.0634242 0.0698447 -0.0350544 
0.0233775 0.118373 -0.0250924 
0.00102545 0.124792 -0.0189715 
-0.00957755 0.0700612 0.00970952 
0.020814 0.118296 -0.0235395 
-0.0377542 0.13522 0.0419818 
0.0643014 0.0833348 -0.0424412 
-0.00926313 0.0726424 0.0533229 
0.0611843 0.0735689 -0.0265309 
-0.0538141 0.149888 0.0900306 
-0.00683355 0.0729848 0.035768 
-0.0450836 0.181338 0.0425117 
-0.0433376 0.107814 0.06351 
0.0560153 0.0935867 -0.0538161 
0.0275739 0.0580913 0.00535714 
-0.0321558 0.118478 0.0365254 
-0.0329569 0.140008 0.00718957 
-0.00273927 0.103157 0.00239165 
0.0648747 0.0788408 -0.0393597 
0.039879 0.104912 -0.0164814 
0.0229504 0.104502 -0.0253516 
-0.0229253 0.0915703 0.0475042 
0.0489364 0.104357 -0.0577185 
-0.0412352 0.196618 0.0171359 
-0.0476213 0.151307 0.0735204 
0.0183175 0.154817 -0.045104 
-0.034073 0.169423 0.0463969 
-0.0449416 0.102896 0.067182 
-0.0392377 0.104197 0.0615399 
-0.0483305 0.167345 -0.000140548 
-0.0324082 0.103419 0.0475173 
-0.0331937 0.103705 0.044724 
0.0605996 0.0882989 -0.0494376 
-0.0345603 0.103387 0.0414306 
0.0419437 0.105412 -0.00792132 
-0.00841444 0.101762 -0.0102877 
-0.047399 0.102996 0.068345 
-0.0361685 0.103555 0.0382203 
-0.00284804 0.104903 -0.000193555 
-0.00784472 0.104373 -0.011336 
-0.0139528 0.0837918 0.0322734 
0.0374299 0.132806 -0.0528232 
-0.0345648 0.180548 0.00622535 
0.0276645 0.105405 -0.0361 
0.0180667 0.152299 -0.0357797 
0.0401049 0.106712 -0.00898883 
0.000391306 0.123318 0.000257711 
0.0378945 0.10906 -0.013869 
0.0510598 0.107528 -0.0420279 
0.0527448 0.108352 -0.045561 
0.00905918 0.161359 -0.0368492 
-0.0117142 0.155143 -0.0112311 
0.0481061 0.0551359 -0.0213045 
0.0538514 0.107856 -0.050033 
0.016764 0.147593 -0.0209215 
0.0535669 0.106635 -0.0531829 
-0.056223 0.178625 0.0651432 
0.051085 0.108119 -0.0552273 
0.0289171 0.108762 -0.0370132 
-0.0114148 0.10795 0.0169875 
-0.0626379 0.158025 0.089352 
-0.00748946 0.108773 0.0137949 
-0.00558523 0.107536 0.0121103 
-0.00716794 0.0590903 0.0573918 
-0.00377017 0.108712 0.00922886 
-0.0112016 0.157879 -0.0138656 
0.0519079 0.10994 -0.0516689 
0.0245997 0.103524 -0.028421 
0.0280005 0.0556968 0.00307125 
0.0476143 0.108797 -0.057639 
-0.0312727 0.126221 0.0240211 
-0.0473359 0.107053 0.0665482 
-0.0401539 0.1086 0.0602893 
0.0604431 0.0887292 -0.031891 
0.0107657 0.13085 -0.0185371 
-0.0375456 0.106451 0.0589308 
0.0190954 0.148601 -0.0251891 
-0.0360478 0.107522 0.0558628 
-0.0341424 0.108694 0.0516623 
-0.0220049 0.0802131 0.0574154 
0.0592796 0.0626875 -0.0272783 
-0.0330087 0.108184 0.0446255 
0.0627774 0.0895002 -0.036621 
-0.000560171 0.119306 -0.00909622 
0.0296526 0.128503 -0.048401 
-0.0361431 0.106146 0.0379567 
0.0479257 0.111133 -0.0437498 
-0.0370051 0.108305 0.0348564 
0.0168649 0.055597 0.0198559 
-0.00903174 0.108176 -0.0147409 
0.0615206 0.0653742 -0.0306815 
-0.0462123 0.109337 0.0646924 
-0.0371572 0.109752 0.0564464 
-0.0054592 0.068473 0.0457413 
-0.0380032 0.10891 0.0302216 
-0.0470177 0.164248 0.0725487 
-0.0425844 0.143859 0.0701291 
-0.0324978 0.148475 0.047028 
-0.0380824 0.108074 0.0279397 
-0.0420159 0.116955 0.0580071 
-0.0414991 0.195168 0.0147013 
0.0131781 0.138045 -0.0159386 
0.0485696 0.110108 -0.0433428 
-0.0484456 0.172685 0.078669 
-0.0136239 0.109663 0.0177643 
0.050084 0.110508 -0.045138 
-0.0162586 0.154395 -0.00886915 
-0.0491372 0.172236 0.0679405 
0.0175072 0.143473 -0.0202503 
0.0355012 0.112172 -0.0136702 
-0.0559798 0.153187 0.076765 
0.0342399 0.112102 -0.0173664 
0.0484715 0.113118 -0.0469192 
0.0132765 0.157928 -0.0379505 
-0.0460815 0.142792 0.0848528 
-0.000336157 0.0653886 0.0324907 
-0.00393378 0.117794 0.00778764 
-0.00108509 0.113673 0.000294984 
-0.00667001 0.0862723 0.0270182 
-0.000761846 0.145381 -0.00393484 
0.0494924 0.111666 -0.0550049 
-0.00947925 0.110191 -0.0165815 
-0.0113955 0.113247 0.0156835 
0.027263 0.0628359 0.00486996 
0.0259294 0.113097 -0.027821 
0.0288689 0.113222 -0.0322745 
0.0303628 0.113223 -0.0370823 
0.0305674 0.113728 -0.0410605 
-0.0139709 0.111293 0.0174248 
-0.0110824 0.0991221 -0.0123165 
-0.00838629 0.113682 0.0131499 
-0.0478748 0.163005 0.0731589 
0.00853838 0.161456 -0.0344066 
0.048281 0.133146 -0.0625219 
-0.00571226 0.114286 0.0107322 
-0.0446413 0.0982825 0.0683999 
-0.0331936 0.113474 0.0471508 
-0.0370996 0.0981535 0.0303339 
-0.0467061 0.144647 0.0840122 
-0.0528799 0.177036 0.078266 
-0.00148234 0.112784 -0.00216116 
-0.049515 0.170652 0.0605606 
-0.00177225 0.113941 -0.00486625 
-0.0490401 0.16611 0.0750492 
-0.00782006 0.113386 -0.0168952 
-0.0460599 0.113246 0.0627564 
-0.0378714 0.113728 0.0556861 
-0.00732816 0.096885 0.017124 
-0.0346424 0.112519 0.0510993 
-0.0469957 0.179957 0.047297 
0.0536572 0.14674 -0.0621736 
-0.0338061 0.114031 0.0365641 
-0.0290622 0.133588 0.0224133 
-0.0355142 0.112278 0.0340687 
-0.0362185 0.113566 0.0302188 
-0.0356619 0.11455 0.051998 
-0.0448868 0.168629 0.074224 
-0.00608143 0.114843 -0.015761 
0.0449821 0.115219 -0.0460913 
0.0437737 0.115661 -0.0585026 
-0.0480301 0.166283 -0.00316908 
-0.00214868 0.158832 -0.0225481 
0.0495203 0.112954 -0.051487 
0.0259714 0.144104 -0.0389426 
0.0485666 0.0935796 -0.011033 
-0.0448265 0.115168 0.0605852 
0.0262535 0.118155 -0.027856 
0.0292717 0.118299 -0.0321532 
0.0311796 0.118309 -0.0368459 
0.031183 0.118274 -0.0419254 
0.0445759 0.11695 -0.0565248 
-0.0361115 0.153291 0.05091 
0.0419647 0.118822 -0.0580814 
-0.0370946 0.11532 0.0207449 
-0.0058211 0.118288 0.00958195 
-0.000233689 0.118156 1.1618e-05 
-0.0312419 0.123385 0.0370404 
0.00014213 0.119047 -0.00375285 
-0.0502377 0.150903 0.0643317 
-0.000608214 0.118021 -0.00617796 
-0.0361228 0.118255 0.0510152 
-0.0337895 0.118497 0.0465972 
0.0241529 0.145341 -0.0459067 
-0.0323178 0.118299 0.0418822 
-0.0339348 0.115802 0.0329722 
-0.051837 0.151018 0.0858545 
-0.00899996 0.118246 0.0123495 
-0.00383619 0.118642 -0.0166857 
-0.0518958 0.145811 0.0905429 
0.0638443 0.0734398 -0.0308756 
-0.0466191 0.116803 0.0609944 
-0.0315551 0.184238 0.000272911 
0.00856598 0.154304 -0.0185753 
-0.0327016 0.158936 0.0418915 
-0.0104879 0.0783777 0.0440114 
-0.0325845 0.118923 0.0320502 
0.0423018 0.0559859 -0.051554 
0.036959 0.0684744 -0.00804726 
-0.0198473 0.0889969 0.046139 
-0.0349336 0.118966 0.0255784 
-0.0326147 0.143255 0.00902212 
0.0412869 0.0554297 -0.0524772 
0.0384342 0.0694236 -0.00648885 
-0.023497 0.0902906 0.043766 
-0.0365148 0.117252 0.0230786 
0.0156882 0.0661001 0.00768814 
0.0301094 0.133334 -0.0423049 
-0.0357726 0.118632 0.0195433 
-0.0266345 0.093962 0.0489685 
0.00350114 0.133312 -0.00405362 
-0.00374512 0.0796993 0.0281377 
-0.0600821 0.157292 0.085257 
0.017671 0.138567 -0.0201248 
0.0306538 0.119591 -0.0452882 
-0.0125305 0.118287 0.0146289 
-0.0125345 0.118645 0.0140235 
0.0463257 0.115953 -0.0486307 
0.0305041 0.120377 -0.0181999 
-0.0351936 0.119947 0.0216076 
-0.0394059 0.130416 0.0459936 
-0.00146789 0.12047 -0.0144901 
0.028656 0.122786 -0.0165069 
0.0302127 0.121472 -0.0160924 
-5.47844e-05 0.133613 9.97896e-05 
0.0209299 0.12286 -0.0237511 
0.0565566 0.0783177 -0.0228 
0.0233062 0.123095 -0.0251864 
-0.0338098 0.1576 0.00795514 
0.0472465 0.143178 -0.0577153 
0.0261792 0.123338 -0.0279525 
0.030209 0.127915 -0.0458621 
0.0293173 0.123355 -0.0321594 
0.0150249 0.0661009 0.00959995 
0.0312031 0.123363 -0.0368491 
0.0498743 0.138149 -0.0618787 
-0.0298473 0.128567 0.0321972 
-0.0334103 0.147936 0.00582922 
0.0304139 0.123257 -0.0459536 
-0.0447282 0.142292 0.0808681 
0.063722 0.078081 -0.0423777 
0.0424039 0.121434 -0.0523527 
-0.0541253 0.178269 0.0710569 
0.0406554 0.123448 -0.0585363 
-0.033994 0.153487 0.0466095 
0.0464085 0.148895 -0.0609794 
0.0312312 0.123286 -0.0420013 
-0.00638432 0.123348 0.00865277 
0.0516411 0.140152 -0.0661344 
-0.00204135 0.123156 0.00438481 
0.00145656 0.123428 -0.00456287 
0.000346285 0.121246 -0.00718484 
-0.0400752 0.121717 0.0535192 
-0.0361052 0.169006 0.0507592 
-0.0347481 0.123318 0.0462274 
-0.032523 0.123387 0.0418204 
-0.0308617 0.123337 0.03172 
0.0401029 0.054784 -0.015162 
0.0418432 0.0575937 -0.053537 
-0.0312399 0.124069 0.0275903 
-0.00725197 0.0648675 0.0484418 
-0.0272878 0.148543 0.0328304 
-0.0222723 0.0922117 0.0345693 
0.0454288 0.0872591 -0.000494901 
-0.00055242 0.151254 -0.0076056 
0.000813895 0.123683 -0.015347 
0.0176137 0.0556641 0.0182976 
0.0455201 0.148867 -0.0619076 
-0.00196433 0.121949 -0.0180516 
-0.042965 0.123649 0.0540048 
-0.0344543 0.154918 0.00288388 
-0.0339551 0.123929 0.0210483 
0.0548618 0.0599913 -0.0377598 
0.0290031 0.128382 -0.0321454 
-0.035045 0.122513 0.0187907 
-0.0342856 0.123684 0.0163067 
0.0296302 0.130013 -0.0504931 
-0.00207235 0.148198 -0.00513014 
0.00192655 0.124636 -0.00888679 
0.0296674 0.132048 -0.0454565 
0.0299349 0.12451 -0.0477715 
-0.0455769 0.143954 0.0789855 
-0.0116009 0.0869321 -0.00620743 
0.0457185 0.124957 -0.0636057 
0.0106938 0.152034 -0.0174584 
0.0460168 0.125448 -0.0626263 
-0.00332114 0.143258 -0.000672786 
0.0125103 0.14856 -0.0167873 
-0.00641634 0.0779329 0.0122052 
-0.0392977 0.118249 0.0550105 
0.00270468 0.125496 -0.012716 
-0.0291904 0.148408 0.0376378 
0.0208157 0.12901 -0.0236186 
0.0233826 0.127981 -0.0251998 
-0.0430418 0.0834665 0.0703483 
0.0308312 0.12846 -0.0368325 
0.0309298 0.128377 -0.0420683 
0.0264073 0.103651 -0.0329856 
-0.0370455 0.0988445 0.0348759 
-0.00996613 0.103515 -0.013356 
-0.0300415 0.138366 0.0321062 
-0.00922207 0.0734435 0.0444538 
-0.0375196 0.146606 0.0594262 
0.0428664 0.128672 -0.0589713 
0.0455952 0.128008 -0.0632869 
0.0210713 0.138441 -0.023229 
0.00052399 0.128448 0.000212507 
-0.0359165 0.166126 0.0563175 
-0.00687383 0.108585 -0.012255 
-0.0631474 0.140243 0.0472179 
-0.0383987 0.0932649 0.0652592 
0.00414449 0.128483 -0.00911272 
0.00500201 0.128559 -0.0137993 
-0.0192606 0.0871666 0.041494 
0.00326768 0.126206 -0.0161724 
-0.00240553 0.132564 0.00269086 
0.0503091 0.0542196 -0.0315722 
0.00351769 0.126183 -0.018649 
-0.0427501 0.126177 0.0521324 
-0.0496355 0.176156 -0.00561641 
0.0290263 0.134942 -0.0450435 
-0.0405583 0.151706 0.0597193 
-0.0411766 0.128056 0.0492379 
0.0260959 0.128434 -0.0279856 
0.0289193 0.0592802 0.00351545 
-0.0383959 0.126734 0.048349 
0.0570286 0.0635788 -0.0226028 
-0.0362903 0.128172 0.0454037 
0.00732166 0.138106 -0.00892076 
0.039395 0.0570178 -0.0136036 
-0.0297836 0.128576 0.0268873 
0.0528582 0.061823 -0.0418781 
-0.0321274 0.12814 0.0204547 
-0.0331909 0.1292 0.0171849 
-0.033987 0.12834 0.0149137 
0.0100246 0.128386 -0.0208007 
0.0516417 0.129273 -0.066538 
0.0531557 0.129997 -0.0678932 
0.0566227 0.0888151 -0.0529355 
-0.0333933 0.155147 0.00779847 
0.0533232 0.129918 -0.0688468 
0.0531002 0.130021 -0.0694967 
0.0119269 0.130379 -0.0202658 
-0.007206 0.0585862 0.0604349 
0.0513672 0.13298 -0.0667347 
-0.0122486 0.0781042 0.0473687 
0.0532266 0.133896 -0.0669488 
0.0547994 0.134495 -0.0693039 
-0.0304311 0.147582 0.0119334 
0.0526358 0.131539 -0.0695588 
-0.0209868 0.158551 0.0192326 
0.0141051 0.132534 -0.0199441 
0.0511003 0.0568998 -0.0366779 
0.0210108 0.13325 -0.0234058 
0.0257862 0.143217 -0.0436606 
-0.0301683 0.129746 0.0233251 
0.0567627 0.0628351 -0.0391101 
0.0284824 0.13352 -0.0325133 
-0.0430588 0.0788596 0.07029 
-0.0351814 0.120706 0.0165261 
0.0301028 0.133477 -0.0371908 
0.0287435 0.133355 -0.048106 
-0.0380717 0.10369 0.0306985 
0.0373912 0.109774 -0.0108552 
0.0289726 0.1329 -0.0509012 
-0.0262249 0.186547 0.0242685 
0.0410309 0.133448 -0.0549234 
-0.0145387 0.0803949 0.035694 
0.0435123 0.132831 -0.0581029 
-0.00827723 0.131886 0.00731034 
-0.0291335 0.143211 0.015132 
-0.0489547 0.168995 -0.000970249 
-0.0310216 0.128642 0.0369701 
0.00577258 0.132595 -0.0081861 
-0.00200019 0.118221 0.00483124 
0.00888286 0.133966 -0.0127515 
0.0177442 0.134312 -0.0208366 
0.0452358 0.134181 -0.0593813 
-0.0392322 0.133188 0.044206 
-0.0488551 0.17066 0.0651444 
0.00510403 0.143572 -0.00766467 
-0.0656515 0.159896 0.0656231 
-0.036962 0.132015 0.0436044 
0.0321319 0.116516 -0.0179581 
-0.0345729 0.133227 0.0407827 
-0.0316223 0.133474 0.0367038 
-0.0296153 0.133425 0.0321848 
0.0538295 0.0952345 -0.0555464 
-0.0286445 0.133427 0.0272322 
0.0481069 0.0684353 -0.0149381 
-0.033359 0.132871 0.0134935 
-0.0313306 0.0970502 0.04355 
-0.033422 0.134231 0.0113098 
-0.000647838 0.14172 -0.00172114 
-0.0100948 0.13441 0.00665558 
0.0244628 0.0985723 -0.0313697 
0.039871 0.147675 -0.0534854 
0.00669262 0.134542 -0.00866926 
0.0554017 0.137486 -0.0698073 
-0.00186079 0.113418 0.0046281 
-0.012628 0.0842856 0.0293106 
0.00301448 0.138017 -0.00407881 
-0.0497055 0.171421 0.0644822 
0.00559136 0.138266 -0.00687584 
0.00983802 0.138176 -0.012245 
0.0231194 0.138289 -0.0252789 
0.0273836 0.138526 -0.0327739 
0.0286283 0.138541 -0.0376547 
0.0289857 0.137705 -0.0416861 
0.051246 0.139519 -0.0626791 
-0.00970798 0.0683651 0.0597824 
-0.037507 0.13836 0.0403853 
0.0600994 0.0632873 -0.0325324 
-0.0324566 0.13818 0.0363615 
0.0228226 0.148272 -0.0343545 
0.0353819 0.112504 -0.0115499 
-0.0116327 0.156634 -0.0112438 
-0.0282226 0.138221 0.0219414 
-0.0302357 0.138259 0.0157248 
-0.000481419 0.138184 -0.000683556 
-0.0168676 0.153395 -0.00692429 
-0.029357 0.158418 0.0371861 
0.0232372 0.108518 -0.0251833 
-0.00250622 0.139078 0.000877243 
-0.031666 0.139454 0.0125643 
0.0510404 0.0547929 -0.0290984 
-0.0722687 0.139383 0.0725246 
-0.0446881 0.140327 0.0805864 
0.0416089 0.143068 -0.0532719 
-0.0364039 0.186431 0.0139239 
0.0150249 0.142793 -0.0176399 
0.0447414 0.143133 -0.0553377 
-0.0260868 0.184182 0.028294 
0.0522149 0.14311 -0.061845 
0.0513362 0.14176 -0.0664427 
-0.0461811 0.14066 0.0847557 
-0.0460846 0.140651 0.0834956 
-0.00495933 0.140912 0.00211591 
0.00978927 0.143249 -0.0123021 
0.0132584 0.14361 -0.0158966 
0.024362 0.14229 -0.0289967 
-0.03723 0.141503 0.0390275 
-0.0339367 0.141266 0.0371082 
-0.0282686 0.143274 0.0269764 
-0.0378099 0.143935 0.0604366 
-0.0349834 0.109975 0.0375857 
-0.0357985 0.143975 0.056408 
-0.00566718 0.113225 -0.0135138 
-0.0628036 0.141821 0.047451 
-0.0621928 0.141785 0.0441001 
-0.0285096 0.144419 0.0374963 
-0.0306228 0.14485 0.0423044 
-0.0267672 0.14482 0.0295683 
0.0453011 0.10211 -0.0106494 
-0.00399402 0.113273 0.00888204 
0.0249311 0.145248 -0.0337944 
-0.0239076 0.145585 0.0230377 
0.0402221 0.147204 -0.0518876 
-0.018306 0.149986 0.0103439 
0.0451742 0.146028 -0.0556709 
0.0468716 0.14821 -0.0582307 
0.0561034 0.14785 -0.0658661 
0.0468164 0.0930322 -0.001607 
0.0013548 0.147206 -0.00631209 
-0.0120374 0.0584835 0.0651201 
-0.004211 0.128906 0.00539771 
0.00949773 0.147993 -0.0134771 
0.0210259 0.148619 -0.0296813 
-0.0495374 0.17441 -0.00562466 
0.0234861 0.147511 -0.0390334 
0.0568105 0.0850865 -0.0521791 
0.0235569 0.146514 -0.0426772 
0.00674938 0.149054 -0.0118795 
-0.0526749 0.147666 0.0905213 
0.0259081 0.133446 -0.0282574 
-0.0490153 0.148419 0.0835615 
-0.0459841 0.172564 0.0742232 
0.0416694 0.137969 -0.0540262 
-0.0476599 0.14843 0.078733 
-0.0442987 0.14812 0.0693981 
-0.00719247 0.0710724 0.0477765 
0.0229287 0.141742 -0.0259685 
-0.0395368 0.148579 0.060545 
0.022966 0.144571 -0.0285094 
-0.0359842 0.147445 0.0559677 
-0.0341219 0.148278 0.0514674 
-0.0122447 0.12784 0.0101682 
-0.023605 0.14836 0.0236783 
-0.0220985 0.148836 0.0188532 
-0.0271147 0.146618 0.0178744 
-0.0288658 0.146933 0.014744 
0.0558039 0.148765 -0.0680464 
0.0147858 0.149867 -0.0205536 
0.0209714 0.149664 -0.0406534 
-0.0406637 0.16765 0.0685243 
-0.0372639 0.149476 0.0562481 
-0.0358061 0.150171 0.0528435 
-0.0282371 0.15808 0.0329303 
-0.0467963 0.150251 0.0703401 
-0.0510416 0.150656 0.0669557 
0.0167724 0.150725 -0.0236653 
0.0203276 0.150703 -0.0355814 
0.00145812 0.0549458 0.0277357 
0.0407854 0.144506 -0.0518499 
-0.0473752 0.151591 0.0704722 
-0.0113847 0.155262 -0.0128358 
-0.0384666 0.176099 0.0513781 
-0.0328928 0.151193 0.045783 
0.0401913 0.0762855 0.000261341 
-0.0127085 0.0909653 0.0247632 
-0.0312935 0.153106 0.0415391 
0.00725424 0.131844 -0.0126275 
-0.0294931 0.153358 0.0374746 
-0.0383375 0.109084 0.0252002 
-0.0186853 0.152582 0.0104098 
0.000164889 0.152526 -0.0104096 
0.00525884 0.152916 -0.014141 
0.0135892 0.152583 -0.0219578 
-0.0633778 0.140354 0.0516092 
0.0152364 0.153053 -0.026359 
-0.0351279 0.103581 0.0566569 
0.0170663 0.152714 -0.0308165 
0.0182486 0.152391 -0.0410991 
-0.0106809 0.0750001 0.033144 
-0.0500489 0.152462 0.0630245 
-0.0062034 0.088093 0.02388 
0.0428773 0.0785126 -0.0015133 
-0.0324925 0.15372 0.0435815 
-0.0337632 0.154248 0.00488274 
0.0398622 0.128297 -0.0549767 
0.0095492 0.155123 -0.022652 
-0.0198448 0.173023 0.0143265 
0.0142851 0.154701 -0.0371428 
0.0173413 0.15482 -0.0414029 
0.0131281 0.15513 -0.032594 
0.0117104 0.155393 -0.0275193 
0.0449115 0.118139 -0.053091 
0.00443437 0.155686 -0.0183565 
-0.0586319 0.156408 0.0816132 
-0.0492942 0.179823 0.0506403 
-0.025137 0.158576 0.0284266 
-0.0227591 0.158528 0.0238671 
-0.0162312 0.15622 -0.00799762 
-0.0166058 0.156529 -0.00935563 
