0.0632612 0.192658 -0.00207638 
0.0632856 0.190308 -0.00255127 
0.0381157 0.191063 0.0176477 
0.0649939 0.187741 -0.00305921 
0.0641663 0.186155 -0.00640546 
0.0384575 0.18802 0.0151922 
0.0649874 0.18382 -0.00450406 
0.0463097 0.18336 0.012615 
0.0420939 0.184802 0.0131194 
0.0432576 0.182558 0.00875009 
0.0527154 0.179265 -0.0203715 
0.0735614 0.177515 0.0111776 
0.0506367 0.177952 0.00733309 
0.0491171 0.177775 0.00537434 
0.0522534 0.177709 -0.0161686 
0.0800913 0.174318 0.0104904 
0.0533135 0.176375 0.00552236 
0.0520653 0.176269 0.00422735 
0.0725858 0.17344 0.0085564 
0.0557597 0.175405 0.00463011 
0.056261 0.173441 -0.0253231 
0.06167 0.171542 -0.016356 
0.0727239 0.173078 0.010324 
0.0813075 0.170988 0.00880312 
0.0725056 0.171056 0.00814062 
0.0667067 0.170056 0.000950931 
0.0580867 0.171541 -0.00366869 
0.0535183 0.172782 -0.0170298 
0.0525011 0.172203 -0.0186604 
0.0443669 0.170952 -0.013126 
0.0732189 0.16879 0.00974066 
0.069856 0.168676 0.00319513 
0.0587582 0.168482 0.0206002 
0.034857 0.169944 -0.00402488 
0.0334016 0.169996 -0.00516981 
0.0521771 0.181028 -0.018779 
0.0636577 0.165934 0.0106354 
0.0670586 0.166463 0.00586894 
0.0572071 0.167289 -0.00555779 
0.0549813 0.167266 -0.00977587 
0.0500837 0.165283 -0.00861392 
0.03829 0.166882 -0.00510853 
0.0364793 0.166785 -0.00645892 
0.0393757 0.16507 -0.00873379 
0.0542453 0.163796 -0.00478228 
0.053073 0.163781 -0.00758079 
0.0649878 0.162393 0.0209724 
0.0628604 0.16319 0.0204032 
0.0564504 0.161608 0.0208035 
0.0599272 0.163243 0.0180099 
0.0623798 0.162284 0.00968073 
0.0604887 0.162486 0.00554159 
0.0747178 0.180654 0.011684 
0.0539416 0.163018 0.00426338 
0.0392132 0.162944 -0.00530638 
0.0350325 0.161656 -0.00454624 
0.057628 0.157844 0.0169586 
0.0600032 0.157465 0.0101005 
0.0597007 0.155333 0.0236832 
0.0621849 0.165798 0.00309371 
0.0559125 0.158191 0.0252733 
0.0589755 0.155894 0.0126021 
0.0505128 0.156275 0.00739292 
0.0509627 0.157374 -0.00210992 
0.0577696 0.154409 0.0219027 
0.0334521 0.155212 -0.00386995 
-0.00601566 0.163035 0.0220952 
-0.0163847 0.163811 0.0233472 
0.0564472 0.154108 0.0203934 
0.049682 0.153384 0.00157242 
0.0493724 0.153381 0.00106367 
0.0372775 0.153781 -0.00840625 
-0.0167705 0.162148 0.0240058 
0.0608874 0.15302 0.021701 
0.00286877 0.159281 0.0207243 
-0.005329 0.160062 0.0233279 
0.0544389 0.151796 0.00847083 
0.0394464 0.151298 -0.00880162 
-0.00974182 0.159423 0.0259699 
0.0391419 0.149217 -0.00888179 
-0.0223075 0.161548 0.0262567 
0.0627806 0.148289 0.0192093 
-0.00433099 0.157088 0.0290895 
-0.0117457 0.157716 0.0294736 
-0.0194856 0.15956 0.0272649 
-0.0256005 0.16038 0.0268306 
0.0454698 0.149258 0.00811015 
0.0740139 0.171145 0.0104087 
0.045097 0.148204 0.00861538 
-0.0151139 0.157027 0.0298672 
0.0564268 0.145799 0.0242118 
0.0557744 0.146051 0.0216551 
0.0578223 0.147638 0.0186339 
-0.0199969 0.156589 0.029904 
0.0575228 0.143294 0.017616 
-0.0274323 0.156953 0.0284481 
0.0555651 0.143753 0.0245474 
-0.0287222 0.153966 0.0306303 
-0.0319123 0.156165 0.0285585 
-0.035654 0.155161 0.0282334 
-0.0362806 0.155709 0.0271232 
-0.0299827 0.153111 0.0171272 
0.055753 0.15739 0.0207267 
-0.0649202 0.157776 0.0256946 
-0.0780013 0.158384 0.0280695 
0.0552346 0.142178 0.0104228 
0.0570266 0.141898 0.0113608 
-0.0312689 0.151709 0.0173808 
0.00514443 0.146099 0.0337211 
-0.066159 0.155012 0.0272384 
-0.0053816 0.14859 0.0364503 
0.0628386 0.149735 0.0193368 
-0.0111377 0.149303 0.0370847 
0.0584788 0.151332 0.0186247 
-0.0162916 0.148986 0.0376326 
-0.0229695 0.150365 0.0362566 
-0.029725 0.150619 0.0332398 
-0.0371877 0.151243 0.0302085 
-0.0401188 0.151236 0.0283292 
-0.0790169 0.15589 0.0268602 
0.0540543 0.159149 0.025947 
0.0612544 0.136626 0.0108342 
-0.0547299 0.150658 0.0299678 
-0.0563047 0.152384 0.0286568 
-0.066651 0.153224 0.0307056 
-0.0742151 0.154498 0.0303687 
-0.0775944 0.155553 0.0290609 
-0.0779167 0.152998 0.0266179 
0.0690988 0.134037 0.0102503 
0.0640883 0.131027 0.00988021 
-0.00279108 0.14258 0.0366903 
0.000225072 0.152645 0.0318445 
-0.00327999 0.140301 0.0371756 
0.0434736 0.162596 -0.00618706 
-0.0109662 0.143912 0.038561 
-0.0142401 0.051967 0.0599353 
-0.00910948 0.0813838 0.0411173 
-0.0759921 0.0992555 0.0205092 
0.0847521 0.075647 0.0068488 
0.0554718 0.156681 0.00709876 
-0.011895 0.0840979 0.0418138 
-0.0764993 0.0999383 0.0199601 
-0.0322132 0.085881 0.0304002 
-0.0792777 0.0937846 0.00923891 
0.0420523 0.0702267 0.0249794 
0.0620857 0.166364 0.0205803 
-0.0224678 0.084548 0.0433445 
0.0485406 0.157605 -0.00565491 
-0.0299032 0.0835236 0.0342286 
-0.0351693 0.0853387 0.0254092 
-0.0098368 0.0807275 0.0411048 
-0.0332769 0.0827306 0.0267755 
-0.0385659 0.0851457 0.0216081 
-0.062682 0.105597 0.0297727 
-0.0436074 0.135929 0.0342322 
0.033471 0.0725352 0.0235527 
0.0105342 0.123195 0.0311339 
0.0564774 0.175428 -0.0164853 
-0.00837436 0.079677 0.0409814 
-0.0353779 0.0816876 0.0236425 
0.0343383 0.0683895 0.0227386 
0.0433237 0.0663241 0.02634 
-0.0459347 0.141937 0.0313463 
0.0379786 0.0666973 0.0237685 
-0.0279721 0.0840124 0.0399166 
0.0348226 0.0650773 0.0219701 
-0.0188672 0.0792495 0.045178 
0.0673418 0.0610221 0.0169282 
-0.0232511 0.0797321 0.0449028 
-0.0316497 0.0830397 0.0303038 
-0.0270277 0.0792139 0.0439734 
0.040339 0.15233 -0.00603425 
-0.0334659 0.0782976 0.0328771 
-0.0381772 0.146827 0.032049 
0.0053719 0.141405 0.0343984 
0.0846941 0.074108 0.00832386 
-0.0388464 0.0783629 0.0173923 
0.040989 0.0628252 0.0263122 
0.0574111 0.146141 0.0124737 
-0.061706 0.12792 0.0321517 
-0.0140229 0.15977 0.0264108 
-0.0332622 0.0762923 0.0286647 
-0.0145687 0.0582319 0.05989 
-0.0298015 0.0854677 0.0353897 
-0.0296393 0.0801692 0.0414786 
-0.0427418 0.0628639 0.0405284 
-0.0300252 0.135814 0.0417019 
0.0352651 0.0629551 0.0217603 
-0.070925 0.132062 0.030848 
-0.0759124 0.103512 0.0199214 
-0.0197426 0.129093 0.0421688 
-0.0609061 0.147641 0.0337903 
0.0485643 0.0591517 0.0269014 
-0.00659805 0.0720145 0.0484107 
-0.0346629 0.0762114 0.0375908 
0.0593569 0.170353 -0.0116686 
-0.0699202 0.0825268 0.0230494 
-0.0525671 0.0512101 0.0401014 
-0.0450537 0.0753063 0.0143714 
-0.076496 0.139821 0.0326649 
0.0487296 0.0568826 0.0294298 
-0.0395988 0.114058 0.0389396 
-0.0348745 0.129754 0.0417102 
0.0710776 0.0622706 0.0162635 
-0.0360335 0.0760459 0.022234 
0.0641305 0.183574 -0.00666412 
0.0578571 0.151484 0.0120384 
-0.0709328 0.0550893 0.00169578 
-0.0380977 0.0730278 0.0343578 
-0.0580505 0.121036 0.0344644 
-0.0386821 0.073798 0.0213641 
-0.0786316 0.0712639 -0.000947814 
-0.0748349 0.150101 0.0300769 
-0.00907195 0.080192 0.0409998 
0.0743572 0.0632258 0.0159218 
0.0442163 0.0717705 0.0253435 
-0.00644191 0.143636 0.0377753 
0.00959145 0.126514 0.0322369 
-0.0589246 0.0514087 0.0365345 
-0.0188053 0.0701841 0.044252 
0.0581849 0.169814 0.0236124 
0.0590312 0.158091 0.00783269 
-0.0171668 0.0853728 0.0425015 
0.0182915 0.101308 0.0278064 
0.0256261 0.0852096 0.0261279 
-0.0276508 0.0751618 0.044379 
0.0481715 0.148798 0.00898007 
-0.074284 0.0780323 0.0191403 
-0.0806089 0.0775682 0.00547242 
-0.0406028 0.104305 0.0334422 
-0.0576295 0.112214 0.0322101 
0.0472541 0.0553756 0.0296803 
-0.0442134 0.119789 0.0348283 
0.0637242 0.137417 0.0159749 
0.0452741 0.0557552 0.0280971 
-0.0414702 0.0703985 0.023344 
-0.0742594 0.0599002 0.0019979 
-0.0456497 0.0676916 0.0322112 
0.041328 0.065846 0.0258429 
-0.0099705 0.0722021 0.0416685 
-0.0168235 0.0681071 0.0472207 
-0.0181857 0.151207 0.0363399 
-0.0348844 0.0700244 0.0414582 
-0.0286857 0.124103 0.0437473 
0.0550066 0.16564 0.00155099 
-0.0686104 0.0885772 0.0233935 
-0.0576758 0.150285 0.0306835 
0.0431722 0.0813253 0.0228763 
-0.0799564 0.0733639 0.00636841 
-0.0105446 0.0716027 0.0455514 
-0.0768434 0.0732699 0.014144 
-0.0304798 0.0819714 0.0332518 
-0.0321809 0.0987282 0.0397668 
0.066346 0.0583397 0.0180529 
-0.0560803 0.142719 0.0352386 
-0.00751764 0.163238 0.0209194 
-0.0646089 0.0702899 0.0224189 
-0.0611289 0.0605224 0.0318196 
-0.00912955 0.0626758 0.0557668 
-0.0781192 0.0702253 0.00934258 
-0.0114781 0.0644094 0.0530336 
-0.0121864 0.092219 0.0416168 
-0.0759197 0.14715 0.0322532 
-0.0457767 0.0720422 0.0164153 
-0.0361243 0.073713 0.0386285 
-0.0735343 0.108685 0.0141699 
-0.069451 0.0591876 0.017493 
-0.00794179 0.0657309 0.0546995 
-0.0292237 0.140789 0.040091 
-0.0325707 0.107876 0.0422513 
-0.0119263 0.138676 0.0393411 
-0.00991387 0.0508821 0.0606855 
-0.0561316 0.139258 0.0365919 
-0.0320632 0.0799104 0.0367689 
-0.0287135 0.0962821 0.0407879 
-0.0684726 0.105186 0.0279661 
-0.0105432 0.0499874 0.0599954 
-0.0521925 0.0548045 0.0400106 
-0.0183245 0.0733291 0.0441467 
-0.0145777 0.0629554 0.0526319 
-0.0414968 0.124951 0.0382308 
-0.0589345 0.0710755 0.0262597 
-0.0798107 0.144706 0.0328441 
0.0519608 0.181246 -0.0166202 
-0.0245391 0.0701155 0.0447285 
-0.0587741 0.0686257 0.0281105 
-0.0692227 0.0558197 0.0116673 
-0.0656233 0.143642 0.0360205 
-0.0656635 0.120277 0.0221499 
-0.0237718 0.0743065 0.0450759 
-0.0730012 0.0755381 0.0204026 
0.0796218 0.0666627 0.0142879 
0.0601752 0.166629 0.0183159 
0.0468263 0.152388 0.00700792 
0.0165276 0.103066 0.0274095 
0.0375407 0.190771 0.0174441 
-0.0260879 0.0675047 0.0499599 
0.0538776 0.146645 0.0094028 
-0.0198755 0.0618329 0.0546248 
0.0639957 0.15047 0.0201552 
-0.077551 0.077347 0.0150251 
-0.0250218 0.089746 0.0407342 
-0.0346995 0.0976475 0.0370038 
-0.0141869 0.163402 0.0245719 
-0.0318997 0.080031 0.0296837 
-0.0507803 0.0591561 0.038653 
-0.0780346 0.091155 0.0185053 
-0.0420407 0.0741007 0.0171709 
-0.0323969 0.142979 0.0377218 
-0.0560344 0.0512901 0.038435 
-0.0361268 0.0750594 0.0325815 
-0.0310833 0.130179 0.0428481 
-0.0628349 0.0557591 0.033708 
-0.0649807 0.0503107 0.0101359 
-0.0499217 0.0655431 0.0284581 
0.0694881 0.169504 0.00235982 
0.0490241 0.0582829 0.0284409 
0.0349008 0.0875067 0.0248317 
-0.0762493 0.088815 0.0202982 
-0.0664627 0.0679872 0.0233117 
0.041326 0.0769047 0.0224958 
-0.0685808 0.13818 0.0353343 
-0.048223 0.0512939 0.0417297 
-0.0390139 0.0705421 0.0259022 
-0.0666178 0.0642867 0.025726 
-0.0798404 0.0772989 0.0100775 
-0.0806726 0.0828372 0.00482064 
-0.0789107 0.0942097 0.0160398 
-0.00225519 0.0582356 0.0533335 
-0.0260824 0.152347 0.0332925 
-0.0424542 0.0663674 0.0381928 
-0.0800332 0.0818978 0.00153303 
-0.0714158 0.0592729 0.0124843 
0.0389083 0.152026 -0.0122781 
-0.0270144 0.134584 0.0422901 
-0.0767195 0.0651704 -0.00151203 
-0.0522001 0.141856 0.034243 
-0.0674446 0.0560052 0.029063 
0.0379103 0.158115 -0.00387684 
-0.037659 0.0593859 0.045829 
-0.0655393 0.099545 0.0276187 
-0.0700061 0.0772725 0.0223962 
-0.0798705 0.0880566 0.00471535 
-0.0579447 0.0595181 0.0344893 
-0.0670374 0.0604879 0.0277489 
-0.0790619 0.0910394 0.0162301 
-0.0578526 0.131105 0.0371898 
-0.0175958 0.0539496 0.0592904 
-0.0745785 0.0623134 0.00859071 
-0.0652099 0.0553669 0.0319631 
-0.0680885 0.053279 0.0249062 
-0.0345236 0.0760546 0.0256676 
-0.0795529 0.0765425 -0.000382527 
-0.0555874 0.0558492 0.0372184 
-0.066605 0.0526664 0.0288397 
-0.0444751 0.0596207 0.0424155 
-0.0782742 0.0922156 0.00352809 
-0.0316904 0.146904 0.0356497 
0.0349945 0.192783 0.0171669 
-0.0226162 0.067668 0.0496885 
-0.0361629 0.102396 0.0380923 
0.0310531 0.0982747 0.0265201 
-0.019282 0.0538037 0.0559992 
-0.0685485 0.0531716 0.00580416 
-0.0642485 0.0618067 0.0289043 
-0.0589636 0.0548765 0.036377 
-0.0756643 0.0624656 0.0053986 
-0.0710008 0.153057 0.03142 
-0.0672401 0.0557384 0.0171709 
-0.0716354 0.149559 0.0329899 
0.0392905 0.0719509 0.0235044 
-0.0793589 0.0885525 0.0153279 
0.0598814 0.17043 -0.00797536 
-0.071854 0.06623 0.018814 
-0.0625404 0.150024 0.0327068 
-0.0752817 0.0834164 0.0196723 
0.0641322 0.148463 0.0191743 
-0.0767693 0.144361 0.0341839 
-0.0689195 0.0562084 0.0251214 
-0.03631 0.0735992 0.0261067 
0.0404961 0.184577 0.0102878 
-0.00824374 0.0712816 0.0482065 
-0.0661072 0.0503323 0.00601688 
-0.0763872 0.0636988 0.00147095 
0.0584976 0.143612 0.0124709 
-0.0690102 0.129391 0.0327504 
-0.0433458 0.0692598 0.0303751 
0.054063 0.0453881 0.0297219 
-0.0684735 0.0658249 0.0227193 
-0.0734023 0.13917 0.0346113 
0.0728353 0.0661088 0.0142865 
-0.0215438 0.0907452 0.0421377 
0.0412209 0.162724 -0.00904875 
0.0786595 0.0651991 0.0148974 
-0.0649125 0.0529184 0.0150726 
-0.0784411 0.0926212 0.00461313 
-0.0670531 0.0530879 0.0111321 
-0.0174502 0.15422 0.0332887 
-0.0346076 0.0943655 0.0340846 
-0.034604 0.0733685 0.0409663 
0.0600412 0.140156 0.0120865 
-0.0357337 0.119326 0.0421636 
-0.048837 0.0547162 0.0420122 
0.0524135 0.15948 0.00567621 
0.0216048 0.0964865 0.0279082 
0.0527554 0.161449 -0.00301678 
-0.0801509 0.0764852 0.00257688 
-0.010494 0.0489494 0.0591488 
-0.0358749 0.11014 0.0411097 
-0.026084 0.138357 0.0414792 
0.0433133 0.158132 -0.00511426 
-0.0413933 0.0586487 0.0445948 
-0.0236901 0.0584353 0.0518891 
0.0754954 0.180606 0.0120677 
0.0504551 0.162113 0.00461678 
-0.0719802 0.0835099 0.022392 
-0.0282267 0.0681953 0.0470494 
0.0304469 0.0753417 0.0242989 
-0.0204167 0.0585102 0.0557895 
0.0551677 0.174387 0.00245162 
0.0212273 0.101746 0.0286449 
-0.0490031 0.051022 0.0413813 
-0.0442767 0.0684289 0.0236861 
-0.0129117 0.0552829 0.0615302 
-0.05706 0.0624952 0.0319842 
-0.0299645 0.159934 0.0267365 
-0.0339712 0.135194 0.0406853 
-0.0608402 0.0489563 0.0147642 
-0.0305743 0.0598922 0.0480972 
0.00179116 0.162184 0.0200869 
-0.0400286 0.0553558 0.0450213 
-0.0555586 0.116295 0.0335574 
-0.0397648 0.0651868 0.0404544 
-0.0795215 0.0868408 0.0020923 
-0.0543896 0.0605748 0.0355347 
-0.062604 0.050284 0.0140053 
-0.0805007 0.0885859 0.0101226 
-0.0633031 0.0660562 0.0267268 
-0.0660102 0.051576 0.0284762 
0.0313698 0.158803 -0.00404055 
-0.0346123 0.145416 0.0348429 
-0.069258 0.0612029 0.0239629 
-0.0706613 0.0621217 0.0182369 
-0.0410772 0.149017 0.028977 
-0.0544581 0.12747 0.0366162 
-0.0068685 0.0684742 0.0495598 
-0.0806417 0.0830522 0.0102901 
-0.0397115 0.0927837 0.0261019 
0.0443127 0.0806984 0.023966 
-0.0314625 0.0693418 0.042836 
0.0439911 0.182358 0.010946 
-0.0257229 0.107191 0.0437044 
-0.00677379 0.157421 0.0280159 
0.00844241 0.121631 0.0303287 
-0.0576889 0.136271 0.0375659 
-0.034206 0.1485 0.03257 
-0.0456636 0.0648184 0.0368796 
-0.0596434 0.0653909 0.0292704 
0.0375163 0.0629496 0.0237252 
-0.0119919 0.0606943 0.0552705 
0.0249136 0.0905102 0.0271554 
-0.056433 0.0649336 0.0302121 
-0.0265104 0.0602746 0.0506724 
-0.0320953 0.118669 0.043502 
0.0380316 0.154368 -0.00460046 
-0.0415539 0.0559861 0.0447183 
0.0172497 0.113207 0.0298555 
-0.030432 0.0641988 0.0483271 
0.0442424 0.169922 -0.0130323 
0.0767783 0.0634882 0.0156898 
0.0817972 0.0756239 0.00609104 
0.0556408 0.143833 0.021696 
-0.0265017 0.0637135 0.0510712 
-0.0373768 0.0797877 0.0204006 
-0.0343012 0.0909657 0.031208 
-0.0363053 0.0639628 0.0444321 
-0.00969219 0.0673053 0.049817 
-0.055304 0.132303 0.0372868 
-0.0123584 0.155095 0.0324656 
-0.00508069 0.13877 0.0372592 
-0.0674517 0.117849 0.0200742 
-0.0167549 0.0897932 0.0426413 
0.0763874 0.0672385 0.0139248 
-0.0132257 0.0600635 0.0545553 
-0.0110119 0.0598342 0.056221 
-0.0454645 0.0546792 0.0432729 
-0.0722765 0.0799508 0.021886 
-0.0721309 0.0563853 0.00249364 
-0.0469583 0.102282 0.0255093 
0.0492372 0.151841 0.00825847 
-0.0467891 0.0698763 0.019381 
-0.0337343 0.057503 0.0461105 
-0.03626 0.140958 0.0366718 
-0.0114733 0.0532163 0.0611487 
-0.046168 0.066479 0.0242214 
-0.0764715 0.0660432 0.00879252 
-0.0775786 0.0660558 0.00387696 
-0.0710045 0.0559634 0.00680047 
-0.0180211 0.0511167 0.0574468 
-0.073216 0.0593751 0.00748447 
-0.0793219 0.071113 0.00379231 
-0.0629709 0.051657 0.0330738 
-0.0361509 0.106485 0.0400154 
-0.0134418 0.0715797 0.042646 
-0.0701052 0.114504 0.0184083 
-0.0661579 0.156051 0.0254724 
-0.0726818 0.0622028 0.0133568 
0.0342029 0.0833444 0.0246989 
0.0592481 0.167478 0.000112635 
-0.0722657 0.0888601 0.0230295 
-0.0756781 0.0707409 0.0147022 
-0.033867 0.0793404 0.0253602 
-0.0406191 0.0616055 0.0436785 
-0.0245352 0.155135 0.0305916 
-0.0648603 0.103729 0.028993 
-0.0412111 0.0701515 0.0351472 
0.0652233 0.133964 0.0102375 
-0.0787935 0.0832742 0.0153896 
-0.00835195 0.0824331 0.0411163 
-0.0208597 0.1014 0.0432981 
-0.0380303 0.0697894 0.0395711 
-0.0641422 0.122304 0.0249019 
-0.0694582 0.071932 0.022011 
-0.0731832 0.071766 0.0191967 
-0.0795994 0.0942674 0.0133332 
-0.0613868 0.115515 0.032253 
0.063771 0.139761 0.0157508 
0.0447783 0.0604072 0.0271147 
0.0209422 0.0918301 0.0267591 
0.0137606 0.119684 0.0307117 
0.048652 0.152262 0.0018739 
-0.0759038 0.0935922 0.0216159 
0.0577806 0.171542 -0.0166021 
-0.0722554 0.0941854 0.0241038 
0.057598 0.172217 0.0244226 
0.0331199 0.172628 -0.00516455 
0.0561854 0.161078 0.00501085 
-0.0682221 0.0924272 0.0247556 
0.0425879 0.0737285 0.0240732 
0.0290917 0.078864 0.0250042 
-0.0107766 0.15259 0.0349427 
0.00460734 0.137006 0.0345015 
-0.0436317 0.0956591 0.0243001 
-0.0472755 0.123409 0.0328212 
-0.0397301 0.0890385 0.022923 
-0.0523118 0.140022 0.0351878 
-0.0367882 0.0903866 0.0265761 
0.0578346 0.164601 0.00293326 
-0.0314693 0.0909474 0.0360051 
-0.0579205 0.126184 0.0355747 
-0.0436969 0.0712248 0.0195354 
-0.0281087 0.0912316 0.0393889 
-0.0174167 0.0576016 0.0593959 
0.026125 0.0810468 0.0254179 
0.0429273 0.0773072 0.0234048 
0.0801142 0.0688153 0.0130351 
0.0104276 0.139551 0.032937 
-0.0247599 0.118259 0.0436611 
-0.0414457 0.0920246 0.0233629 
-0.0267974 0.14922 0.036138 
-0.0474829 0.119495 0.0323669 
-0.0127217 0.0889082 0.0421063 
-0.0688599 0.0961041 0.026024 
-0.0160849 0.0986145 0.0425443 
0.0779414 0.0707312 0.0114901 
-0.000322107 0.142873 0.0361976 
-0.0773053 0.0946612 0.0194978 
0.0813148 0.0720245 0.0103569 
-0.00910263 0.0837619 0.0412481 
-0.0256999 0.101958 0.0432568 
-0.0786636 0.158386 0.0271342 
-0.0774174 0.0988921 0.00892159 
-0.0409455 0.130078 0.0377445 
-0.0731658 0.099782 0.0244511 
0.0112882 0.118983 0.0300087 
-0.0690283 0.100152 0.0270799 
-0.0322605 0.102759 0.0410596 
0.028396 0.084066 0.0260613 
-0.0253881 0.097493 0.0425643 
0.0241192 0.0853305 0.0260383 
0.0418386 0.0807392 0.0221528 
-0.0403396 0.096777 0.0278872 
-0.0643612 0.116056 0.0305562 
-0.0446441 0.12515 0.034909 
-0.0217895 0.153621 0.0336951 
-0.0314988 0.0748575 0.0424347 
-0.037195 0.0969506 0.0323415 
-0.0604812 0.128548 0.0345859 
0.0768205 0.17693 0.0114655 
-0.0325523 0.0950141 0.0373789 
-0.0252291 0.0936144 0.0416518 
-0.0788978 0.0730029 0.00971145 
0.012564 0.110069 0.0277753 
-0.0181555 0.0643554 0.0510645 
-0.021818 0.0958428 0.0428135 
-0.016443 0.0952166 0.042734 
0.0812737 0.0744958 0.00664462 
0.0826874 0.0751677 0.00721587 
-0.00277638 0.145371 0.0368409 
-0.0436508 0.0992124 0.027178 
0.0225768 0.117079 0.0291804 
0.0838389 0.0767006 0.00529914 
-0.0497714 0.0710095 0.0166592 
-0.0758206 0.102743 0.00950072 
-0.0431442 0.141007 0.0330829 
-0.0125338 0.0680924 0.047494 
-0.0756625 0.104738 0.0136293 
0.0143911 0.129717 0.0317153 
-0.0727933 0.105358 0.0241775 
0.0152582 0.107698 0.0282561 
0.0289148 0.0894036 0.0267235 
-0.0440321 0.103201 0.0289113 
-0.0616248 0.121067 0.0322722 
-0.0528135 0.0707553 0.0169597 
-0.0411704 0.100728 0.0297514 
-0.0392468 0.101434 0.0333212 
-0.0288458 0.101336 0.0422497 
-0.0383834 0.104844 0.0370904 
0.0338966 0.0780134 0.0243459 
0.019394 0.0962034 0.0272461 
0.0249511 0.0952273 0.0278241 
0.0496726 0.162029 -0.00717665 
-0.0727812 0.110244 0.0182149 
-0.0681886 0.110389 0.0280586 
-0.0650113 0.111066 0.0302887 
-0.0614425 0.110291 0.0312036 
0.0149904 0.133401 0.0314749 
-0.0399818 0.119235 0.0394921 
0.0302248 0.0948746 0.0266735 
-0.047573 0.106123 0.0264756 
0.0336967 0.158293 -0.00297814 
-0.0450634 0.108156 0.0303334 
-0.0420145 0.108627 0.0342162 
-0.0385472 0.108687 0.0385481 
0.0458254 0.180222 0.00711268 
-0.0288943 0.105194 0.0431903 
-0.00262397 0.146931 0.0367421 
-0.0487299 0.108223 0.0274731 
-0.0716754 0.110384 0.0235321 
-0.0209939 0.106567 0.0433572 
-0.0748887 0.074134 0.0170525 
-0.0359717 0.114081 0.0417627 
-0.0476987 0.110051 0.0293892 
0.047052 0.180706 0.0101646 
0.0576428 0.168542 -0.0165115 
-0.0289326 0.109264 0.0436016 
-0.0547306 0.136995 0.0367107 
0.0593202 0.171332 -0.000391422 
0.0252918 0.100874 0.0283356 
-0.0674001 0.115891 0.0274174 
-0.0441011 0.130455 0.034926 
-0.00397181 0.155722 0.0304398 
0.0028891 0.134787 0.034378 
-0.0581246 0.115909 0.0332953 
-0.0471373 0.114352 0.0309823 
-0.0449477 0.112213 0.0318901 
-0.0429818 0.113534 0.0350009 
0.0695532 0.0588303 0.0179123 
-0.032345 0.11317 0.0430982 
-0.0245113 0.124157 0.0434023 
0.0554831 0.161999 0.0253331 
-0.0290518 0.113349 0.043904 
-0.0252444 0.11266 0.0438129 
-0.0212467 0.111979 0.0430078 
-0.0475809 0.0735078 0.0147347 
-0.0766075 0.150547 0.026647 
-0.0490707 0.0654919 0.0328743 
0.018007 0.108219 0.0292399 
-0.0523216 0.0634308 0.0334049 
0.0213615 0.107259 0.0292786 
-0.0694329 0.115394 0.0226059 
0.0257975 0.105274 0.0283424 
0.0448255 0.0768029 0.0246404 
0.0124471 0.114286 0.0289058 
-0.0668403 0.118907 0.0228116 
0.0547964 0.176312 -0.0233316 
-0.0577319 0.0692836 0.0282867 
-0.0784619 0.138848 0.032894 
-0.0653673 0.120312 0.0269962 
-0.0633974 0.120995 0.0301054 
-0.0549055 0.119653 0.0347843 
-0.0796336 0.0818018 0.000226187 
-0.0423442 0.117723 0.0368364 
-0.0289599 0.118627 0.0439879 
0.0487316 0.15756 0.00605047 
-0.0261343 0.0858824 0.0400697 
-0.0417671 0.121242 0.0378232 
0.0656122 0.167436 0.00331454 
0.0144638 0.111922 0.028975 
-0.0782375 0.0985602 0.0164094 
-0.0683421 0.144888 0.03546 
-0.0335779 0.0627821 0.0471593 
0.021533 0.112535 0.0295303 
-0.057006 0.112132 0.0322868 
-0.0623611 0.125364 0.0257053 
-0.0618262 0.125649 0.0304134 
-0.0613409 0.0701914 0.0255403 
-0.0390671 0.124895 0.0399721 
-0.0331271 0.139917 0.0392277 
-0.0328687 0.152143 0.0304904 
-0.0354571 0.124501 0.0420785 
-0.0441531 0.067878 0.0355233 
-0.0315854 0.124197 0.0432487 
0.0606773 0.161893 0.0134891 
-0.0195711 0.123773 0.0421173 
0.0662335 0.140089 0.0166167 
0.0224026 0.0894717 0.0266103 
-0.0225481 0.0639065 0.0518669 
0.0175486 0.118223 0.0303843 
-0.0684908 0.132777 0.0336132 
-0.0645921 0.130873 0.0341886 
-0.0356019 0.0784013 0.0221985 
-0.0615491 0.132789 0.0360263 
-0.0384655 0.130395 0.0394448 
-0.0281246 0.129668 0.04313 
-0.0625225 0.156712 0.0275202 
-0.0787425 0.135752 0.0326371 
-0.0751378 0.10563 0.0191641 
-0.0233797 0.129188 0.0427675 
-0.0769734 0.135036 0.0334109 
-0.0338818 0.0608529 0.0473271 
-0.0436378 0.1462 0.0296321 
-0.0743356 0.135299 0.0341732 
0.00728878 0.12517 0.0314243 
-0.0213458 0.144645 0.0399275 
0.0133857 0.124811 0.0315185 
-0.0167437 0.144711 0.0393938 
0.0179875 0.123652 0.0306354 
-0.0653543 0.135533 0.0354175 
-0.0578431 0.134766 0.0376713 
-0.0626113 0.153796 0.0300303 
-0.0744 0.0661813 0.0138321 
-0.0654569 0.138932 0.036127 
-0.0609871 0.13808 0.0371744 
-0.0405991 0.134482 0.036777 
-0.0377187 0.135762 0.0382582 
-0.0211198 0.0550749 0.0526246 
0.00381631 0.127424 0.0320294 
0.0368346 0.153459 -0.0111611 
-0.0231497 0.134703 0.0420953 
-0.0188116 0.134311 0.0414129 
0.00298535 0.131124 0.0335261 
-0.0419122 0.145986 0.0311306 
-0.0778141 0.0675389 -0.00055713 
-0.0443114 0.115871 0.0340151 
0.00643776 0.128836 0.0326453 
0.00274921 0.147498 0.0341288 
0.00896183 0.130476 0.032882 
-0.0139106 0.134018 0.039676 
0.0191387 0.127089 0.0303069 
-0.0521108 0.138503 0.0357331 
-0.000591364 0.133211 0.0345446 
2.74394e-06 0.149815 0.0342278 
0.00536847 0.132713 0.0337931 
-0.0778902 0.100023 0.0138622 
-0.0727773 0.144677 0.0348664 
-0.0606476 0.14337 0.0358526 
-0.0669039 0.0948407 0.025724 
-0.0477714 0.0611238 0.038736 
-0.0394799 0.141899 0.034109 
-0.0520967 0.140745 0.0349469 
-0.0226968 0.139922 0.0411834 
-0.074962 0.0617181 -0.00182654 
-0.0176988 0.139439 0.0406681 
0.0633048 0.170395 0.000168705 
-0.0071249 0.155788 0.0309846 
-0.000140791 0.136498 0.0353054 
-0.00674664 0.153278 0.0340826 
-0.0448684 0.0982853 0.0249426 
0.00983243 0.135232 0.0330956 
0.0629859 0.168757 0.000463814 
-0.00783999 0.163777 0.0201021 
-0.0250658 0.141901 0.040309 
0.00249277 0.151536 0.0327496 
0.000982863 0.138542 0.0355356 
-0.0670871 0.149376 0.0333854 
-0.0644449 0.146975 0.034499 
-0.0262193 0.0581769 0.0485039 
-0.0568747 0.148069 0.032561 
-0.0282976 0.145452 0.0381197 
-0.0331842 0.0661418 0.0440326 
-0.0240345 0.14597 0.0388335 
