-0.0401605 0.194832 -0.00570652 
-0.0163139 0.192301 -0.0246972 
-0.0178799 0.191552 -0.0223019 
-0.0208841 0.190591 -0.0187919 
-0.041232 0.192452 -0.00270196 
-0.0433587 0.191722 0.000557809 
-0.0451284 0.186909 0.00404042 
-0.0418571 0.187838 -0.00129038 
-0.0305529 0.185672 0.0108531 
-0.021514 0.187189 -0.0182307 
-0.0243748 0.186855 -0.0144631 
-0.027762 0.186192 -0.0108606 
-0.0380194 0.185288 -0.00169117 
-0.0233826 0.183906 -0.0175992 
-0.0281645 0.182338 -0.0108878 
-0.0374181 0.182192 -0.000816332 
-0.0303425 0.182624 0.00846436 
-0.0335151 0.181309 0.0161421 
-0.0753499 0.180708 0.0353604 
-0.0759042 0.181147 0.0369713 
-0.076264 0.180912 0.0387957 
-0.0791166 0.180737 0.0398328 
-0.0539849 0.179431 0.0187486 
-0.079651 0.179731 0.0402171 
-0.0782933 0.179627 0.0469452 
-0.0650589 0.178614 0.0255467 
-0.0350678 0.178854 0.0171553 
-0.0394861 0.176674 0.00230394 
-0.0151497 0.175103 -0.00289271 
-0.0157839 0.175113 -0.00148899 
-0.0356333 0.177891 -0.0042575 
-0.0381575 0.177424 -0.000422618 
-0.0249147 0.175338 0.0064999 
-0.0270721 0.175192 0.00929051 
-0.0327171 0.177431 0.011466 
-0.0394108 0.175875 0.018637 
-0.0484129 0.176313 0.0236712 
-0.0531809 0.176641 0.026454 
-0.0542782 0.175726 0.0303192 
-0.0561193 0.176602 0.0297863 
-0.0725242 0.176583 0.03634 
-0.0770002 0.177398 0.0497988 
-0.0329482 0.174469 0.0123754 
-0.0713089 0.174627 0.0323388 
-0.0735789 0.174414 0.0416588 
-0.0752726 0.174513 0.0434923 
-0.0755121 0.174454 0.051586 
-0.073529 0.174247 0.0473888 
-0.0151978 0.173188 -0.00335334 
-0.0702383 0.173795 0.0367163 
-0.0704343 0.173267 0.0419331 
-0.0742777 0.173099 0.0511039 
-0.0245021 0.17262 0.00594285 
-0.0315794 0.172228 0.0126169 
-0.0355117 0.17176 0.0152858 
-0.0378871 0.171735 0.018574 
-0.0398607 0.173023 0.0193281 
-0.0433624 0.172596 0.0219874 
-0.0472205 0.172783 0.0250253 
-0.0508548 0.172905 0.0279981 
-0.054378 0.173788 0.0302625 
-0.0562321 0.171961 0.0304093 
-0.0584629 0.170859 0.0320715 
-0.0662353 0.172342 0.0299185 
-0.0360124 0.170007 0.016028 
-0.0541042 0.170084 0.0285665 
-0.0645134 0.170091 0.0314097 
-0.0571054 0.169918 0.0315418 
-0.0581717 0.16961 0.0323406 
-0.0317584 0.167513 -0.0102939 
-0.0390025 0.168671 0.0191905 
-0.0706788 0.169274 0.049304 
-0.0542201 0.168044 0.0321356 
-0.0567661 0.168206 0.0363464 
-0.0214631 0.167947 0.002761 
-0.0244404 0.167673 0.00598141 
-0.0282884 0.16772 0.00926951 
-0.0312051 0.167746 0.0128585 
-0.0350375 0.167423 0.0161582 
-0.0385132 0.1663 0.0200428 
-0.041409 0.166299 0.0236833 
-0.0448967 0.166351 0.0270835 
-0.048478 0.16598 0.0306083 
-0.0553996 0.166076 0.0380801 
-0.0586831 0.166652 0.0413687 
-0.0631546 0.16823 0.0441518 
-0.0730283 0.166379 0.047026 
-0.0391498 0.164291 -0.023255 
-0.0578553 0.164949 0.0404809 
-0.0386068 0.163897 -0.0244265 
-0.0727419 0.164626 0.0466929 
-0.0347676 0.18223 -0.00365431 
-0.0485631 0.164192 0.0307221 
-0.0517873 0.164158 0.0342934 
-0.0550424 0.164369 0.0377221 
-0.0638232 0.163885 0.0432184 
0.0104256 0.161274 -0.0242131 
0.00504493 0.161144 -0.024226 
0.00463115 0.161129 -0.0226164 
-0.0161778 0.162876 -1.23556e-05 
-0.0239862 0.162811 0.00635823 
-0.0274318 0.162874 0.0098173 
-0.0312585 0.162821 0.0130989 
-0.0366961 0.161038 0.0169638 
-0.0347276 0.163144 0.0164916 
-0.0384425 0.162934 0.0198841 
-0.0415226 0.163631 0.0227563 
-0.0428119 0.162102 0.0235474 
-0.0488605 0.161981 0.0300004 
-0.0524508 0.161934 0.03369 
-0.0822307 0.160909 0.030912 
-0.059608 0.163217 0.0405477 
0.0181081 0.161548 -0.0283647 
0.0167033 0.160455 -0.0261814 
0.0121414 0.161401 -0.0260037 
-0.014624 0.160177 -0.00288592 
-0.0646705 0.17096 0.0450922 
-0.054839 0.160416 0.0355677 
-0.0693704 0.160431 0.0443685 
0.00526909 0.159658 -0.023887 
-0.0812411 0.159743 0.0288098 
-0.0913227 0.159652 0.054494 
0.0265523 0.159154 -0.0316844 
-0.0392302 0.15874 -0.0219271 
-0.0168888 0.159631 -5.23193e-06 
-0.0814309 0.159371 0.0295606 
-0.036056 0.159474 0.0161902 
-0.0406875 0.158816 0.0206865 
-0.0788298 0.158669 0.0220405 
-0.0715706 0.158433 0.0162446 
-0.0753804 0.158207 0.019192 
0.0245887 0.158103 -0.028966 
-0.0456591 0.162228 0.0265486 
0.0164601 0.157974 -0.0249289 
0.0375589 0.156027 -0.0351474 
0.0263109 0.155987 -0.027876 
0.0225674 0.155977 -0.0237049 
0.0202539 0.15594 -0.0207936 
0.00437938 0.158074 -0.0214105 
-0.000907202 0.103859 0.00153386 
-0.00924126 0.103842 0.00882376 
-0.0188677 0.102408 0.011517 
0.0610616 0.054998 -0.0306068 
0.0581712 0.127507 -0.0338448 
0.0326439 0.103081 -0.014912 
-0.00779769 0.0795458 0.0090236 
0.0724636 0.103448 -0.0316796 
0.0663062 0.101064 -0.0136838 
0.0387884 0.100303 -0.0205621 
0.0498944 0.101188 0.0040877 
0.0461824 0.103023 0.0104436 
-0.0294838 0.14719 -0.00696142 
0.0404116 0.151632 -0.0347451 
-0.0224088 0.097412 0.0142088 
-0.0375561 0.162987 -0.026899 
0.0461296 0.138514 -0.0306548 
-0.0436658 0.0988281 0.0287249 
-0.0460177 0.0992265 0.0331584 
-0.0447648 0.0968704 0.0349136 
0.0385653 0.0753997 -0.00167132 
-0.0463778 0.0969414 0.0378854 
0.0645293 0.0669348 -0.0291973 
-0.0797501 0.15186 0.054541 
-0.0600485 0.0990721 0.0409559 
-0.01142 0.0691905 0.00951392 
-0.0420409 0.0957564 0.0149115 
-0.0166444 0.102879 0.0111961 
-0.0440021 0.108697 0.0217495 
-0.0141855 0.0957023 0.0124624 
-0.0224627 0.167335 0.000549019 
0.0742865 0.0996386 -0.0168537 
-0.014517 0.0598728 0.0358124 
-0.0417237 0.095572 0.0293102 
-0.00956621 0.100464 0.00952509 
0.0662529 0.0768994 0.000389436 
0.0733954 0.0986171 -0.0311162 
0.0594942 0.123279 -0.0315388 
0.0623632 0.123239 -0.0347589 
0.0750486 0.0974082 -0.0156078 
0.0679499 0.097242 -0.0107382 
-0.0877389 0.154967 0.0527799 
0.047568 0.0991168 0.0122128 
0.0702544 0.0684987 -0.0218373 
-0.070973 0.140323 0.0130527 
-0.0603806 0.118759 0.0331226 
-0.024438 0.0662767 0.0399869 
0.0506421 0.0952044 0.00250563 
-0.0304063 0.142748 0.00691374 
-0.017033 0.0943751 0.0143242 
0.0725599 0.0690899 -0.00452977 
-0.0238557 0.0919346 0.0184476 
0.059307 0.0643554 0.00294683 
0.0646237 0.0635553 -0.0297814 
-0.0539948 0.094433 0.0405085 
-0.0313048 0.0790896 0.0465101 
-0.0541963 0.0989033 0.0390731 
0.0730371 0.079074 -0.00414263 
-0.0263653 0.0911891 0.0203781 
0.0323706 0.093542 -0.0160496 
-0.0351779 0.0906619 0.0361462 
0.0754094 0.082707 -0.0247558 
-0.0468262 0.090457 0.0421765 
0.0770815 0.0932062 -0.0246351 
-0.0433499 0.0613735 0.0600403 
0.0603273 0.0578912 -0.00206607 
0.0514818 0.0937288 0.00464552 
-0.0441532 0.137412 0.0193945 
-0.00513974 0.0696854 0.0172014 
-0.0574197 0.0977133 0.040522 
0.0444985 0.107046 0.00322889 
-0.0637215 0.0893514 0.0443705 
0.0674471 0.0952173 -0.00931007 
-0.00416909 0.0885096 0.00384142 
0.062673 0.0588496 -0.0216155 
-0.0376953 0.0925266 0.02823 
-0.0239126 0.089039 0.0203396 
-0.0274561 0.0881129 0.0234851 
-0.00599441 0.085542 -0.0129907 
-0.00471551 0.08894 0.00567799 
-0.00697891 0.0886559 0.00927086 
-0.00428331 0.0603023 0.0211212 
0.048638 0.0891503 0.0133569 
-0.00956378 0.122947 0.00458702 
-0.0308199 0.0873081 0.0345211 
0.0682297 0.113488 -0.0343323 
0.0150113 0.155755 -0.0189696 
0.0426524 0.141586 -0.0245951 
-0.036511 0.0876799 0.0397715 
0.0701986 0.0991928 -0.0130824 
0.072646 0.0868825 -0.00631093 
0.0468395 0.0640666 0.00453621 
0.0509796 0.0898278 0.00499576 
-0.0338024 0.0881272 0.0377504 
-0.0131537 0.0853505 0.020729 
0.0107024 0.147516 -0.00861997 
-0.0111902 0.0856652 0.0184284 
-0.0284919 0.0857383 0.0283659 
0.0768426 0.0888196 -0.0245225 
0.051062 0.0885684 0.00758847 
0.045813 0.0895472 0.0156384 
-0.00498288 0.0648922 0.0176709 
-0.0701723 0.0847564 0.0444671 
-0.069499 0.0936197 0.0434809 
0.0783117 0.0886896 -0.0180372 
-0.0373698 0.0926948 0.0353381 
0.0773094 0.086999 -0.0113795 
0.0692315 0.102501 -0.015606 
-0.0391133 0.0895889 0.0402808 
0.0743671 0.103189 -0.0279306 
-0.0581582 0.120437 0.0313844 
-0.0537625 0.0826743 0.0424743 
-0.0260168 0.0934506 0.0181271 
0.0746707 0.0726781 -0.0183865 
-0.054409 0.124738 0.0283011 
0.0624495 0.119209 -0.0405853 
-0.0429786 0.194845 -0.000699094 
-0.0333016 0.138025 0.0112047 
-0.0260963 0.0843023 0.025084 
-0.036895 0.0841241 0.0403272 
-0.00378427 0.0986537 0.00529041 
-0.0394521 0.0845905 0.0411122 
0.0702281 0.085466 -0.00407142 
-0.00714416 0.0837868 0.00912924 
-0.00935625 0.0838097 0.0138336 
-0.0746354 0.150824 0.0511289 
-0.0103309 0.0833843 0.0193409 
0.0509914 0.098182 0.00429456 
0.0775349 0.0933217 -0.0181657 
0.00467999 0.116278 -0.0206558 
-0.0373615 0.177577 0.0186455 
-0.0264356 0.0836556 0.0317033 
-0.0493297 0.158352 0.0292779 
-0.0206819 0.15806 0.0032539 
-0.0534455 0.0812629 0.0425754 
-0.0182205 0.0705144 0.0323619 
-0.0431628 0.0810858 0.0423296 
0.0747766 0.0793559 -0.0239604 
-0.0393133 0.080354 0.0444841 
-0.00283338 0.137774 -0.00120882 
-0.0356238 0.173091 0.0161537 
-0.0204493 0.152982 0.00290424 
0.0770152 0.0837882 -0.0221346 
0.0480406 0.0830219 0.00501854 
0.0492752 0.0841656 0.00797382 
-0.0105558 0.069217 0.00635665 
-0.0276016 0.172602 0.00956469 
-0.0662012 0.0839917 0.0452683 
0.0464354 0.0974032 0.0148737 
-0.0430725 0.104125 0.00838328 
-0.036523 0.175872 -0.00529724 
0.0695195 0.0931753 -0.00838967 
0.020706 0.13309 -0.012448 
-0.0256247 0.0749219 0.0388238 
-0.0514169 0.0799929 0.0431298 
0.0369585 0.0690048 0.00250979 
-0.0104023 0.071514 0.01107 
-0.01026 0.0935422 0.0126327 
0.048523 0.0939526 0.013364 
-0.0695711 0.0794317 0.0446089 
-0.0463608 0.177761 0.0194132 
-0.0362516 0.177057 0.0146507 
-0.0415226 0.0961234 0.0214121 
0.0777689 0.0835111 -0.0113748 
0.065206 0.138371 -0.0343068 
0.0760504 0.0838146 -0.00825933 
-0.0743015 0.141374 0.0193201 
0.0461793 0.0862758 0.0148792 
-0.0423784 0.0696731 0.0626847 
0.0695535 0.0824062 -0.00273665 
-0.0699451 0.0764895 0.0442599 
-0.0321928 0.0796999 0.0389519 
-0.00746783 0.0985476 0.00861185 
-0.0293782 0.143156 -0.0032611 
0.0667272 0.0807639 -0.00070829 
-0.014258 0.162466 -0.00302864 
-0.000379696 0.108786 0.00153056 
0.076357 0.0936457 -0.0146207 
-0.0296639 0.157104 -0.0110255 
-0.0313295 0.182204 -0.00717956 
-0.00888724 0.078978 0.0132941 
-0.0491686 0.0842791 0.0428651 
-0.00861226 0.0744867 0.0126591 
0.0320231 0.143227 -0.0156096 
-0.008885 0.0792774 0.0205429 
-0.0510922 0.179411 0.0161395 
-0.0398979 0.0948399 0.0254688 
-0.0214183 0.148992 0.0029228 
-0.0344632 0.0781452 0.0506148 
-0.0192898 0.0763118 0.0208219 
0.062277 0.0604783 -0.00082677 
-0.0230471 0.0951687 0.0156503 
-0.034157 0.0768255 0.0511487 
-0.00791404 0.0786494 0.0171925 
0.0283908 0.06236 0.0129032 
0.0462142 0.110155 -0.0261854 
-0.0493826 0.178005 0.0231904 
-0.0595257 0.150766 0.0377397 
-0.00152512 0.0976909 -0.0151155 
0.050782 0.0937327 0.0104043 
-0.031057 0.0776189 0.0480216 
0.0672725 0.104971 -0.0170855 
0.077656 0.0887986 -0.0139105 
-0.00243392 0.13349 0.000102075 
0.0363995 0.0769039 -0.00416636 
-0.0473773 0.103894 0.0320962 
0.0366232 0.0769531 -0.00359085 
0.0377976 0.10822 -0.0170677 
-0.0560961 0.162209 0.0372074 
0.0447327 0.0599087 0.00338578 
-0.0769561 0.152457 0.0516411 
0.0579048 0.0776078 0.00121479 
-0.00392237 0.093697 0.0051664 
-0.0416306 0.148099 0.0237617 
-0.000624595 0.0993912 -0.013943 
-0.0432557 0.12844 0.0221824 
0.0341719 0.112943 -0.0148969 
-0.060588 0.094676 0.0424114 
0.045863 0.0784497 0.00596004 
-0.00540894 0.08394 0.00493414 
0.0454093 0.0768027 0.00774548 
0.0493494 0.0641022 0.00454678 
0.0173064 0.128444 -0.0152094 
0.0311702 0.0898253 -0.0152843 
-0.0240126 0.15278 0.00657561 
-0.00737291 0.0758134 0.0209506 
-0.0447343 0.10382 0.0144409 
0.072223 0.141968 -0.0359525 
-0.00311918 0.0642617 0.0212706 
-0.030495 0.138038 -0.00596565 
0.0696012 0.0738457 -0.0265337 
0.0760351 0.0789145 -0.0211286 
-0.0190663 0.0645027 0.0378899 
-0.0135816 0.0674204 0.0299636 
0.0776004 0.0937531 -0.0213892 
0.0499147 0.0992136 0.00175599 
0.0502448 0.098651 0.00803634 
0.00984592 0.122782 -0.0200824 
-0.0283639 0.0644696 0.0494873 
-0.0385025 0.0563847 0.0543028 
-0.023155 0.0697122 0.0403406 
-0.0396192 0.0603752 0.0584836 
-0.0288562 0.0669162 0.0448325 
0.0386283 0.0650817 0.0046831 
0.0420882 0.0756859 0.0128509 
0.0312847 0.113781 -0.0143638 
-0.0486252 0.0927975 0.041846 
0.0493313 0.0616019 0.00445424 
-0.00884835 0.0740245 0.00724433 
-0.0805452 0.154324 0.0472119 
-0.00309763 0.0651696 0.0244027 
-0.0293342 0.074957 0.0458325 
-0.000130728 0.128099 0.000551744 
-0.069567 0.0990491 0.0421082 
-0.0217475 0.156521 0.000279012 
-0.0347245 0.14357 0.0171781 
-0.0286769 0.0792729 0.0373485 
-0.0410326 0.0568198 0.0562757 
-0.0291363 0.0904376 0.0224484 
0.0426047 0.151203 -0.0367244 
0.06565 0.0604177 -0.00404999 
0.05361 0.0639985 0.00432131 
-0.0116388 0.0923763 0.0158439 
0.0438609 0.0840076 0.0154616 
-0.00298931 0.121571 0.00296029 
0.0421986 0.0631949 0.00415979 
0.0325635 0.0643469 0.0119253 
-0.0354615 0.0644765 0.0566448 
0.0780404 0.137352 -0.0403301 
0.0474225 0.0801358 0.00784965 
-0.0595364 0.121969 0.0312625 
-0.00841495 0.0734791 0.026818 
0.0474011 0.137657 -0.0344594 
0.0708504 0.0731935 -0.0242662 
0.0723736 0.0837357 -0.00499483 
0.0368802 0.100127 -0.0184271 
-0.0412263 0.0956044 0.0122964 
-0.0544167 0.103196 0.0375882 
-0.0324135 0.0561605 0.0502191 
-0.0416355 0.168145 -0.0194879 
-0.00697809 0.103674 0.0076493 
0.0120818 0.0617872 0.0228114 
0.0756663 0.100919 -0.0252491 
-0.0123765 0.0832497 0.0216088 
0.00746088 0.149724 -0.00940365 
0.0682247 0.0643704 -0.0203582 
-0.0360725 0.141645 0.0142083 
0.0368491 0.0642446 0.00885325 
-0.0131202 0.116854 0.00683713 
-0.0307012 0.152885 0.0134528 
-0.000914808 0.100047 0.000372481 
-0.0165724 0.0681377 0.0343033 
-0.00356477 0.0688303 0.0208034 
-0.00171475 0.0991525 0.00210148 
0.0693331 0.0690252 -0.00103697 
0.0705032 0.127605 -0.040288 
0.0765117 0.0739693 -0.0141287 
0.0565138 0.0628324 0.00339719 
0.0791263 0.139076 -0.0432632 
0.0114835 0.0600654 0.0237059 
-0.04165 0.0565615 0.031339 
-0.0291106 0.143302 0.00326596 
0.0377256 0.0609142 0.00785459 
-0.0313314 0.185729 -0.00750382 
0.0653847 0.135402 -0.0356482 
-0.0427179 0.186016 0.00216685 
-0.0149131 0.06453 0.0353286 
0.049196 0.0557242 0.000428841 
-0.0525235 0.160251 0.0332706 
-0.0249302 0.082391 0.028373 
0.0604489 0.0576496 -0.0243486 
-0.0309545 0.178687 0.00882353 
0.0440976 0.107695 -0.00152841 
-0.0362583 0.069317 0.0559928 
-0.0326562 0.178977 -0.00787109 
-0.0267497 0.0606202 0.0506054 
-0.0366703 0.0806838 0.0405253 
-0.0451786 0.108879 0.0277135 
-0.00641437 0.128125 0.00230468 
0.0663131 0.0590808 -0.010239 
-0.072846 0.150812 0.0492623 
0.0475648 0.0835246 0.012289 
-0.0171197 0.0982509 0.0128422 
-0.0685978 0.140365 0.0507751 
0.0401824 0.0734745 0.0126783 
-0.032995 0.066365 0.0405907 
-0.0368496 0.0772623 0.0551113 
0.0747868 0.0698268 -0.0140071 
0.0458022 0.141933 -0.0349743 
0.0770164 0.0756322 -0.0109428 
-0.0431497 0.100316 0.00895954 
-0.0606447 0.16877 0.0393199 
0.0137535 0.142457 -0.00755194 
-0.0395359 0.0741847 0.0598135 
0.0345405 0.133312 -0.0154568 
-0.0605467 0.148093 0.0396501 
-0.0399881 0.113111 0.00492877 
0.0334023 0.15719 -0.0334349 
-0.030092 0.138756 0.00343381 
0.022966 0.06397 0.0168199 
-0.0254723 0.0685704 0.0410834 
-0.0331288 0.083967 0.0387383 
-0.0132292 0.0561791 0.0348684 
-0.0508058 0.123125 0.0284077 
0.0633176 0.0566786 -0.0102876 
-0.0344013 0.0939329 0.0197524 
-0.0101516 0.0688552 0.00271533 
-0.00981845 0.0596915 0.033751 
-0.0089992 0.0824012 0.0169724 
-0.0207135 0.0781796 0.0236016 
0.0171619 0.0640752 0.0225508 
-0.0779643 0.147934 0.0567877 
0.0687579 0.150872 -0.0364488 
-0.022185 0.0800039 0.0230192 
-0.0688411 0.152567 0.0440751 
0.0662677 0.0738928 0.000748715 
0.0565248 0.0588673 0.00100679 
0.0683519 0.0657058 -0.00137875 
-0.00273836 0.0953733 0.00251969 
-0.0414461 0.0593482 0.0586163 
-0.0325801 0.0898663 0.0256042 
0.0479695 0.10304 0.00137264 
0.077673 0.0792258 -0.0176794 
-0.0068065 0.0789443 0.00494149 
-0.0337738 0.0743542 0.051711 
-0.0278723 0.0749778 0.0437497 
-0.0410929 0.0582946 0.0319592 
-0.00180156 0.0957463 -0.0130494 
-0.0296127 0.0782196 0.042521 
0.0763408 0.0789871 -0.00776446 
0.0396635 0.0596005 0.0114043 
-0.060609 0.0842228 0.0442149 
0.0171445 0.0668024 0.0199378 
-0.0325517 0.146207 0.0121841 
-0.0770328 0.177538 0.0443877 
0.0681567 0.137657 -0.0358126 
-0.0069874 0.0550987 0.0278745 
0.0408959 0.0711081 0.00256156 
-0.0435426 0.0991066 0.0217027 
-0.0681138 0.148193 0.0461053 
0.0329646 0.0986926 -0.0157775 
-0.0101978 0.126171 0.00355786 
0.0565514 0.0655149 0.00421913 
-0.0196348 0.0894602 0.018039 
0.0636152 0.0578051 -0.00629319 
0.0636112 0.0740942 0.00166364 
-0.0380992 0.165679 -0.0260052 
0.0676884 0.114844 -0.0316711 
-0.0444384 0.144416 0.028095 
0.00669188 0.14258 -0.00540451 
0.0413749 0.0562767 0.0136116 
-0.0430857 0.113594 0.0225079 
0.0436216 0.147962 -0.0363579 
-0.065475 0.170163 0.0397629 
0.0753129 0.0874943 -0.00892753 
0.0055479 0.11699 -0.015549 
-0.00531647 0.0601263 0.0192221 
0.0783769 0.0837962 -0.0178283 
-0.0564186 0.144003 0.0383665 
0.0719181 0.0649601 -0.010615 
-0.0191129 0.0793964 0.0209346 
-0.0118354 0.0658153 0.00634072 
0.0414412 0.108097 -0.0200492 
-0.0344593 0.0571651 0.0514955 
-0.0401496 0.114941 0.0069988 
0.0642857 0.119916 -0.0350927 
-0.0429819 0.168929 0.0225021 
-0.0413887 0.0739335 0.0633356 
-0.00718234 0.0936804 0.00892032 
0.00761804 0.128271 -0.00462061 
0.0626001 0.0587367 -0.0273754 
-0.0676415 0.100491 0.0417874 
-0.0197084 0.0822012 0.0210063 
-0.0096343 0.0634066 0.0328412 
-0.0413918 0.15645 0.0226803 
-0.0638605 0.0942376 0.043381 
-0.0303558 0.0743115 0.0480696 
0.0613533 0.121182 -0.0308854 
0.0386218 0.118191 -0.00323876 
-0.0389449 0.174388 -0.000956248 
-0.010158 0.072714 0.0102054 
0.0658411 0.063933 -0.0245646 
0.053471 0.0551194 -0.0010552 
0.0766828 0.0964733 -0.0179631 
0.0646983 0.0633324 -0.0276159 
0.0568423 0.0744154 0.00273301 
0.0198066 0.0600444 0.0206609 
-0.0667236 0.143507 0.0475066 
-0.0544499 0.0895033 0.042024 
-0.0611501 0.111972 0.0367638 
-0.012297 0.0654179 0.0317227 
0.0373439 0.062224 0.0109391 
-0.00626423 0.0736228 0.0234385 
0.0591579 0.0554794 -0.00400372 
0.0447329 0.144498 -0.0354352 
-0.0295294 0.0563644 0.0493556 
-0.0402231 0.093354 0.0383861 
0.0614087 0.0554442 -0.0162038 
-0.0445353 0.100962 0.0182389 
-0.0200173 0.0976872 0.0139626 
-0.0442358 0.113588 0.025462 
0.0735045 0.0935112 -0.0107893 
0.00822643 0.122612 -0.0103389 
-0.0412016 0.0955824 0.0187899 
0.0570697 0.129071 -0.0341728 
-0.00671023 0.0560441 0.0303014 
-0.02088 0.0715368 0.0355069 
-0.00628149 0.0640272 0.0298115 
-0.0571681 0.0843505 0.0433437 
-0.0365348 0.0938458 0.0223262 
0.0136046 0.0658397 0.0134521 
0.0415597 0.0562912 0.0119772 
0.0763418 0.0983828 -0.0214686 
-0.0319544 0.132389 0.00367377 
0.0755098 0.0987194 -0.0275358 
-0.043494 0.0842655 0.0422108 
0.038616 0.0691726 0.0107996 
0.0621826 0.0557162 -0.0133841 
-0.0181201 0.0608784 0.037149 
0.05986 0.0736258 0.00269349 
-0.00564505 0.059723 0.0306443 
-0.00547661 0.0847484 0.00602617 
0.0458833 0.0791049 0.01092 
-0.0696153 0.0877251 0.0443817 
-0.0288102 0.0840601 0.0357207 
-0.0918188 0.139457 0.0361117 
-0.0352046 0.152846 0.0164378 
-0.0571895 0.080717 0.0435106 
-0.0605955 0.0889367 0.0438373 
0.0192439 0.0641417 0.0201334 
0.0728763 0.0689834 -0.0176193 
-0.0122537 0.0990068 0.0111093 
-0.00370955 0.103721 0.00514225 
-0.0325646 0.0775191 0.0494827 
-0.0536384 0.152482 0.0325146 
0.0373135 0.0732381 0.0139646 
0.0593145 0.0608744 0.00148346 
0.0500751 0.0581968 0.00231034 
-0.0287392 0.0698313 0.0434888 
0.00257274 0.146019 -0.00553997 
0.0232912 0.0599016 0.0170816 
0.04308 0.0737976 0.0081757 
-0.0529463 0.0784605 0.0459061 
-0.0750665 0.179953 0.0365044 
-0.00934124 0.0559899 0.0333423 
0.0623314 0.122095 -0.040996 
0.0402306 0.114252 -0.00231793 
-0.073188 0.151774 0.0487971 
0.0741234 0.104239 -0.0244853 
0.0308084 0.0600053 0.01218 
0.0107969 0.153959 -0.0148752 
-0.0128897 0.103574 0.010113 
0.0647701 0.0669001 -0.0281861 
0.0640944 0.0693236 0.00184412 
0.00134879 0.109253 -0.00147265 
0.0685092 0.0610341 -0.00728253 
0.0593866 0.0690189 0.00356958 
-0.0241197 0.0724511 0.0406942 
0.0111321 0.0581103 0.0235006 
0.00238647 0.111424 -0.0187273 
0.0104751 0.151121 -0.0107212 
0.0356058 0.0980479 -0.0179962 
-0.0326932 0.0644842 0.0528386 
0.062454 0.118101 -0.0283221 
0.042122 0.110077 -0.00324368 
0.0634502 0.0828968 -0.00121737 
-0.0185172 0.168136 -0.000286737 
0.0318588 0.108563 -0.0143214 
-0.0352052 0.0561996 0.0513108 
0.0209879 0.0650262 0.0104392 
0.0525138 0.0599736 0.00309092 
-0.0592077 0.14383 0.0409691 
-0.0201527 0.0933877 0.016158 
-0.0124842 0.0585601 0.0351439 
0.0168224 0.150821 -0.011816 
-0.00369162 0.0640621 0.0263966 
0.0747187 0.0746527 -0.02026 
0.0438782 0.0757492 0.0108101 
0.0635842 0.0594825 -0.0309552 
0.0371636 0.138188 -0.0174757 
-0.00604482 0.0860508 -0.0136677 
-0.0393086 0.117595 0.0111105 
0.0477634 0.0968763 0.0132422 
-0.0435123 0.089231 0.0418866 
-0.0805704 0.149519 0.0566313 
0.0766782 0.0970746 -0.0249111 
-0.0322802 0.18149 0.0113572 
-0.0541574 0.17121 0.0285416 
-0.0052277 0.0567642 0.0274516 
0.0415667 0.147886 -0.0337024 
-0.0318592 0.166982 -0.00932462 
0.0146605 0.0595462 0.0228882 
-0.0460541 0.157833 0.0261196 
0.0707774 0.0656567 -0.0170751 
-0.0197361 0.0994774 0.0132403 
-0.045705 0.176172 0.020945 
-0.0439744 0.0653706 0.0610199 
0.0378134 0.0669503 0.00921591 
0.0664025 0.0662444 0.000486679 
-0.0396677 0.0644277 0.0593786 
0.074236 0.068585 -0.0105992 
-0.00458818 0.0891066 -0.013801 
0.0760199 0.0724341 -0.01069 
0.0497085 0.0862539 0.0111299 
-0.010759 0.0675962 0.00343205 
-0.045992 0.116164 0.027586 
-0.026759 0.152937 0.0102683 
0.0174409 0.0655591 0.0113807 
-0.0273124 0.0641428 0.0465305 
-0.0609714 0.0809503 0.0441361 
0.035645 0.0697291 0.0127807 
-0.0365758 0.0741231 0.0556861 
-0.019946 0.162834 0.00323472 
0.0708935 0.10585 -0.0200401 
-0.0316738 0.133568 0.000241165 
0.0664642 0.0692329 0.000668257 
-0.029565 0.14306 -0.00977715 
0.0655939 0.0596202 -0.0172005 
0.0607118 0.0553708 -0.0282417 
-0.0576562 0.0893009 0.0429377 
-0.0343359 0.124737 0.000217461 
0.0506943 0.0893894 0.010514 
0.0727841 0.0671967 -0.00692477 
0.0601158 0.0766221 0.00170611 
-0.00289531 0.124344 0.00209469 
0.0460521 0.068984 0.00404227 
-0.00785344 0.0742319 0.00402261 
-0.0653287 0.178366 0.0263516 
-0.00496649 0.072245 0.0204012 
0.0670555 0.0881156 -0.00437142 
-0.0238609 0.080906 0.0320306 
-0.0432178 0.188431 0.00158322 
-0.016952 0.172521 -0.000568058 
0.0639538 0.0608045 -0.0235562 
0.0747005 0.102424 -0.021907 
0.0725103 0.0972802 -0.0126873 
0.0677843 0.0674556 -0.0249964 
0.00170216 0.108358 -0.00406517 
0.0674273 0.0839469 -0.00246122 
-0.0436229 0.0930215 0.0407408 
-0.0118598 0.0654239 0.00325058 
0.0240333 0.13853 -0.0118555 
-0.0497112 0.0991473 0.036662 
0.0687171 0.0698648 -0.0256345 
-0.0415793 0.111999 0.00792375 
-0.0848273 0.154567 0.0510485 
-0.0396486 0.0695045 0.0596238 
-0.0344639 0.0920877 0.0241435 
-0.0335185 0.0691419 0.0522741 
0.0453494 0.0562742 0.00139436 
-0.0120638 0.0553734 0.0342424 
-0.0284823 0.0694365 0.0454256 
0.0467303 0.104759 0.00435429 
0.0400401 0.142315 -0.0215882 
0.072503 0.103151 -0.018475 
-0.0742912 0.142861 0.0581811 
-0.0151017 0.0699444 0.0292565 
-0.0460909 0.0947791 0.0401397 
-0.0360815 0.0596051 0.0558378 
0.0782026 0.143489 -0.0394167 
-0.032321 0.0671276 0.0407762 
-0.00505258 0.0693555 0.0243548 
0.0480432 0.0859569 0.0131532 
-0.0492543 0.0887167 0.0427089 
-0.0367241 0.0782283 0.0535817 
-0.00911839 0.0758554 0.0098815 
0.0163787 0.0668425 0.0212938 
-0.0768753 0.144948 0.0582798 
0.0588562 0.0554907 -0.0249137 
0.0344237 0.0678082 0.0124784 
-0.0927128 0.15823 0.0553227 
0.0699337 0.0706119 -0.0242042 
0.0177167 0.160596 -0.0272677 
-0.0224096 0.0795562 0.0280441 
-0.043053 0.0974157 0.0183625 
0.0758762 0.0743281 -0.0080333 
-0.0426932 0.0957152 0.0361418 
-0.0362357 0.122923 0.0075013 
0.0414462 0.0725849 0.00519609 
-0.00645334 0.0741463 0.0173674 
-0.0388177 0.076939 0.0574547 
-0.0577923 0.113571 0.0353031 
-0.0209418 0.077764 0.0309016 
0.0344369 0.094913 -0.0177486 
0.0447757 0.0749381 0.00516021 
-0.0426185 0.184243 0.00266634 
-0.0698094 0.151809 0.0376931 
-0.00679776 0.0562232 0.0210991 
0.041039 0.057847 0.0138456 
-0.0189418 0.188405 -0.0215873 
-0.0311541 0.148198 0.0132834 
-0.0043255 0.0587064 0.0234703 
0.0199144 0.157904 -0.0267295 
0.0529162 0.0739429 0.0027109 
-0.00353591 0.0599893 0.0268773 
-0.0100818 0.0886858 0.0133687 
-0.047382 0.143966 0.0314951 
-0.012903 0.0651529 0.00856233 
0.0496816 0.0731955 0.00272228 
-0.0451761 0.164479 0.0269319 
0.0123029 0.159012 -0.025223 
-0.00304642 0.0935445 -0.0148236 
-0.00866049 0.0689984 0.0272802 
0.055898 0.054596 -0.00312647 
-0.0192227 0.0745227 0.0311675 
-0.0678982 0.172409 0.0328966 
0.00245032 0.109276 -0.00647972 
-0.0609035 0.10368 0.0397536 
0.0416605 0.0728326 0.00162468 
0.0155021 0.0661594 0.0117524 
0.0688568 0.07885 -0.00152451 
0.0746408 0.0704071 -0.00776234 
0.0344654 0.118242 -0.0151211 
0.0118342 0.124539 -0.018586 
-0.00917191 0.0706252 0.00341908 
0.03153 0.118167 -0.0147451 
-0.0475777 0.13505 0.0208394 
0.0783783 0.083688 -0.0141677 
-0.0263487 0.0734236 0.0428938 
0.0692039 0.0741252 -0.000990132 
-0.0813199 0.149752 0.0576834 
-0.0171287 0.0736699 0.0280188 
-0.0544438 0.180564 0.0180792 
-0.0612124 0.108093 0.0382171 
0.0754439 0.0937173 -0.0278194 
0.0261143 0.0589091 0.0144408 
-0.0403263 0.118507 0.0182659 
-0.0293242 0.139595 -0.00867587 
-9.76164e-05 0.103285 -0.000667427 
0.077666 0.0792702 -0.0111271 
0.0459243 0.105057 -0.000654573 
0.0341951 0.104544 -0.0154345 
-0.0363671 0.0920327 0.0320481 
0.0706075 0.104306 -0.0342464 
-0.0408249 0.19552 -0.00338574 
-0.0691223 0.151079 0.0452506 
0.0378785 0.154096 -0.03545 
-0.0460507 0.168859 0.0260721 
-0.064126 0.103252 0.0409219 
-0.0567201 0.104524 0.0381038 
-0.0402893 0.166493 -0.0216265 
-0.0449417 0.103699 0.0281857 
-0.0445328 0.103963 0.0253481 
0.0778335 0.0885368 -0.0219973 
-0.0444477 0.103625 0.0218306 
0.044361 0.105606 0.00789504 
-0.000143502 0.101816 -0.0143744 
-0.0668098 0.103349 0.0409872 
-0.0446144 0.103768 0.0182881 
0.000837612 0.104995 -0.00305594 
0.000788216 0.10439 -0.0151098 
-0.0221648 0.0842962 0.0219435 
0.0582381 0.132384 -0.0346217 
-0.0304232 0.179613 -0.0104575 
0.042752 0.10539 -0.0232551 
0.0339217 0.151662 -0.0271176 
0.0431274 0.106878 0.00618684 
0.00356561 0.12319 -0.00147358 
0.0430838 0.109161 0.000881621 
0.0662405 0.107533 -0.0192548 
0.0691751 0.108332 -0.0217749 
0.0262118 0.16057 -0.0317484 
-0.00278865 0.154507 -0.0168993 
0.0553224 0.0559095 -0.00138602 
0.0719645 0.107821 -0.0253651 
0.0268019 0.147095 -0.0141967 
0.0729696 0.106596 -0.028314 
-0.0735557 0.177976 0.0340656 
0.0715465 0.108042 -0.0311626 
0.0442455 0.108704 -0.0236001 
-0.0137751 0.108071 0.00900257 
-0.0890197 0.157751 0.0534851 
-0.00895466 0.108879 0.00768675 
-0.00656047 0.107654 0.00693661 
-0.026075 0.0600728 0.0474946 
-0.00376969 0.108806 0.00505457 
-0.00127362 0.157195 -0.0190902 
0.0708633 0.109863 -0.0276334 
0.0369133 0.103566 -0.0175383 
0.0274164 0.0565332 0.0125641 
0.0693786 0.108685 -0.0347333 
-0.0345301 0.126083 0.00728177 
-0.0660369 0.107345 0.0393639 
-0.0570501 0.108861 0.0365791 
0.070668 0.0890613 -0.00622508 
0.0204471 0.130556 -0.014335 
-0.0541502 0.106741 0.0364112 
0.0306138 0.148074 -0.0171221 
-0.051571 0.107786 0.0342345 
-0.0481707 0.108926 0.031198 
-0.0394943 0.0808783 0.0414374 
0.067793 0.0633703 -0.0023553 
-0.0443301 0.108386 0.0253037 
0.0746678 0.0898036 -0.00956516 
0.00645449 0.119173 -0.0102709 
0.0494515 0.128133 -0.0337149 
-0.0444881 0.106325 0.0180432 
0.0640979 0.111072 -0.0220874 
-0.0440269 0.108435 0.0148856 
0.0106462 0.0564921 0.0232574 
0.00107661 0.108121 -0.0186834 
0.0711759 0.0660114 -0.00454778 
-0.0642818 0.109593 0.0381235 
-0.0528078 0.109987 0.0343024 
-0.0198768 0.0692766 0.0376008 
-0.043073 0.109003 0.0102985 
-0.0681992 0.163854 0.0445296 
-0.0632121 0.143723 0.0442549 
-0.0448641 0.148184 0.0274106 
-0.0422303 0.108165 0.0082127 
-0.0578242 0.117092 0.0337188 
-0.0400874 0.194073 -0.00567929 
0.0215785 0.137683 -0.0110715 
0.064517 0.110064 -0.0214556 
-0.071945 0.172214 0.0494266 
-0.0160815 0.10976 0.00880815 
0.0666022 0.110454 -0.0224724 
-0.00783541 0.153767 -0.0165816 
-0.0682744 0.171708 0.039469 
0.0272076 0.143034 -0.0132662 
0.0408415 0.112226 8.25925e-05 
-0.0779673 0.152925 0.044821 
0.0411826 0.112132 -0.00375807 
0.0658576 0.113016 -0.0247428 
0.0304622 0.157191 -0.0310316 
-0.0722617 0.142741 0.0561519 
-0.00994579 0.0661731 0.0277117 
-0.00334798 0.117764 0.00362824 
0.00222606 0.113663 -0.00196722 
-0.0134896 0.0867405 0.0200989 
0.0041847 0.144947 -0.00586513 
0.070017 0.11154 -0.0316229 
0.00140779 0.110099 -0.0205372 
-0.0132401 0.113294 0.00779835 
0.0260247 0.06359 0.0138453 
0.0378654 0.113026 -0.0165277 
0.0423014 0.113134 -0.0193717 
0.0455744 0.113113 -0.0231133 
0.047351 0.113589 -0.0266255 
-0.0162602 0.111366 0.00835209 
-0.00173732 0.0991889 -0.0172562 
-0.00951006 0.113719 0.00671318 
-0.0692161 0.162627 0.0447455 
0.0247639 0.160678 -0.0297527 
0.0719148 0.132701 -0.0390345 
-0.00612907 0.114312 0.00559725 
-0.0643387 0.0987046 0.0421718 
-0.0455123 0.113623 0.0274741 
-0.0422934 0.0983862 0.0108327 
-0.0724906 0.144566 0.055131 
-0.0757898 0.176493 0.0472591 
0.00285142 0.11277 -0.0043373 
-0.0656598 0.1701 0.0326671 
0.00367163 0.113895 -0.00690263 
-0.0710272 0.165699 0.0459648 
0.00302834 0.113258 -0.0201773 
-0.0633725 0.113442 0.0364112 
-0.0531515 0.113906 0.0333041 
-0.0101318 0.0971607 0.0108347 
-0.0483997 0.112697 0.0304644 
-0.0580842 0.179221 0.0216422 
0.0766168 0.146145 -0.036658 
-0.0418277 0.114111 0.0176696 
-0.0318974 0.133356 0.00666664 
-0.0423691 0.112359 0.0147451 
-0.0414648 0.113607 0.0109797 
-0.0496814 0.114705 0.0308541 
-0.0669501 0.168197 0.0468658 
0.00414247 0.114709 -0.0184673 
0.0623748 0.115083 -0.0254062 
0.0662519 0.115444 -0.0370954 
-0.0388049 0.165428 -0.0242328 
0.0103726 0.158118 -0.0233096 
0.0686329 0.112831 -0.0284448 
0.0423296 0.143579 -0.0267541 
0.0515944 0.0939286 0.00781562 
-0.0613916 0.115332 0.0349325 
0.0381678 0.118022 -0.016463 
0.0426122 0.11815 -0.0191345 
0.0462128 0.118139 -0.0226065 
0.0482492 0.118076 -0.0271897 
0.0661833 0.116731 -0.0349977 
-0.0496838 0.152949 0.0294362 
0.0644478 0.118562 -0.0374603 
-0.0384646 0.115282 0.00206609 
-0.00577021 0.118256 0.00448908 
0.00310427 0.118091 -0.00191179 
-0.0397117 0.123358 0.0190642 
0.00494967 0.11895 -0.00516509 
-0.0678053 0.150619 0.0359121 
0.00524401 0.11792 -0.0076476 
-0.0497071 0.118356 0.0297581 
-0.0458327 0.118578 0.0267028 
0.0434749 0.144755 -0.0337761 
-0.0426167 0.118359 0.0230373 
-0.0405075 0.115838 0.0143643 
-0.0778646 0.15085 0.0546979 
-0.00974735 0.118219 0.00571492 
0.00653608 0.118462 -0.0184282 
-0.0797901 0.145735 0.0589406 
0.0733442 0.0739821 -0.00384609 
-0.0631749 0.116942 0.0345735 
-0.0253268 0.183233 -0.0146499 
0.0184574 0.153707 -0.0154049 
-0.0430006 0.158484 0.0226237 
-0.0237315 0.0790293 0.033961 
-0.0389222 0.118919 0.0140519 
0.0621914 0.0565564 -0.0310186 
0.0399427 0.0691171 0.00603 
-0.0330401 0.0894944 0.0320648 
-0.0384519 0.118917 0.00726984 
-0.0297515 0.142813 -0.00690624 
0.0616453 0.0559985 -0.0322545 
0.0406496 0.0700683 0.00802087 
-0.0353857 0.0907458 0.0284535 
-0.0388771 0.117204 0.00439191 
0.0144461 0.0667893 0.0117342 
0.0474195 0.13294 -0.0280615 
-0.0367932 0.118549 0.00148884 
-0.0403033 0.0943897 0.0318692 
0.00809016 0.133044 -0.00418621 
-0.0112922 0.0802668 0.0223236 
-0.0850729 0.157013 0.0508168 
0.0273092 0.138191 -0.013055 
0.0491165 0.119355 -0.0304456 
-0.0138466 0.118261 0.00635884 
-0.0136081 0.118611 0.00580841 
0.0646035 0.115798 -0.0271653 
0.0381374 0.120285 -0.0060605 
-0.037098 0.119862 0.0035752 
-0.0506705 0.130323 0.023831 
0.00779336 0.120288 -0.0155106 
0.0357895 0.122667 -0.005288 
0.0370298 0.121378 -0.00428211 
0.00321762 0.133354 -0.00186268 
0.0317155 0.122672 -0.0149198 
0.0635294 0.0788195 0.000493633 
0.0344347 0.122904 -0.0152657 
-0.0304151 0.156967 -0.00844244 
0.0690486 0.142631 -0.0351764 
0.038135 0.123138 -0.016614 
0.0489379 0.127569 -0.0311966 
0.0426516 0.123142 -0.0191552 
0.0130822 0.0667987 0.0131944 
0.0462311 0.12313 -0.0226333 
0.0730914 0.13765 -0.0378493 
-0.0365183 0.128451 0.0152166 
-0.0291954 0.147413 -0.0101376 
0.0491633 0.12297 -0.0311664 
-0.0694446 0.14223 0.0531003 
0.0778343 0.0784988 -0.0143077 
0.062549 0.121175 -0.0321308 
-0.0740293 0.177665 0.0402454 
0.0634443 0.123122 -0.0384254 
-0.0460513 0.153125 0.0264009 
0.0695941 0.148254 -0.0384958 
0.0483189 0.123025 -0.0272721 
-0.00591084 0.123245 0.00339152 
0.0763879 0.13961 -0.0409965 
-0.000282127 0.123046 0.0012789 
0.00645673 0.123276 -0.00539901 
0.00650594 0.121102 -0.00819565 
-0.0542799 0.121775 0.0304132 
-0.0496309 0.168465 0.0291988 
-0.046554 0.123332 0.0259534 
-0.0427814 0.123382 0.0228658 
-0.0372387 0.123281 0.0144144 
0.0456399 0.0555696 0.000956999 
0.06257 0.0581311 -0.0330026 
-0.0359275 0.12398 0.0105307 
-0.022573 0.0657258 0.0393445 
-0.0344782 0.148188 0.0166808 
-0.0306003 0.0925945 0.02063 
0.044549 0.0877371 0.0161131 
0.00583826 0.150727 -0.00913336 
0.0101933 0.123464 -0.0153919 
0.0119459 0.056552 0.0221501 
0.0691638 0.148218 -0.0396891 
0.00876969 0.121726 -0.0189337 
-0.0570843 0.123675 0.0296821 
-0.0289645 0.154287 -0.0132601 
-0.0357594 0.123794 0.00353981 
0.0680033 0.0606331 -0.0135666 
0.0423582 0.128105 -0.0193015 
-0.0358384 0.12238 0.0010752 
-0.0341595 0.123524 -0.000870709 
0.0502675 0.129613 -0.0356221 
0.00347793 0.147718 -0.0074872 
0.00861082 0.124445 -0.00912168 
0.0482832 0.13165 -0.0310746 
0.0494576 0.124195 -0.0330073 
-0.0694585 0.143857 0.0510503 
-0.0046407 0.0871856 -0.0118691 
0.0700424 0.124601 -0.0409845 
0.0199328 0.151479 -0.01353 
0.0699192 0.125093 -0.0399842 
0.000570568 0.142861 -0.00393119 
0.0213067 0.148059 -0.0121742 
-0.00732407 0.0784227 0.00688511 
-0.0541722 0.118361 0.0320935 
0.0108453 0.125275 -0.0122722 
-0.0381198 0.148076 0.0202592 
0.0315543 0.128745 -0.0148866 
0.034505 0.127729 -0.0152796 
-0.0636626 0.0840921 0.0446686 
0.0458845 0.128161 -0.022801 
0.0480694 0.12805 -0.0274868 
0.0403721 0.103672 -0.0209356 
-0.0440633 0.0990946 0.0149495 
-0.000317302 0.103524 -0.0177766 
-0.0366654 0.138126 0.014992 
-0.022762 0.0741641 0.0348997 
-0.0543584 0.146392 0.0366036 
0.0656098 0.128285 -0.0379675 
0.069801 0.127615 -0.0407662 
0.0316212 0.13806 -0.0144949 
0.00369921 0.128256 -0.00149515 
-0.0516831 0.165654 0.0343104 
0.00202895 0.108547 -0.0155785 
-0.0725985 0.139952 0.0153678 
-0.0574425 0.0937538 0.041869 
0.0107 0.12825 -0.0084632 
0.01335 0.128301 -0.0123506 
-0.0306496 0.0876627 0.0281192 
0.0127365 0.125959 -0.0151713 
5.94385e-05 0.132324 -0.000457983 
0.0614218 0.0549538 -0.00976593 
0.0139535 0.125922 -0.0173064 
-0.0561429 0.126161 0.0280613 
-0.0392826 0.175157 -0.0271496 
0.0475368 0.134509 -0.0309776 
-0.0572227 0.151419 0.0356181 
-0.0535655 0.128005 0.0260662 
0.0380689 0.128169 -0.0167109 
0.028065 0.0600771 0.0133092 
-0.0506987 0.126705 0.0263856 
0.0638887 0.0642692 0.000957933 
-0.0476202 0.128115 0.0245605 
0.013483 0.137764 -0.00708172 
0.0443752 0.0577816 0.00206557 
-0.0343353 0.128431 0.0104493 
0.0678418 0.0624114 -0.018098 
-0.0338755 0.127956 0.00370783 
-0.0335275 0.12898 0.000323714 
-0.0333362 0.128114 -0.00203923 
0.0206863 0.128107 -0.0166585 
0.0765591 0.128866 -0.0412886 
0.0784676 0.129578 -0.0419106 
0.0756436 0.0890129 -0.0267499 
-0.0299743 0.154545 -0.0084009 
0.0790005 0.129495 -0.0427038 
0.0790593 0.129592 -0.0433804 
0.0221877 0.130086 -0.0154274 
-0.0273271 0.0595923 0.0502295 
0.076387 0.132524 -0.0416006 
-0.0266645 0.0787723 0.0362884 
0.0781503 0.133434 -0.0410556 
0.0805122 0.134017 -0.0425557 
-0.0289495 0.147109 -0.00343296 
0.0786637 0.131089 -0.0436323 
-0.0233558 0.158014 0.00686337 
0.0240232 0.132223 -0.0142794 
0.0641776 0.0575739 -0.0140753 
0.0316416 0.132934 -0.0146445 
0.0440518 0.142676 -0.031081 
-0.0332576 0.129564 0.00707223 
0.0702573 0.0634399 -0.0140433 
0.0420313 0.133174 -0.019876 
-0.0636508 0.0795429 0.0446396 
-0.0350535 0.120582 -0.00101153 
0.0453662 0.13311 -0.0234491 
0.0485088 0.132923 -0.0338446 
-0.0433214 0.103851 0.0107361 
0.0414226 0.109882 0.00339572 
0.0498349 0.132459 -0.0362728 
-0.030123 0.185668 0.00912719 
0.0623287 0.133018 -0.0350802 
-0.0240601 0.0809597 0.0248188 
0.0658417 0.132399 -0.0369526 
-0.00708915 0.131661 0.00136573 
-0.029055 0.142816 2.34775e-06 
-0.040522 0.168115 -0.0226362 
-0.0394889 0.128549 0.0190541 
0.0117953 0.132321 -0.00700229 
-0.000419574 0.118176 0.00173092 
0.0164291 0.13366 -0.00988708 
0.0276638 0.133986 -0.01364 
0.067908 0.133731 -0.0374256 
-0.0498005 0.13305 0.0222688 
-0.0668991 0.170136 0.0370686 
0.010974 0.14316 -0.00687174 
-0.0822427 0.159453 0.0308484 
-0.0475094 0.131897 0.0226422 
0.039513 0.11648 -0.00516517 
-0.0442245 0.133086 0.0210437 
-0.0399286 0.133317 0.0185414 
-0.0363081 0.133249 0.0152662 
0.0741622 0.0953269 -0.030267 
-0.0334493 0.133226 0.0111846 
0.0527636 0.0690775 0.00427286 
-0.0322046 0.132583 -0.00309964 
-0.0423756 0.097392 0.0250782 
-0.0313885 0.133913 -0.00510488 
0.0034045 0.141346 -0.0037972 
-0.00846976 0.134144 3.05046e-05 
0.0379743 0.0986595 -0.020222 
0.0606943 0.14707 -0.0343404 
0.0128175 0.134244 -0.00708296 
0.0812549 0.13697 -0.0427888 
-0.000208441 0.113433 0.00163508 
-0.0197835 0.0847714 0.0197962 
0.00765707 0.137688 -0.00443483 
-0.0674023 0.170881 0.0361255 
0.0111025 0.137927 -0.00592962 
0.017085 0.137823 -0.00907538 
0.0342905 0.137905 -0.0155243 
0.0411396 0.138112 -0.0205841 
0.0442169 0.138103 -0.0244914 
0.0461539 0.137256 -0.0279817 
0.0746487 0.139003 -0.0380317 
-0.0293324 0.0692354 0.0485744 
-0.046718 0.138142 0.0194766 
0.0706356 0.0639353 -0.00677357 
-0.0405485 0.137958 0.0178674 
0.0376473 0.14771 -0.0239008 
0.0398847 0.112566 0.00194634 
-0.0027112 0.155979 -0.0168881 
-0.0309545 0.137931 0.0065462 
-0.0302831 0.137926 0.000128933 
0.00314231 0.137861 -0.0027707 
-0.00916279 0.152788 -0.0150633 
-0.0380977 0.157957 0.0197188 
0.0343833 0.108511 -0.0151943 
0.000689127 0.138746 -0.00217831 
-0.03031 0.139083 -0.00330417 
0.0610911 0.0555365 -0.00724405 
-0.0909613 0.139215 0.0345644 
-0.0692941 0.140288 0.052875 
0.0621813 0.142528 -0.0334217 
-0.0351698 0.185459 -0.0042837 
0.0239226 0.142369 -0.0118992 
0.0658357 0.142591 -0.0340328 
-0.0316078 0.183356 0.0128315 
0.0751863 0.142557 -0.0369147 
0.0762348 0.141195 -0.0414075 
-0.072311 0.140636 0.0560385 
-0.0717194 0.14062 0.0549399 
-0.00202248 0.140555 -0.00205433 
0.0170596 0.142831 -0.00918 
0.0216296 0.143179 -0.0110382 
0.0368971 0.141839 -0.0184091 
-0.0459272 0.141238 0.0183411 
-0.042186 0.141004 0.0179286 
-0.0330157 0.142949 0.0110391 
-0.0550227 0.143759 0.037417 
-0.043296 0.110108 0.0181473 
-0.0515945 0.143783 0.0345857 
0.00361815 0.113126 -0.0162624 
-0.0723828 0.141513 0.0157054 
-0.0704901 0.14146 0.0129256 
-0.0374454 0.144139 0.0204304 
-0.0412778 0.144585 0.0239216 
-0.0326994 0.144495 0.0139693 
0.0484862 0.102342 0.00679839 
-0.0038367 0.113307 0.00462179 
0.0393288 0.144734 -0.0225314 
-0.0275046 0.145224 0.00921438 
0.060372 0.146615 -0.0327546 
-0.0173708 0.149516 -3.00946e-05 
0.0663574 0.145449 -0.0341794 
0.0689124 0.147595 -0.0358249 
0.080302 0.147228 -0.0390189 
0.0462419 0.0934358 0.0156267 
0.00704534 0.146743 -0.00717565 
-0.0335635 0.0595009 0.0525251 
-0.00265076 0.128722 0.0012867 
0.0172629 0.147508 -0.0103886 
0.0341546 0.148073 -0.0204042 
-0.0391892 0.173434 -0.0271063 
0.0401198 0.146934 -0.0278535 
0.0755135 0.0853363 -0.0259673 
0.0416431 0.145929 -0.0311075 
0.0141417 0.148555 -0.0100537 
-0.0804863 0.147564 0.058597 
0.038004 0.133116 -0.0170645 
-0.0743976 0.14828 0.0537748 
-0.0679434 0.172078 0.0463999 
0.0625422 0.137489 -0.0340446 
-0.0712413 0.148269 0.0499591 
-0.0644704 0.14792 0.0428808 
-0.0222581 0.0718488 0.0387269 
0.0343915 0.14131 -0.016246 
-0.0566286 0.148339 0.036793 
0.03544 0.14409 -0.0185431 
-0.0515888 0.147207 0.0340909 
-0.048107 0.148009 0.0307689 
-0.011811 0.127669 0.00238385 
-0.0274902 0.147968 0.00989531 
-0.0241993 0.148415 0.00614 
-0.0283335 0.146202 0.00326333 
-0.0286612 0.14649 -0.000265226 
0.0809036 0.148118 -0.0411128 
0.0248672 0.149336 -0.0146716 
0.0384966 0.149042 -0.0303365 
-0.0608558 0.167212 0.0434181 
-0.0528578 0.149208 0.0338184 
-0.0501796 0.149881 0.0313244 
-0.035383 0.157602 0.0163279 
-0.0671037 0.150022 0.0427172 
-0.0695811 0.150388 0.0379604 
0.0279053 0.150172 -0.0166906 
0.0358844 0.150094 -0.026023 
-0.0064141 0.0558411 0.0242069 
0.0608676 0.143954 -0.0324773 
-0.0676802 0.151344 0.0425959 
-0.00184896 0.154617 -0.0182167 
-0.052016 0.175464 0.0287654 
-0.0447246 0.150859 0.0261108 
0.0395279 0.0768881 0.0147717 
-0.0180413 0.0913407 0.0156154 
-0.0415837 0.152729 0.0229078 
0.0149112 0.131559 -0.0104131 
-0.0383318 0.152961 0.0199581 
-0.0413648 0.109145 0.00563116 
-0.0177417 0.152078 -0.000139587 
0.0076071 0.151969 -0.0113855 
0.0136984 0.15235 -0.0127171 
0.024347 0.152005 -0.0164359 
-0.0745644 0.140085 0.0192385 
0.0275952 0.15245 -0.0197522 
-0.0510553 0.103902 0.0353455 
0.0310316 0.152097 -0.0230409 
0.0362151 0.151723 -0.0318467 
-0.0195528 0.0756316 0.024097 
-0.067113 0.152152 0.0347975 
-0.0118137 0.088522 0.0174411 
0.0426609 0.0790863 0.0142304 
-0.0434841 0.153343 0.0242673 
-0.0291403 0.153639 -0.0111748 
0.0612994 0.127928 -0.0355621 
0.0209762 0.154496 -0.0186965 
-0.0203731 0.17228 0.00279653 
0.0310519 0.154012 -0.0298775 
0.0355157 0.154117 -0.0325001 
0.0281864 0.154458 -0.0262377 
0.0248751 0.154742 -0.0222264 
0.0651107 0.117926 -0.0317718 
0.0146394 0.155058 -0.0168704 
-0.0823045 0.156125 0.0481141 
-0.0614971 0.179099 0.0237408 
-0.0307823 0.158077 0.0135005 
-0.0268107 0.158012 0.0103372 
-0.0081611 0.155574 -0.015796 
-0.00795587 0.15587 -0.0171738 
