0.0427088 0.201222 -0.00568184 
0.0218542 0.199841 0.0214895 
0.0263595 0.195818 0.0187372 
0.0462724 0.196668 -0.00799663 
0.0436855 0.195829 -0.00805764 
0.0230164 0.194346 0.0190818 
0.029274 0.193599 0.0156929 
0.0263292 0.192883 0.0170891 
0.0575757 0.189845 0.00240509 
0.0472277 0.191715 -0.00880522 
0.0439072 0.192105 -0.00880921 
0.0370784 0.189889 0.00601009 
0.0342721 0.190409 0.00946815 
0.0310509 0.191281 0.0133061 
0.028479 0.190435 0.0141243 
0.0315194 0.188876 0.011597 
0.0294388 0.188501 0.0116645 
0.0598296 0.18765 0.00138454 
0.0425949 0.186579 -0.00138053 
0.0336399 0.184925 0.00516391 
0.0320181 0.184439 -0.0183768 
0.0292496 0.185113 -0.0169566 
0.0361958 0.183339 0.00179119 
0.051411 0.182651 -0.0112895 
0.0625264 0.182279 -0.00284801 
0.0529531 0.180969 -0.00979121 
0.044841 0.182069 -0.00463406 
0.0294256 0.182307 -0.0180967 
0.0640944 0.180052 -0.00490643 
0.0615408 0.179364 -0.00526325 
0.0599705 0.181361 -0.00257011 
0.0569294 0.181482 0.000591286 
0.0522768 0.179616 -0.00793052 
0.0485698 0.181267 -0.00773467 
0.0419078 0.18059 -0.00426368 
0.0377375 0.179664 -0.0132249 
0.0364272 0.179313 -0.0143392 
0.0253207 0.179298 -0.0122242 
0.0585 0.178558 -0.000725283 
0.0521409 0.178537 -0.00704506 
0.0496973 0.178535 -0.00668477 
0.0315187 0.178488 -0.0191224 
0.0615148 0.178282 -0.00572408 
0.0453105 0.177779 0.0187153 
0.0298912 0.17809 -0.0137503 
-0.0357633 0.107137 0.0526406 
-0.0369091 0.104683 0.050137 
0.00050823 0.16405 0.0258167 
-0.0632875 0.152423 0.05654 
0.0345872 0.0963902 0.015258 
0.0340735 0.101197 0.0157015 
0.0664446 0.0704591 -0.0030336 
0.030684 0.101746 0.0194338 
0.0542294 0.0754896 -0.0041769 
0.0599523 0.068453 0.000949195 
0.052107 0.0740888 -0.00241198 
0.0599033 0.0641708 0.00272892 
0.0559161 0.0951608 -0.0189511 
-0.00520355 0.100564 0.0457834 
-0.00722652 0.101344 0.0480024 
0.0490768 0.102188 -0.0175629 
-0.0131265 0.101835 0.0523667 
-0.0163716 0.0998222 0.053409 
-0.0611738 0.064142 0.0462146 
-0.0249283 0.101606 0.0543185 
-0.0347124 0.10148 0.0496243 
-0.0393151 0.101612 0.0468367 
-0.0741645 0.101413 0.0450412 
-0.0434562 0.101567 0.0453939 
0.0246167 0.127799 0.0224897 
-0.0716365 0.105183 0.0470965 
0.0363598 0.095123 0.0135596 
0.0195328 0.0946652 0.0227543 
0.017248 0.0968186 0.0233148 
0.0738564 0.0901413 -0.0148779 
-0.0465521 0.12203 0.0559037 
0.0595944 0.0916816 -0.018307 
-0.0651664 0.106771 0.0532794 
0.0459361 0.161476 0.0133263 
0.00682701 0.10177 0.0213843 
-0.0332967 0.0975657 0.0474569 
-0.0405814 0.107665 0.0497775 
-0.0400143 0.105036 0.0485679 
-0.0557446 0.0882045 0.0385809 
0.0537309 0.0912182 -0.0182 
-0.030634 0.0859666 0.0400933 
0.0363133 0.0981897 0.0128245 
0.012949 0.092689 0.0206919 
0.062861 0.0882703 -0.0164338 
0.0442715 0.168654 0.019699 
0.0429098 0.198493 -0.00625905 
7.7373e-05 0.144733 0.0435955 
-0.0296913 0.0940382 0.04742 
0.00852739 0.150188 0.0345259 
0.0572024 0.0897723 -0.0172287 
0.0470532 0.158798 0.0107621 
-0.03313 0.0950198 0.045022 
-0.0408122 0.0948639 0.0418187 
-0.0124275 0.0713447 0.0526658 
-0.0144974 0.0690995 0.0568808 
0.0567421 0.144817 -0.00250912 
0.0363705 0.0908506 0.0135798 
0.0433697 0.0752783 0.0140517 
0.0272082 0.0898057 0.0202429 
0.0555558 0.0539659 0.0119932 
-0.0228671 0.133124 0.0571106 
0.0718722 0.0851234 -0.0102351 
0.0357623 0.172649 0.000524892 
-0.0597387 0.0925843 0.0488556 
0.00967855 0.0628742 0.0526808 
0.060704 0.0837308 -0.0101294 
0.0682917 0.0828147 -0.0080119 
-0.057383 0.0804797 0.0369074 
-0.0487937 0.0756331 0.0326175 
0.0533023 0.0964836 -0.0189745 
-0.0317087 0.0891223 0.0408214 
0.0061315 0.107819 0.023881 
-0.0217514 0.151099 0.0508194 
-0.0196089 0.106911 0.0554158 
-0.0363021 0.0909981 0.0407336 
-0.0381603 0.088483 0.0379258 
-0.0608656 0.0843556 0.0443335 
-0.0737081 0.0963461 0.0471769 
-0.0273326 0.084473 0.0425431 
-0.00516746 0.156959 0.0399962 
0.0391901 0.0861667 0.0134087 
-0.0528168 0.107047 0.0534726 
-0.01973 0.143757 0.0541451 
0.0533837 0.149447 0.00551171 
0.0329087 0.184171 -0.0187624 
-0.0196954 0.0971732 0.053079 
-0.0754019 0.0894363 0.0450448 
0.0408281 0.186164 0.000642741 
-0.0401007 0.0501124 0.054827 
-0.000672422 0.119165 0.0270919 
-0.0771074 0.0910286 0.0427529 
-0.0263859 0.112193 0.0573517 
0.0565186 0.0822696 -0.0082701 
0.050249 0.0979265 -0.0191548 
0.0235891 0.0864705 0.0198877 
0.0225568 0.0830421 0.0186981 
-0.000259517 0.1381 0.0425115 
0.0421415 0.164769 0.00205407 
-0.00694496 0.130466 0.0414292 
-0.0145038 0.163321 0.0371026 
0.0724577 0.0808409 -0.00841908 
0.0231939 0.178089 -0.0110494 
0.00102115 0.0857798 0.0421312 
0.0740558 0.106627 -0.0290106 
0.0544968 0.0802793 -0.00572867 
-0.0645723 0.0965057 0.0522198 
-0.014499 0.0609165 0.0570563 
0.0398772 0.0935349 0.00779853 
-0.00246894 0.0857164 0.0454387 
-0.0180199 0.0502151 0.0377047 
-0.00957409 0.144027 0.049546 
-0.0350137 0.0858941 0.0379199 
0.0193956 0.16187 -0.00312741 
0.019153 0.0819766 0.0179252 
-0.0317101 0.0546373 0.0558335 
0.0342693 0.0908643 0.0155587 
0.029982 0.0914718 0.0188176 
-0.0127596 0.0853663 0.0520087 
0.0386362 0.0907678 0.0128072 
0.0120232 0.133446 0.0343388 
-0.0223336 0.0860025 0.0485394 
0.00373178 0.103658 0.0207774 
-0.0260087 0.0860511 0.0447027 
-0.00969452 0.086918 0.0494787 
-0.0550758 0.0851331 0.0359643 
0.0436669 0.0805008 0.0136175 
-0.0728013 0.10117 0.0475186 
-0.017949 0.0529793 0.0400583 
0.0397895 0.0811705 0.0141118 
0.0554086 0.0584517 0.0112671 
0.0374253 0.080078 0.0140111 
0.0296606 0.0813216 0.0167836 
-0.0555336 0.107805 0.0550333 
-0.0166048 0.144728 0.0527268 
-0.0690604 0.0868614 0.04868 
-0.0728855 0.0863621 0.0468326 
-0.0184793 0.164006 0.0390665 
0.0331463 0.0804101 0.0149745 
-0.0679718 0.0840724 0.0479157 
0.0016497 0.0806755 0.0413718 
-0.077079 0.0743393 0.0379175 
-0.0696144 0.101576 0.0505503 
0.052107 0.0649051 0.0109241 
-0.0435815 0.0817973 0.0104584 
0.0730042 0.0753856 -0.0082372 
0.0584792 0.075091 -0.00401197 
0.0097191 0.152243 0.0286879 
0.0408954 0.0768502 0.0148703 
9.88464e-05 0.0802789 0.0430291 
-0.00466162 0.160247 0.0324539 
-0.0068662 0.158735 0.0379071 
0.0700325 0.100568 -0.023737 
-0.0405683 0.0773671 0.0108821 
0.0338221 0.0856437 0.015514 
-0.0800764 0.0835177 0.0360147 
0.0403093 0.144151 0.00287315 
-0.0508198 0.118029 0.0577256 
0.0161439 0.0932505 0.0217722 
-0.0512344 0.0646059 0.048531 
-0.0265095 0.0785668 0.0495164 
-0.0300568 0.0806335 0.0389796 
0.0104111 0.0896999 0.0186159 
0.0770625 0.0844458 -0.0125968 
0.069119 0.0797944 -0.00639182 
0.00238802 0.0888211 0.0378265 
0.0539351 0.0718515 -0.00282526 
0.0345971 0.181112 -0.0195261 
-0.0191785 0.0803651 0.053138 
-0.0232034 0.0797702 0.0517576 
-0.0744713 0.149636 0.0621208 
0.0755469 0.0975774 -0.0285796 
-0.074363 0.0848506 0.0451657 
0.0643148 0.0608931 0.00120603 
0.0539083 0.0676497 0.00883438 
0.0283254 0.0741724 0.0145001 
0.021293 0.075242 0.0149322 
-0.0738226 0.132155 0.0645487 
-0.0788057 0.0784974 0.037887 
9.42215e-05 0.0858805 0.0430625 
-0.0148693 0.0500159 0.0365692 
-0.0680195 0.080266 0.0468552 
0.00954931 0.0924965 0.0193141 
0.0525875 0.0709456 -0.00201187 
-0.0175947 0.161396 0.0398384 
0.0188749 0.0721617 0.0132248 
-0.0265376 0.0933394 0.049453 
0.0706096 0.095511 -0.0216051 
0.0757771 0.0677768 -0.0148026 
0.0474891 0.0703723 0.0115345 
0.0727969 0.0976587 -0.0258657 
0.0309537 0.170619 -0.00926628 
-0.0408545 0.139413 0.0539334 
0.0409445 0.154122 0.0035799 
-0.00926603 0.102275 0.0497753 
0.0684547 0.0707637 -0.00480883 
-0.000858611 0.0702894 0.0520433 
0.0167933 0.101804 0.025051 
-0.00328825 0.0762048 0.0453054 
-0.0262989 0.0594615 0.0566051 
-0.0508003 0.0617444 0.0497932 
-0.0307658 0.0748353 0.0471083 
0.0631845 0.069939 -0.00119614 
0.0360325 0.100136 0.0127744 
0.0569182 0.0692934 7.58918e-05 
0.0607308 0.106214 -0.0173456 
0.0580208 0.0594186 0.00814954 
-0.0135079 0.159764 0.0398136 
0.0214748 0.0715331 0.0132211 
0.00357957 0.0746663 0.0504935 
-0.0312507 0.0761529 0.0389292 
0.00729866 0.06435 0.0550454 
-0.0524826 0.0799608 0.0336406 
-0.0588794 0.0963959 0.0508655 
-0.0256693 0.0632069 0.0561907 
-0.0413667 0.112147 0.0513674 
0.0658462 0.0560091 0.000840874 
0.0528763 0.0597735 0.0126127 
-0.02249 0.15423 0.0478852 
-0.0636086 0.0804156 0.0470169 
0.00525749 0.0637888 0.056341 
-0.0525293 0.0998831 0.0439003 
0.0300652 0.0637373 0.00913584 
-0.00960625 0.0909034 0.0500023 
-0.0574883 0.0594273 0.0493799 
-0.0668566 0.0698861 0.0446808 
0.032959 0.0577448 0.00533329 
-0.056462 0.150503 0.0527112 
0.0555283 0.0615828 0.00842095 
0.00226586 0.0648226 0.057598 
-0.0429957 0.128416 0.0548561 
-0.0535629 0.0961438 0.0420314 
-0.0742252 0.063461 0.0332773 
0.0726111 0.061476 -0.00737051 
-0.00704714 0.139233 0.0478256 
0.0541682 0.0878244 -0.0160767 
-0.0375665 0.123063 0.0563463 
-0.0192516 0.0754723 0.0535056 
-0.0764892 0.0954522 0.043206 
-0.0659722 0.126503 0.0605728 
0.0568089 0.078362 -0.00640017 
0.0496774 0.0544602 0.0147086 
0.0349155 0.0504023 -0.000693564 
0.0395308 0.0632009 0.0141533 
-0.0424891 0.0539446 0.0549768 
0.0440535 0.0647666 0.01527 
-0.034072 0.118784 0.0574899 
-0.0478318 0.0507107 0.053875 
0.0433188 0.0527811 0.0103072 
-0.046315 0.127511 0.0560595 
-0.0430085 0.12345 0.0543128 
-0.0360875 0.0884973 0.0390023 
-0.051804 0.100981 0.0440301 
0.0214118 0.169732 -0.00395022 
-0.0416925 0.0599806 0.0530855 
-0.0550861 0.0913352 0.0395793 
-0.0226247 0.118043 0.0576133 
-0.0446263 0.0719109 0.0348131 
0.0105346 0.147658 0.0335181 
-0.0558511 0.068981 0.0461268 
0.0767579 0.0810662 -0.0117802 
-0.019606 0.0544057 0.0412574 
-0.030432 0.10339 0.0537206 
0.00603269 0.153876 0.0333957 
-0.035748 0.0643484 0.0519299 
0.0673124 0.0860506 -0.0108331 
-0.0429931 0.066421 0.0402534 
0.00922378 0.143324 0.0365477 
-0.00240265 0.0678974 0.0548088 
-0.0565913 0.0859413 0.0374718 
0.0592029 0.189854 0.00213016 
0.0325483 0.0541195 0.00252329 
0.0641067 0.117622 -0.0182462 
-0.0688743 0.058736 0.0348004 
-0.0432074 0.0574388 0.0537763 
-0.000209503 0.0907432 0.0427311 
0.0094957 0.0608134 0.0516587 
0.0453458 0.0542337 0.0133053 
0.007597 0.0599142 0.0519632 
0.0462117 0.111584 -0.0127098 
-0.0754444 0.097461 0.0446987 
-0.0341469 0.0697494 0.049558 
0.00250152 0.139107 0.0410631 
0.00546518 0.0609796 0.0541097 
0.0445917 0.113749 -0.0112319 
-0.0288726 0.146087 0.0534427 
-0.0386623 0.0978215 0.044735 
-0.0651302 0.091837 0.0506432 
-0.0672399 0.0554517 0.0326456 
0.0469556 0.179371 0.0187695 
-0.0740041 0.0655435 0.0354606 
-0.0602615 0.112153 0.0555014 
0.0370086 0.125149 -0.00370468 
0.0490379 0.059228 0.0156953 
0.0467359 0.174584 0.0146507 
-0.0550899 0.0762459 0.0350129 
-0.0178641 0.0858891 0.0514434 
0.064249 0.0574804 0.00269795 
0.0441256 0.144229 0.00227437 
0.0663501 0.0593431 -7.12013e-05 
0.0209453 0.0796895 0.0170554 
0.0273702 0.101633 0.021975 
-0.0346946 0.0753105 0.0365309 
0.0182112 0.123025 0.0295243 
0.0239041 0.0961615 0.0227332 
-0.0311629 0.107005 0.0550535 
-0.0604206 0.134583 0.0634289 
-0.00268016 0.0650019 0.0564142 
0.0345884 0.0517455 0.000581844 
0.0608924 0.117785 -0.0147059 
0.0191782 0.0859059 0.0194536 
-0.0370314 0.0797132 0.03344 
0.0438137 0.134104 -0.000180182 
-0.0490818 0.0785594 0.0318137 
-0.0376103 0.0701856 0.039305 
0.00336815 0.0698256 0.0533856 
0.0440644 0.166449 0.0202139 
0.000900845 0.124585 0.032914 
0.0334288 0.17849 -0.0192294 
-0.0401155 0.135062 0.0544917 
-0.0164236 0.057337 0.0423176 
0.0777099 0.0641959 -0.0141677 
-0.0549598 0.112591 0.0564489 
-0.0110262 0.0679968 0.0568005 
-0.0727822 0.0802569 0.0447788 
0.0393097 0.182418 -0.000735134 
0.0691135 0.0754366 -0.00521782 
-0.0443859 0.10519 0.0464857 
0.00753337 0.156713 0.0215907 
-0.0309356 0.143835 0.0541496 
-0.00956083 0.0600882 0.0590294 
-0.0692891 0.0914001 0.0498368 
0.0526968 0.0540042 0.0135253 
-0.0625878 0.0520537 0.0326149 
0.0549046 0.154568 0.00547294 
-0.0393558 0.120384 0.0550423 
-0.0315348 0.0593833 0.0561128 
0.0208431 0.0982501 0.0241431 
-0.0269393 0.0814613 0.042112 
0.0616944 0.18527 -0.000542344 
0.0309999 0.0600523 0.00686597 
-0.0664605 0.0536131 0.0304862 
-0.057825 0.054154 0.0503398 
0.0294433 0.160018 -0.00669864 
0.0549895 0.0641538 0.00811432 
-0.00896576 0.0833719 0.0511201 
-0.0797756 0.0806061 0.0363009 
-0.0757496 0.0755669 0.0401404 
-0.0274645 0.0909158 0.0467722 
-0.0569748 0.074818 0.0377777 
-0.0241631 0.105215 0.0555966 
0.0441395 0.0519807 0.0102946 
0.00199332 0.0768194 0.0406068 
0.0326849 0.10741 0.0169012 
-0.0462218 0.0698227 0.0369503 
-0.0243296 0.0699288 0.0526928 
-0.0443325 0.11859 0.0531726 
-0.0418197 0.0973875 0.0432995 
0.0516916 0.0503086 0.0117579 
-0.0697084 0.0965205 0.0505861 
-0.0268845 0.0495508 0.0381432 
0.0363731 0.0857914 0.0134242 
-0.0614092 0.0942111 0.0510529 
0.00244616 0.0532444 0.0608148 
-0.07208 0.105853 0.045621 
-0.00103086 0.160691 0.0285756 
0.0645758 0.0836155 -0.00870496 
-0.0456549 0.064936 0.0448857 
-0.0227445 0.0498493 0.0381777 
0.0485259 0.0643511 0.0152942 
-0.00524721 0.0629294 0.0599515 
0.00231331 0.0680962 0.0564443 
-0.0387074 0.0541364 0.0558185 
-0.0633506 0.075154 0.046277 
-0.0541212 0.0625002 0.0487353 
-0.0249981 0.0503905 0.0387199 
-0.0192784 0.101762 0.054336 
-0.0600107 0.106706 0.0549322 
-0.0228721 0.109154 0.0565736 
-0.0479339 0.054093 0.0539991 
0.0212862 0.128214 0.0268801 
0.0378368 0.124092 -0.0043084 
-0.045923 0.134225 0.054713 
-0.0608019 0.0975755 0.0523202 
-0.0177068 0.0909969 0.0509515 
-0.0531679 0.054066 0.0526917 
0.0525681 0.123156 -0.00685213 
-0.0337106 0.103683 0.0520826 
0.0113337 0.105077 0.0249074 
0.0755848 0.0653144 -0.0124801 
-0.0445309 0.0751888 0.0322327 
0.036867 0.096237 0.0128751 
-0.00668261 0.0914144 0.0485682 
0.0071255 0.0730681 0.0453826 
0.0853549 0.0607929 -0.0165746 
-0.0227783 0.0907974 0.0496728 
-0.0315584 0.123061 0.0582558 
-0.0235793 0.0821427 0.0498053 
0.0125282 0.14789 0.0306722 
-0.0677306 0.111361 0.0495608 
-0.0173891 0.0955666 0.0524403 
-0.0527129 0.0506943 0.0518763 
-0.071607 0.0686064 0.0403229 
-0.0634692 0.0702194 0.0454998 
0.0164791 0.0752984 0.0137012 
0.0755352 0.0810049 -0.010601 
-0.0395335 0.0508578 0.0551345 
-0.0375456 0.128576 0.0562742 
-0.012527 0.0806212 0.0528422 
-0.00254104 0.144398 0.0452221 
0.0281654 0.0661408 0.0104641 
-0.0270635 0.123077 0.0584719 
0.0588062 0.0539326 0.00913289 
-0.0768851 0.066743 0.0330116 
-0.00673163 0.0859277 0.0482738 
0.00477402 0.0540144 0.0608202 
0.0657206 0.176111 -0.00892681 
-0.0161944 0.102251 0.0538482 
0.0383103 0.0752733 0.0149039 
-0.00270031 0.0805362 0.0452895 
-0.0272295 0.162708 0.0431252 
-0.0769811 0.0805084 0.0409297 
-0.0050045 0.0598067 0.0615909 
0.0572867 0.0626308 0.00553192 
-0.0682897 0.0606772 0.0375808 
0.0385176 0.174338 -0.00217013 
-0.0227498 0.052215 0.0401213 
0.0239677 0.0911472 0.0213348 
0.0925552 0.0595835 -0.0179594 
-0.00701069 0.0566088 0.0592322 
-0.0405774 0.0641373 0.0505479 
0.0425684 0.1729 -0.00181289 
-0.0316186 0.0912532 0.0429021 
-0.0362664 0.0717404 0.0385814 
0.0394541 0.165532 0.00161525 
-0.00848088 0.0535986 0.0367043 
0.0284779 0.16499 -0.00736891 
-0.0565477 0.0895081 0.0394429 
-0.000324118 0.0592071 0.0630976 
-0.0701764 0.0644553 0.0388302 
0.0535313 0.0836025 -0.00785076 
0.0372068 0.186357 0.00447543 
-0.0426286 0.0506046 0.054889 
-0.073627 0.0913231 0.0470452 
0.0115693 0.120082 0.031411 
3.71369e-05 0.116522 0.0249715 
-0.0514882 0.0686968 0.0471153 
0.0467636 0.0505009 0.010752 
0.0689774 0.0638524 -0.00496697 
-0.0227786 0.0613718 0.0568836 
0.0293737 0.149475 -0.00445309 
0.0386275 0.0657498 0.0145884 
-0.0123703 0.0504683 0.0361595 
0.0157956 0.0788423 0.0153142 
-0.0657902 0.0662811 0.0439869 
-0.0240911 0.0964039 0.0521069 
0.0281568 0.06996 0.0125426 
-0.0682282 0.138705 0.0651314 
0.0211832 0.102243 0.0250849 
-0.0599824 0.117582 0.0548911 
0.0387909 0.0505956 -0.0015571 
0.0334031 0.0682447 0.0115496 
0.0138501 0.0859859 0.0181834 
-0.0607451 0.0693716 0.0441449 
0.0391519 0.0532041 0.000653097 
-0.0367738 0.0594082 0.0547742 
0.0435514 0.186597 -0.00396897 
0.0292071 0.0535732 0.0016369 
0.0330406 0.0755208 0.014078 
0.0404323 0.0499261 -0.00270303 
0.0637326 0.064689 -0.000684021 
0.0750233 0.101255 -0.0289555 
-0.0113111 0.128981 0.0496218 
-0.0743078 0.0719442 0.039905 
-0.0375195 0.153743 0.0486295 
0.0115789 0.10175 0.0236596 
-0.034273 0.0807525 0.0356034 
-0.0128496 0.0756202 0.0523275 
-0.00499371 0.131432 0.0410204 
0.0260183 0.0805461 0.0173927 
-0.0723324 0.0600081 0.0319594 
-0.00942716 0.0742227 0.0498493 
-0.0170309 0.0715634 0.0523369 
-0.0780668 0.0704306 0.0342081 
0.044189 0.138852 0.00139838 
0.00729276 0.0706644 0.0448861 
-0.0553504 0.0950689 0.0424393 
-0.0619896 0.153195 0.0554736 
0.00270099 0.144159 0.0415364 
-0.0737015 0.130236 0.064266 
-0.0608114 0.0553043 0.0482635 
-0.0686932 0.111019 0.0480122 
-0.0716769 0.132991 0.0646894 
-0.0140905 0.0512643 0.0375427 
-0.0462693 0.0613132 0.0513522 
0.0234684 0.131866 0.0234421 
0.0305865 0.0964801 0.0191248 
-0.0150369 0.0649534 0.0581872 
-0.00291503 0.124503 0.0320652 
-0.0368046 0.083775 0.0348933 
-0.00401174 0.0551207 0.0614452 
-0.0507698 0.101622 0.0436954 
-0.028467 0.0747217 0.0501172 
-0.0134932 0.054504 0.0399156 
-0.010247 0.0529908 0.0374124 
0.0756819 0.0912948 -0.0170942 
-0.0265526 0.133676 0.0577274 
-0.0612576 0.05967 0.0475627 
-0.0242498 0.0750352 0.0525546 
-0.0457182 0.0653418 0.0420532 
-0.0404038 0.0717758 0.0366414 
-0.0202823 0.0603065 0.0560148 
-0.0475782 0.0586242 0.0524634 
-0.0673503 0.0750743 0.0458661 
0.0207394 0.133521 0.0265756 
-0.0466642 0.139108 0.0547141 
-0.041563 0.0853799 0.0104484 
-0.0275021 0.0557442 0.055701 
-0.0167666 0.0815976 0.0532478 
0.0655457 0.0758962 -0.00402153 
0.0675092 0.116794 -0.0224028 
0.0442669 0.0593661 0.0149783 
-0.0372675 0.0952843 0.0431208 
-0.0732207 0.145241 0.0612984 
-0.0620901 0.0907532 0.0492837 
-0.0394735 0.0776823 0.0317769 
-0.0143454 0.122797 0.0527693 
0.0696156 0.0602417 -0.00372848 
0.0461663 0.124202 -0.00494924 
0.0651793 0.080173 -0.00613147 
-0.0295625 0.149292 0.0510991 
-0.0701614 0.0563912 0.0306017 
-0.00534113 0.0708104 0.0517646 
-0.0236597 0.0577605 0.055329 
0.0184619 0.090899 0.0212163 
-0.0301274 0.0659736 0.0524955 
-0.0261924 0.0801715 0.0474469 
0.0809458 0.064272 -0.0154515 
-0.0790417 0.0755907 0.0359185 
-0.00257548 0.0909592 0.0452417 
0.00768456 0.0614918 0.0530994 
-0.0276957 0.103744 0.0547102 
0.0123028 0.0966648 0.0220277 
0.0699269 0.0884208 -0.0129649 
0.0299045 0.0860853 0.0178301 
-0.0793383 0.0854499 0.0380014 
-0.00930968 0.138328 0.0496174 
-0.0764307 0.0647882 0.031689 
-0.0089525 0.0807849 0.0511975 
-0.0470471 0.117391 0.0544553 
0.0890586 0.0563515 -0.0182171 
0.00918239 0.134262 0.036293 
-0.0692445 0.144385 0.0632248 
0.0572849 0.107114 -0.0156036 
0.0618511 0.0593407 0.0040113 
-0.0300107 0.100785 0.0524239 
0.0300495 0.145391 -0.00343801 
0.00390046 0.153261 0.0368897 
0.0132127 0.0899111 0.0196447 
-0.0340425 0.0664449 0.0515086 
0.0312641 0.0507257 -0.000177124 
0.0445552 0.186183 -0.00391242 
0.034505 0.0608721 0.00716871 
-0.0145554 0.0571816 0.0419982 
-0.0649229 0.101707 0.0533347 
0.0642529 0.0555367 0.00274588 
0.0238265 0.0696809 0.0122266 
-0.054347 0.144833 0.057922 
-0.0397504 0.0668676 0.0487011 
-0.0109879 0.110887 0.0496432 
-0.0240726 0.0931827 0.0505837 
0.088153 0.0591576 -0.0174849 
0.0122361 0.138612 0.0343665 
-0.0296787 0.0698415 0.0519414 
-0.028932 0.0966084 0.0503268 
0.0814037 0.0602096 -0.0165896 
-0.0365341 0.148445 0.0511723 
0.0629504 0.0743824 -0.00279583 
-0.0408833 0.0806961 0.0109639 
-0.0525614 0.0592025 0.0510774 
-0.0414788 0.0692183 0.0386546 
-0.0195606 0.0696522 0.0540248 
0.0512665 0.144004 -0.000386776 
-0.00812649 0.0693448 0.0538118 
0.0268153 0.0624193 0.00866235 
-0.0563369 0.103744 0.053612 
0.038658 0.0701655 0.015123 
-0.0720092 0.0750572 0.0430251 
0.0149882 0.0815149 0.0164566 
0.0444124 0.174743 -0.00286044 
-0.0362103 0.054165 0.0559353 
-0.0576498 0.063542 0.0476587 
-0.000257682 0.150663 0.0422903 
-0.0610175 0.074944 0.0450319 
0.0429492 0.0853575 0.0136312 
-0.0521503 0.0748112 0.0341458 
0.00119587 0.160995 0.0261189 
0.024494 0.0656142 0.0100428 
0.0559473 0.084776 -0.0104425 
-0.0262256 0.107395 0.0562649 
0.0502495 0.18524 -0.0108357 
-0.0591484 0.121923 0.054343 
-0.0250448 0.0660324 0.0543591 
0.03353 0.0705342 0.0129541 
0.0672336 0.0932919 -0.0202078 
-0.00165176 0.122148 0.0294407 
0.0576599 0.0657418 0.00307122 
0.0495457 0.125719 -0.00459523 
-0.0555632 0.148132 0.0558914 
0.0439967 0.0696469 0.014106 
0.00830445 0.09683 0.0202398 
-0.0201703 0.064847 0.0568407 
-0.0511624 0.0713932 0.0360639 
0.066602 0.0658322 -0.00424116 
-0.0135358 0.128293 0.0519042 
0.057818 0.0871227 -0.014671 
-0.0551906 0.0804013 0.0348447 
-0.0200448 0.156765 0.0453363 
-0.0107256 0.161352 0.0358484 
0.0885679 0.0631387 -0.0176085 
-0.0690373 0.133697 0.0644277 
-0.0318602 0.0731925 0.0477042 
-0.0392512 0.0750162 0.0338301 
0.0584634 0.0511401 0.00900712 
0.0592278 0.0962434 -0.0190426 
-0.0225607 0.0626886 0.0569399 
-0.0548321 0.0713667 0.0379489 
-0.00982562 0.072235 0.0503667 
0.084355 0.0581073 -0.0183485 
0.00343318 0.0765056 0.0388893 
-0.0567797 0.100272 0.0517643 
0.0926158 0.0629887 -0.0190196 
-0.045408 0.0664503 0.0398936 
0.00141096 0.112416 0.0228081 
-6.00356e-05 0.0741967 0.0509181 
0.00286214 0.073637 0.0512929 
0.0367882 0.0553576 0.00323883 
-0.0621284 0.127854 0.0614072 
-0.0131148 0.107158 0.0522955 
0.0564873 0.0987556 -0.0184315 
-0.0127609 0.0964881 0.0516961 
-0.00132987 0.163844 0.0268745 
-0.0484441 0.106652 0.0467339 
-7.59746e-05 0.0765355 0.0427043 
-0.00947123 0.106666 0.0490922 
-0.00720281 0.104694 0.0469817 
-0.0071969 0.0659703 0.0562377 
0.052743 0.101668 -0.0176235 
-0.0646925 0.112108 0.0527639 
0.00495127 0.112324 0.0257514 
-0.0710631 0.0708934 0.0418165 
0.0570088 0.102162 -0.0174785 
0.0600833 0.101464 -0.0185459 
0.00594866 0.105233 0.0224259 
-0.0316316 0.138902 0.0559222 
0.0512416 0.115702 -0.0098325 
0.0636119 0.101849 -0.0198152 
0.0674389 0.101626 -0.0220417 
-0.0235145 0.140546 0.0557215 
-0.070604 0.107341 0.0467504 
0.0678805 0.112328 -0.022679 
-0.0455416 0.107842 0.0480505 
0.039751 0.161239 0.00259302 
0.0722828 0.101579 -0.0259289 
0.00180463 0.131213 0.038032 
0.0623086 0.0863346 -0.0129706 
-0.0413574 0.14405 0.0522097 
0.0509972 0.0686183 0.011711 
-0.0396963 0.148858 0.0505907 
0.0270187 0.117567 0.0219681 
0.0164171 0.106448 0.0265676 
0.0391971 0.13351 -0.000261178 
0.0670552 0.141026 -0.0207355 
0.0155413 0.179297 -0.000666129 
0.0213699 0.107266 0.0260654 
0.024922 0.10708 0.0242518 
0.0629799 0.164838 -0.00662199 
0.0273455 0.107024 0.0222743 
-0.0369401 0.13215 0.0562221 
-0.0561284 0.0654579 0.0471987 
-0.00633714 0.0749631 0.0489796 
-0.00337479 0.149768 0.0450255 
0.030532 0.106962 0.0192957 
-0.0374722 0.134223 0.0555409 
0.0421418 0.0551201 0.0113043 
-0.00691434 0.148778 0.0474102 
0.0721726 0.0648099 -0.00881257 
0.010478 0.107792 0.0257426 
-0.05025 0.109464 0.0530464 
-0.0448933 0.115465 0.0523315 
-0.0100127 0.14965 0.0486739 
0.0034394 0.156321 0.0313878 
0.0142943 0.108358 0.0269391 
0.0595124 0.172217 0.000705121 
0.0700073 0.103334 -0.0244136 
-0.0160816 0.123361 0.0542245 
-0.0494151 0.112733 0.0541115 
-0.0132737 0.133557 0.0519857 
0.00184911 0.157995 0.0300998 
-0.0457617 0.11185 0.0502964 
0.0109222 0.158902 0.0165583 
0.0273739 0.176781 -0.0109771 
-0.0366781 0.112299 0.0543589 
-0.0192704 0.112388 0.0558394 
0.0473066 0.107583 -0.0149714 
0.0487477 0.10485 -0.0164133 
0.052457 0.105677 -0.0155362 
-0.0160635 0.113048 0.0540883 
-0.0136985 0.112399 0.0522446 
0.0358883 0.169539 0.00175204 
0.00252954 0.108836 0.021681 
0.0340237 0.187671 0.00862796 
0.0160089 0.15366 0.0137239 
0.0634428 0.107241 -0.0189092 
0.037067 0.144384 0.0032856 
-0.0153514 0.155775 0.0457488 
0.0718636 0.106875 -0.0265165 
-0.0318485 0.112226 0.0566024 
0.0508013 0.108259 -0.0143327 
0.0709039 0.0706941 -0.00734102 
0.00973469 0.112318 0.0275719 
0.0746211 0.0867251 -0.0125219 
0.0150129 0.112502 0.0285373 
0.0777498 0.0880337 -0.0161751 
0.0176476 0.110328 0.0276038 
0.0549169 0.168146 0.00904004 
0.0613798 0.163625 -0.0037477 
-0.0514207 0.114175 0.0564065 
-0.00933674 0.133622 0.0482898 
-0.0244262 0.160553 0.0434251 
0.00293399 0.159875 0.0252719 
0.0251012 0.112392 0.0243872 
0.0271391 0.112515 0.0223779 
0.00802089 0.127214 0.0345102 
0.00082138 0.155828 0.0364381 
0.0299156 0.111804 0.0192555 
0.0401502 0.0596896 0.0129369 
-0.00156542 0.154659 0.0401142 
0.00371087 0.0510581 0.0593212 
0.0318389 0.112062 0.0166357 
0.0539937 0.109373 -0.013722 
0.0249929 0.170549 -0.00639972 
-0.0357529 0.119093 0.0568138 
0.0609559 0.109101 -0.0165031 
-0.063913 0.0544071 0.0349531 
-0.0124016 0.157335 0.0431543 
-0.063113 0.116734 0.0521267 
-0.0553094 0.117664 0.0575992 
-0.0418759 0.117251 0.0529476 
-0.0318649 0.117163 0.0577034 
0.0589788 0.120858 -0.0123226 
-0.0266063 0.117563 0.0581924 
-0.0189521 0.117826 0.0559313 
0.0231621 0.197097 0.0206129 
0.0504514 0.11222 -0.0119331 
0.0548339 0.112886 -0.0122106 
0.0581824 0.112057 -0.0139607 
0.0609405 0.112901 -0.0155652 
-0.0307008 0.0631739 0.0544559 
0.0183773 0.118075 0.0289136 
0.0637257 0.112165 -0.0182244 
-0.0159844 0.118029 0.0541687 
-0.0140939 0.117683 0.0522762 
0.059485 0.161069 0.000769127 
-0.0101797 0.0643695 0.0585724 
0.0702122 0.112586 -0.0253327 
0.0169274 0.151549 0.0137877 
0.0720128 0.111219 -0.0276251 
0.00381056 0.11565 0.0272522 
0.0147094 0.117628 0.0300757 
-0.0227863 0.112456 0.0571459 
0.0345353 0.169862 0.00205981 
-0.0162501 0.13949 0.0535614 
0.0214559 0.11739 0.0270473 
0.0212718 0.175296 -0.00418326 
0.0035231 0.11841 0.0291061 
0.0251379 0.118117 0.024067 
0.00077569 0.127715 0.0355363 
0.0674476 0.0966822 -0.0218395 
0.00794731 0.118982 0.0304233 
0.057182 0.1862 0.00164978 
0.047303 0.114383 -0.0108545 
0.0436162 0.117497 -0.00907262 
-0.0772134 0.0858857 0.042183 
0.0485365 0.117936 -0.00849831 
0.0159228 0.134036 0.0314252 
0.0550564 0.117538 -0.0103228 
-0.0472668 0.129819 0.0587421 
0.0293314 0.154466 -0.00540261 
-0.0557674 0.122575 0.0582822 
0.0522787 0.146644 0.00567554 
-0.0504228 0.12299 0.0591478 
0.0313713 0.186564 0.00841948 
-0.041818 0.12088 0.053727 
0.0315525 0.18087 -0.0190133 
0.0151472 0.147488 0.0254735 
0.0586094 0.117173 -0.012845 
0.00657733 0.138695 0.0384044 
0.0693274 0.117066 -0.0249808 
0.059786 0.0804078 -0.00739343 
0.00777127 0.123104 0.0325285 
0.0118955 0.123611 0.0324448 
0.0152249 0.122842 0.0310761 
-0.0661668 0.0639159 0.042495 
-0.0227666 0.123214 0.0577296 
0.0213607 0.122699 0.027104 
-0.000987336 0.133213 0.0406397 
-0.0189701 0.123081 0.0560023 
0.0249716 0.122995 0.0233561 
-0.00350824 0.095894 0.0452652 
0.0491218 0.162052 0.0141133 
0.0408677 0.119712 -0.0075734 
0.0522234 0.119448 -0.00826519 
0.0271864 0.121131 0.0213411 
0.0477553 0.186828 -0.00790231 
0.0363767 0.0585173 0.00540801 
-0.0629376 0.125121 0.0606001 
-0.0558942 0.125129 0.0595067 
0.0548752 0.144245 -0.00159764 
0.0278702 0.122677 0.0185991 
-0.00690229 0.0964794 0.04858 
0.0518214 0.159887 0.0109596 
0.0413074 0.123172 -0.00567384 
0.0440342 0.121059 -0.0070578 
0.0482492 0.122347 -0.00600606 
0.0565174 0.122774 -0.00980585 
0.0330071 0.1538 0.00468929 
0.060774 0.12286 -0.013967 
-0.0571707 0.128101 0.0611419 
-0.0529353 0.128563 0.0616497 
-0.0495152 0.127807 0.0601241 
0.0231816 0.179295 -0.011286 
0.0373886 0.149477 0.00354621 
-0.011877 0.125063 0.0493215 
0.0639977 0.122531 -0.0179529 
-0.0548926 0.102956 0.0523092 
0.0662311 0.120782 -0.0209032 
-0.0336732 0.127606 0.0578254 
0.0642682 0.0912542 -0.0184676 
-0.0317557 0.129051 0.0581011 
-0.0159643 0.128108 0.0542399 
-0.0684618 0.129518 0.0632198 
-0.064808 0.129379 0.0618813 
0.0341566 0.0645105 0.0101181 
-0.00349446 0.126448 0.0345865 
0.0120662 0.128612 0.0336149 
0.0157081 0.128212 0.0315448 
0.0182067 0.128388 0.0298833 
-0.028997 0.0766504 0.0474258 
0.0588144 0.124676 -0.0112903 
-0.0719505 0.13013 0.0643904 
-0.0641622 0.133511 0.06373 
0.0555462 0.0504881 0.0108945 
0.0410603 0.127405 -0.00359184 
-0.00215912 0.130006 0.0380751 
0.0282111 0.168314 -0.0075923 
-0.0431504 0.138531 0.0541064 
0.0665485 0.062734 -0.00191576 
0.0430522 0.154702 0.00392199 
0.0568441 0.128067 -0.00882124 
0.049116 0.164464 0.0163771 
0.0604645 0.127836 -0.013285 
0.0465052 0.166215 0.0201618 
0.0628938 0.126495 -0.01679 
0.0554416 0.165389 0.00673229 
-0.0576406 0.133235 0.0630784 
-0.0532016 0.133264 0.0622713 
-0.0493977 0.133728 0.0598379 
0.0273379 0.150691 -0.00776637 
-0.0472781 0.130927 0.0586357 
-0.0351595 0.130762 0.056879 
-0.0566276 0.0506384 0.0492888 
-0.00663513 0.144228 0.0480705 
0.0388735 0.129688 -0.00168216 
-0.0322506 0.133758 0.0572695 
-0.0160453 0.133274 0.0539825 
-0.00694709 0.132225 0.0442131 
-0.00471286 0.134469 0.0439551 
0.0180854 0.133278 0.0296874 
-0.0619958 0.0655632 0.0446852 
0.0180277 0.140969 0.0276618 
-0.0635392 0.0860548 0.0477285 
0.033835 0.133778 0.00140446 
0.00604562 0.149442 0.0374583 
-0.0658513 0.0883718 0.0494327 
-0.0243002 0.149004 0.0521533 
0.0354832 0.131777 0.000188628 
-0.0437687 0.0848007 0.0103931 
0.0465815 0.132897 -0.00102346 
0.050084 0.133922 -0.002273 
-0.0598396 0.101804 0.0536524 
0.0945391 0.0624962 -0.0193629 
0.0373191 0.177607 -0.0108958 
0.0537701 0.133609 -0.00518369 
0.0567661 0.133063 -0.00844861 
0.0326837 0.144335 0.00332445 
-0.0160421 0.158361 0.042737 
0.0585284 0.132327 -0.0104429 
0.0853442 0.0633053 -0.0163592 
-0.0519286 0.110488 0.0549195 
-0.0611857 0.131348 0.0624788 
0.0595436 0.130904 -0.0119176 
-0.0754884 0.138713 0.0658404 
0.0246088 0.101599 0.0236623 
-0.0713197 0.138649 0.065563 
-0.0642322 0.138781 0.0645292 
-0.0603296 0.138108 0.0638561 
0.0780727 0.0601234 -0.0159389 
0.0160701 0.168124 -0.00100748 
-0.0342362 0.122845 0.0576759 
-0.0570399 0.139127 0.0624161 
-0.0534283 0.137526 0.0614979 
-0.00698719 0.135835 0.0466126 
-0.050623 0.139042 0.0587765 
7.45742e-06 0.0551752 0.0624005 
0.0254509 0.155211 -0.00674407 
-0.0369272 0.138968 0.0545437 
-0.0689882 0.106802 0.0500335 
-0.0262013 0.138705 0.0565558 
-0.0228996 0.136983 0.0564902 
-0.0164597 0.0746385 0.0531467 
-0.0458303 0.0634906 0.0489173 
0.033617 0.165112 0.00385273 
-0.0196011 0.138756 0.0551558 
-0.0131954 0.138687 0.0520725 
-0.00324486 0.139187 0.0449365 
0.00927435 0.138691 0.036711 
0.0622308 0.0550669 0.00465499 
0.0359234 0.13524 0.00160692 
-0.0268576 0.128544 0.0583953 
0.0161616 0.139242 0.0303879 
0.0446929 0.172345 -0.0014453 
0.0181225 0.137541 0.0288561 
0.04316 0.170362 -0.00041267 
-0.0256287 0.0559432 0.0551066 
0.0197149 0.137827 0.0266004 
-0.0395218 0.0923744 0.0403103 
0.0328169 0.138766 0.0030372 
0.0362307 0.139421 0.0025908 
0.00316147 0.106493 0.0210456 
0.0393311 0.138376 0.00162688 
0.047401 0.137533 0.000138998 
0.0358137 0.12851 -0.00115372 
-0.0245546 0.144534 0.0544554 
0.0501296 0.138969 -0.00106859 
0.0375446 0.125926 -0.00390156 
0.0540659 0.13838 -0.0048019 
0.0492221 0.169159 0.0153334 
0.0486249 0.0683811 0.0139743 
0.0463366 0.168995 0.0193134 
0.00223072 0.0611321 0.0581132 
-0.0736787 0.141582 0.0645862 
0.0259077 0.0758972 0.015474 
-0.071663 0.141672 0.0644941 
-0.064948 0.0596087 0.0405197 
-0.0227856 0.128113 0.0575589 
-0.0646672 0.143791 0.0631135 
-0.0761515 0.152524 0.0614649 
-0.0540939 0.141364 0.0600144 
0.0215046 0.170873 -0.00680467 
-0.0579353 0.143915 0.0605652 
-0.0520316 0.1432 0.0576692 
-0.049701 0.141997 0.0559596 
-0.0159648 0.107505 0.0541435 
-0.0361248 0.144119 0.0527016 
-0.0132027 0.143811 0.0516391 
0.00688506 0.144291 0.0382982 
0.0500167 0.129477 -0.00325416 
0.0116519 0.143903 0.0339785 
0.052908 0.128009 -0.00563177 
0.0149909 0.143727 0.0301169 
-0.0632417 0.0612661 0.0432982 
0.0168559 0.144211 0.0270325 
-0.0269728 0.142809 0.0551411 
0.0476378 0.141017 0.000756422 
0.0478409 0.144988 0.00116608 
0.0676618 0.142815 -0.0209402 
-0.0614374 0.145161 0.0612856 
-0.0657301 0.0573631 0.0372702 
-0.0190997 0.128431 0.0559339 
0.0624033 0.145111 -0.011678 
0.0647533 0.143583 -0.0166641 
0.0158117 0.17707 -0.000723089 
0.0213195 0.112352 0.026818 
-0.0693924 0.148814 0.0619487 
-0.0653422 0.147975 0.0613858 
0.0315262 0.174518 -0.0109581 
-0.0201766 0.147701 0.052732 
0.0450463 0.200342 -0.00682543 
0.0210781 0.159353 -0.00744389 
-0.0620467 0.149118 0.0587758 
0.0915467 0.0562654 -0.0181874 
-0.0585086 0.147455 0.0587408 
-0.0574302 0.0713695 0.0396093 
-0.0342091 0.149946 0.0501672 
-0.0174188 0.149581 0.0511256 
-0.0134971 0.148567 0.0502601 
0.0463081 0.128246 -0.00292442 
-0.0545559 0.150083 0.0530325 
0.00224436 0.14917 0.0409433 
0.0183796 0.114084 0.0284077 
-0.0652806 0.150467 0.0567377 
-0.0775227 0.150693 0.061125 
-0.0757071 0.150214 0.062284 
0.0327785 0.149529 0.00431294 
0.00593243 0.13317 0.0375688 
0.0437286 0.149234 0.00317139 
0.0488445 0.149434 0.00366754 
-0.0611315 0.0821261 0.0437602 
0.0501289 0.147351 0.00133646 
0.0562781 0.150356 0.0023976 
0.0572785 0.147191 -0.00306041 
-0.0193612 0.133626 0.0556552 
0.0633241 0.146916 -0.0127101 
0.0024199 0.134684 0.0398638 
0.0407599 0.15011 0.00350826 
-0.0649655 0.152789 0.0558361 
0.0642271 0.177606 -0.00702661 
-0.0341889 0.154078 0.0485302 
0.0107395 0.156371 0.0171723 
-0.0294547 0.152907 0.0487052 
-0.0176139 0.153193 0.04857 
-0.0140611 0.152177 0.048884 
-0.0109428 0.153804 0.0464883 
0.0263959 0.0855192 0.0191073 
-0.0641645 0.154134 0.0552614 
-0.0274782 0.155211 0.0467856 
-0.0126199 0.0912485 0.0509036 
-0.00486387 0.153673 0.0434853 
0.00166549 0.15259 0.0397393 
0.0476801 0.15165 0.0168402 
-0.00807984 0.155977 0.0430805 
0.0463022 0.155087 0.0141564 
-0.00938338 0.0966321 0.0503609 
-0.0049118 0.164152 0.0304292 
0.0569354 0.155113 0.00332213 
0.0124855 0.15558 0.0172217 
-0.0314936 0.156235 0.0465187 
0.0511733 0.15589 0.0109763 
0.0586083 0.128151 -0.0106865 
0.0322268 0.156314 0.00568876 
-0.0330525 0.158204 0.0463086 
-0.031566 0.158744 0.0463206 
-0.0209339 0.159599 0.042715 
0.0472272 0.156942 0.011029 
-0.00921892 0.158255 0.040074 
-0.0550403 0.0726403 0.037396 
-0.00122175 0.158053 0.0350004 
-0.0275723 0.159145 0.0449855 
0.00638723 0.159596 0.0214721 
0.0563627 0.138205 -0.00794693 
0.0120245 0.158318 0.0168239 
0.0248073 0.160022 -0.00629736 
0.0572019 0.167309 0.00575902 
0.0711721 0.0934356 -0.0186122 
0.0319114 0.158127 0.00557049 
0.0695109 0.0909235 -0.0159325 
0.0331403 0.160549 0.00490959 
0.0367861 0.159797 0.00354773 
-0.037143 0.0507304 0.0547824 
0.0425164 0.159856 0.003493 
0.0551687 0.159936 0.00824458 
0.00189601 0.163415 0.0255791 
0.0573036 0.157645 0.00257536 
0.00386348 0.0708247 0.0505852 
0.0561962 0.160102 0.00742294 
-0.00514207 0.129048 0.0383637 
0.0356789 0.0664916 0.013188 
-0.0116593 0.164323 0.0347615 
-0.00741791 0.162041 0.0326451 
-0.00703698 0.0805333 0.049089 
-0.0239929 0.162997 0.0420948 
0.021378 0.162214 -0.00406081 
0.0607182 0.162108 -0.00175069 
-0.00723972 0.164355 0.0310157 
0.0166138 0.162535 -0.00108001 
-0.0598134 0.150595 0.0568394 
0.0299636 0.162412 -0.00721072 
-0.0140291 0.165009 0.0345465 
0.0156465 0.165339 -0.000270626 
0.0187715 0.165316 -0.00165721 
0.0214166 0.165292 -0.00334559 
0.0253876 0.165256 -0.00582518 
0.0564648 0.169052 0.00803903 
-0.0621653 0.0508296 0.0315014 
0.0306616 0.165677 -0.00759662 
-0.0377749 0.0684964 0.0480356 
0.0274736 0.0970818 0.0215422 
0.0362563 0.164991 0.00293847 
0.00262023 0.12246 0.031497 
0.0453184 0.163788 0.0158961 
0.0130834 0.165343 -0.000595803 
0.063669 0.0962793 -0.0199472 
0.0282689 0.121657 0.0190673 
0.0094539 0.116543 0.0294377 
0.0572858 0.165413 0.00393239 
0.0610042 0.173713 9.04873e-05 
0.0207551 0.197868 0.021261 
-0.0753526 0.0697164 0.0371594 
0.0610584 0.164781 -0.00391494 
0.0590684 0.175443 0.00236464 
0.0531589 0.167035 0.00993539 
0.0190412 0.16946 -0.00251707 
0.0391866 0.170598 -2.4513e-05 
0.0580354 0.166757 0.00429342 
0.0518938 0.170849 0.0118206 
0.0549907 0.170561 0.0104176 
-0.037417 0.11713 0.0553424 
0.0279795 0.172063 -0.00853936 
0.0471671 0.170903 0.0124945 
0.0484639 0.153765 0.0155751 
0.0612213 0.171571 -0.000935483 
0.0475966 0.172403 0.0117475 
0.0577855 0.0715451 -0.00155447 
-0.0380449 0.151516 0.049757 
0.0285721 0.117364 0.0201335 
0.0579089 0.172568 0.00142035 
0.0372743 0.154666 0.00376835 
0.0187129 0.176044 -0.00237038 
0.0243194 0.17541 -0.00670339 
0.0359921 0.174989 -0.00941887 
0.0413843 0.176421 -0.00448251 
0.047407 0.173773 0.0118645 
0.067568 0.106954 -0.0221934 
0.0512228 0.174277 0.0118561 
0.0570986 0.175669 0.00286278 
0.0699952 0.106925 -0.0246728 
0.00539381 0.12872 0.0357781 
0.0491517 0.176329 0.0156651 
-0.042908 0.133626 0.0547547 
0.0333887 0.176932 -0.0130378 
0.0467366 0.17778 0.0185165 
0.0559406 0.177517 0.00464792 
