-0.0199387 0.17881 -0.0296568 
-0.0204535 0.177838 -0.0307524 
-0.02569 0.177951 -0.0253826 
-0.0548533 0.182746 -0.0201139 
-0.0244112 0.17479 -0.0268299 
-0.0277007 0.172887 -0.0255264 
-0.0294888 0.17442 -0.0230094 
-0.03298 0.175414 -0.0206626 
-0.0358499 0.175614 -0.0192532 
-0.0398269 0.175881 -0.0176207 
-0.0318202 0.171778 -0.0224844 
-0.0345201 0.170792 -0.0214058 
-0.0547794 0.183437 0.00330014 
-0.054062 0.175014 -0.0114727 
-0.0524747 0.183116 0.000571096 
-0.0373553 0.171758 -0.0187096 
-0.0595004 0.165742 -0.0308131 
-0.0616038 0.165601 -0.0276156 
-0.0413602 0.169918 -0.0174648 
-0.0439644 0.17229 -0.015386 
-0.0564731 0.175344 -0.0109941 
-0.0549257 0.180834 0.00173438 
-0.0560301 0.181849 0.00405431 
-0.043668 0.16895 -0.0173045 
-0.0453629 0.169573 -0.0153851 
-0.0568021 0.172741 -0.00447884 
-0.0418001 0.156549 -0.0326433 
-0.0622435 0.163288 -0.0249371 
-0.0491284 0.168056 -0.0142308 
-0.029289 0.171568 -0.00234014 
-0.042052 0.173269 0.000186151 
-0.0429969 0.174081 0.0017226 
-0.0603407 0.159668 -0.0258337 
-0.0642111 0.162161 -0.0211702 
-0.0543857 0.168521 -0.0081355 
-0.0621349 0.16081 -0.023042 
-0.0541072 0.169412 -0.00597109 
-0.0401502 0.174309 -0.0168847 
-0.0751945 0.177123 0.00931432 
-0.057038 0.174923 0.00569699 
-0.0450472 0.155494 -0.0287838 
-0.0443912 0.172561 0.00319657 
-0.0425462 0.154779 -0.0310907 
-0.0556367 0.159619 -0.0202018 
-0.0569757 0.179641 -0.0146377 
-0.0459812 0.152895 -0.0284418 
-0.0471405 0.155563 -0.0268571 
-0.0513006 0.157253 -0.0238087 
-0.0540193 0.159529 -0.017681 
-0.0537364 0.162708 -0.015749 
-0.04616 0.160982 -0.011731 
-0.0493107 0.163516 -0.0117569 
-0.0505764 0.165021 -0.0094167 
-0.0487513 0.164021 -0.00592423 
-0.0339505 0.165935 -0.00136105 
-0.0309052 0.168818 -0.00106204 
-0.0366614 0.168522 0.00254939 
-0.0404802 0.169242 0.00387278 
-0.0593157 0.173271 0.00761297 
-0.0513924 0.158772 -0.0145585 
-0.0478257 0.161619 -0.00879354 
-0.0474498 0.150807 -0.0281393 
-0.0484858 0.162172 -0.00708202 
-0.086457 0.174444 0.0167102 
-0.0434649 0.166707 0.0052785 
-0.0905225 0.174965 0.0205432 
-0.0384026 0.164028 -0.000156337 
-0.039628 0.146504 -0.0290288 
-0.0412425 0.148317 -0.0270653 
-0.0451919 0.150276 -0.0241317 
-0.0469206 0.152026 -0.0251764 
-0.0520759 0.155894 -0.0171424 
0.0550184 0.070793 0.0668909 
0.0230405 0.0498539 0.0249194 
-0.0538239 0.165605 -0.0156154 
0.0215941 0.122312 0.0471278 
0.0266797 0.0871893 0.0159795 
0.0440989 0.118006 0.00821984 
0.0338594 0.0906979 0.0268848 
0.0356393 0.0945036 0.031676 
0.0631621 0.0906799 0.0722539 
-0.0398356 0.145483 -0.00510564 
0.0281671 0.114465 0.0701356 
0.0609968 0.120779 0.0164841 
-0.0420874 0.172554 0.000552219 
0.0208353 0.117018 0.076058 
0.0349898 0.128332 0.0322194 
0.0403058 0.0694934 0.0475627 
0.0617939 0.108993 0.0617793 
0.0220641 0.0815664 0.0174666 
0.0537602 0.0784354 0.0812402 
0.0253108 0.0823531 0.020267 
0.028478 0.110686 0.0727963 
0.0240343 0.112701 0.0771911 
0.0806573 0.133689 0.023731 
-0.0615225 0.172133 0.00925151 
0.0213201 0.113342 0.0785496 
0.0231812 0.116811 0.0738434 
0.0698199 0.125373 0.0248026 
0.0413149 0.121728 0.00361113 
0.0253979 0.0797868 0.022099 
-0.0485388 0.145569 -0.0134887 
0.0274428 0.0798667 0.0255353 
0.0159405 0.0411897 0.0180189 
0.0279693 0.0819504 0.0300394 
0.0624142 0.113631 0.0519305 
0.0276617 0.0821116 0.0338961 
0.0264868 0.114267 0.0737406 
0.0778875 0.127473 0.0256251 
0.0435661 0.122011 0.00627999 
0.0287276 0.0854617 0.0355778 
-0.0414644 0.166505 0.00507509 
-0.0399483 0.147997 -0.0070366 
0.0291901 0.0862962 0.0392509 
0.0263557 0.107902 0.0774411 
0.0578541 0.102081 0.0742823 
0.064687 0.0997164 0.0673216 
0.0255522 0.0729676 0.0220648 
0.0560644 0.062398 0.0606375 
0.0223993 0.110396 0.0800123 
0.0331731 0.0666291 0.03352 
0.038359 0.129716 0.000199823 
0.063789 0.113522 0.0353937 
0.053313 0.072337 0.0567129 
0.0294581 0.0756588 0.027464 
-0.0454543 0.159873 0.0114769 
0.0297112 0.0770502 0.0335982 
0.0275098 0.0807011 0.0382019 
0.0310337 0.0891117 0.0336889 
0.0533837 0.0574814 0.0599248 
0.0272557 0.0854759 0.0187531 
0.0277282 0.0823599 0.0411673 
0.0275473 0.107342 0.0758034 
0.0564354 0.0739682 0.0683461 
0.0293473 0.0845627 0.0272478 
0.0265442 0.111766 0.0755566 
0.0133724 0.0641982 0.0206788 
0.0648758 0.0911566 0.0604766 
0.0563387 0.0684932 0.0619002 
0.0655314 0.111007 0.0445137 
0.0653171 0.0926993 0.0649704 
0.0360454 0.0673927 0.0369725 
-0.0598202 0.161947 -0.0277781 
0.0190621 0.151151 0.0100486 
0.0362182 0.130172 -0.00162892 
0.0642744 0.0957477 0.0701266 
0.0577732 0.0990666 0.0767803 
0.0324469 0.0713948 0.0319356 
0.0205294 0.125868 0.0526173 
-0.026567 0.175934 -0.0245256 
0.0320422 0.0740956 0.0361455 
0.0421725 0.102394 0.0247823 
0.0293796 0.0765042 0.040792 
0.0240057 0.145085 -0.00440651 
0.0241336 0.0830459 0.0181226 
-0.0594702 0.167817 0.0111059 
0.0589604 0.0816289 0.0574525 
0.064596 0.104581 0.0408247 
0.0650106 0.107432 0.0582351 
0.0636051 0.0885149 0.0674759 
0.0373586 0.0629479 0.038764 
0.0608857 0.0931946 0.0763772 
0.0636985 0.0931355 0.0719622 
0.03089 0.0628348 0.0326547 
0.0471415 0.0823951 0.0873066 
0.01465 0.0758267 0.0925012 
0.0492239 0.0734687 0.0817957 
0.0422415 0.132335 0.00470167 
0.0421219 0.058814 0.0426313 
0.0626173 0.116572 0.0341026 
0.0295203 0.0883961 0.0173966 
0.0205846 0.0463737 0.0253576 
-0.045305 0.159022 -0.00906929 
0.0450281 0.0586816 0.0459241 
0.0379534 0.0562627 0.0377106 
0.0366331 0.142259 0.0152902 
-0.0605851 0.176877 0.00519771 
0.0662752 0.0984909 0.0634803 
0.0307629 0.0702593 0.0287855 
-0.0606675 0.160259 0.0154847 
0.0154562 0.05154 0.0186626 
-0.0562494 0.172008 -0.00805071 
0.0627593 0.0883047 0.0583338 
0.064972 0.112167 0.0421706 
0.0154009 0.0404946 0.0196012 
0.0282529 0.0599088 0.0260594 
0.0287349 0.114349 0.0653184 
0.065567 0.0947139 0.0665391 
0.07306 0.140115 0.0233583 
0.0594023 0.080051 0.0599047 
-0.0538033 0.158815 -0.0226454 
0.0613074 0.118009 0.0370755 
0.0111374 0.0626656 0.0171488 
-0.0426683 0.157303 -0.0114442 
0.0346594 0.0750479 0.0507227 
0.0670431 0.100329 0.0561196 
0.0537857 0.0893357 0.0835857 
0.0210095 0.12567 0.0514351 
0.0209626 0.0447443 0.0226719 
0.0559695 0.0863524 0.0822467 
0.060372 0.114899 0.0511336 
0.0380042 0.144523 0.00236187 
0.053444 0.0732653 0.0759677 
0.0631696 0.0871145 0.0631877 
0.0442269 0.106481 0.0223963 
0.0141313 0.152896 -0.00485344 
0.0473233 0.0756477 0.0848848 
0.0198182 0.0433633 0.0181487 
-0.0530745 0.182791 -0.0229477 
0.0595197 0.121774 0.0291112 
0.0386798 0.0536402 0.0393975 
0.0363467 0.0700174 0.0399457 
0.0434823 0.105649 0.0184926 
0.038923 0.0688024 0.0429911 
-0.0548324 0.171074 -0.00631872 
0.0144751 0.0548496 0.0176366 
0.0306954 0.0592461 0.0297681 
0.028626 0.0845801 0.0228883 
0.050202 0.0544537 0.053634 
0.0348526 0.0560708 0.034467 
0.0383571 0.141159 0.0143588 
0.0344397 0.072755 0.0442187 
0.0285459 0.0631911 0.0287677 
0.0515031 0.0692216 0.07269 
0.0344782 0.144609 0.0129319 
-0.0531645 0.1861 -0.022516 
0.0338393 0.133355 -0.00338188 
-0.0429464 0.147454 -0.00215575 
0.0486213 0.0666452 0.0726303 
0.0146769 0.0572065 0.0194825 
0.0148834 0.0619232 0.0213954 
0.0376287 0.142239 0.0136386 
0.0404917 0.0535139 0.0413466 
0.0308549 0.133122 -0.00485698 
0.0428674 0.0622726 0.0449166 
0.05778 0.0843542 0.0797016 
0.0313677 0.0872021 0.0247528 
0.0525749 0.0563078 0.0566704 
0.0440372 0.069118 0.0822875 
0.0556549 0.0735308 0.0601802 
-0.0517681 0.169743 -0.0112826 
0.0323113 0.140464 -0.00170668 
0.0328485 0.0745805 0.0482063 
0.0670691 0.100982 0.0588237 
0.0202307 0.0427598 0.0214894 
0.0542742 0.072126 0.0717459 
0.0263767 0.0632782 0.0263978 
0.066383 0.102234 0.0609621 
0.0442281 0.0628095 0.0713106 
0.0366138 0.059297 0.0362982 
0.0282388 0.0732434 0.0247247 
0.0139789 0.0525048 0.0164404 
0.0226613 0.10419 0.0809045 
0.0329173 0.0914678 0.03395 
0.0562261 0.0818817 0.0804211 
0.0501692 0.0758434 0.0529509 
0.0304757 0.0877242 0.0201916 
0.0476343 0.0571648 0.049496 
-0.0480241 0.172574 0.00554658 
0.037316 0.125634 -0.000482977 
0.0758737 0.142095 0.0161707 
0.0590965 0.108759 0.0647071 
0.0684908 0.121943 0.0231615 
0.0632386 0.101859 0.0683922 
0.0290633 0.113201 0.0674739 
0.0436889 0.061966 0.0690682 
0.0222637 0.0482399 0.0210344 
0.046042 0.0552017 0.0474521 
0.0650032 0.102655 0.0643353 
0.0612413 0.0979745 0.0740578 
0.0393123 0.0583511 0.0392444 
0.0616109 0.0842551 0.0693784 
-0.0493094 0.180415 -0.00225297 
-0.0697311 0.174477 0.0100489 
0.0547602 0.0606715 0.0582369 
0.0439935 0.0675775 0.0492546 
0.0614703 0.102905 0.0376266 
0.0440138 0.0517108 0.0467323 
0.0589043 0.114013 0.0227442 
0.0461121 0.0663032 0.0774099 
0.0464437 0.0525286 0.0492283 
0.0631133 0.10508 0.0649537 
0.0629789 0.0972687 0.0722025 
0.0671163 0.147094 0.0152126 
0.0338125 0.0723769 0.0385675 
0.0209815 0.12972 0.0446267 
0.0286048 0.0547501 0.0289138 
0.0527258 0.0672329 0.0678541 
-0.0405472 0.148526 -0.00770817 
0.0288861 0.069028 0.0268699 
0.0150905 0.0496735 0.0180888 
0.0430851 0.0541948 0.0439339 
0.0601146 0.080805 0.0636621 
0.0383136 0.140495 0.00264184 
0.0506085 0.0711044 0.0774538 
0.056009 0.0656784 0.0596366 
0.0755187 0.127091 0.0220017 
0.0614423 0.0862602 0.073996 
0.0593631 0.106028 0.0679898 
0.0305355 0.076898 0.0466712 
0.0552364 0.0635621 0.0638768 
0.0377656 0.070848 0.0464805 
0.0306426 0.150301 8.34212e-05 
0.0214433 0.127298 0.04791 
0.0387172 0.0664028 0.0403612 
0.04405 0.0743272 0.0856579 
0.0535592 0.0655118 0.0562671 
0.0323284 0.0947166 0.0128527 
0.0681757 0.124152 0.0210678 
0.023532 0.0534091 0.0222903 
0.0280675 0.0792167 0.0323083 
0.0229106 0.15096 -0.00247443 
-0.0503253 0.153555 -0.0207816 
0.0707109 0.135898 0.014629 
0.0477903 0.0682145 0.0775685 
0.0227318 0.152547 -0.00240648 
0.0501928 0.065708 0.0527908 
0.0614258 0.0998397 0.0406535 
0.0670039 0.105155 0.0538958 
0.012549 0.0587908 0.0182391 
0.0612076 0.115432 0.0272269 
0.0503236 0.0865827 0.086068 
0.0533382 0.085252 0.0840959 
0.0520177 0.0761229 0.0555966 
-0.0372858 0.163266 0.0067186 
0.0491196 0.0626183 0.0682751 
0.0697492 0.131122 0.0149846 
0.0568475 0.0740828 0.0640433 
-0.0578542 0.17851 0.00306778 
0.0215032 0.123913 0.0548176 
0.0593523 0.0825355 0.0755454 
0.0272924 0.0603525 0.0246095 
0.0522092 0.0622502 0.0538933 
-0.049122 0.154613 -0.0142515 
0.0640836 0.100376 0.0438122 
0.0667093 0.148274 0.0146899 
0.0325376 0.0739476 0.0414674 
-0.0196663 0.179914 -0.0309831 
0.0613209 0.118253 0.0316711 
0.0504304 0.0651414 0.0685274 
0.0253425 0.0523998 0.0266746 
0.0255121 0.118747 0.0669943 
0.0481139 0.0532415 0.0512213 
0.0522019 0.0904387 0.0844063 
0.0615603 0.0850689 0.061062 
0.0416946 0.0708804 0.0848654 
0.0666873 0.102787 0.04886 
0.0651696 0.12621 0.0150585 
0.0641091 0.0964562 0.0487714 
0.0551728 0.0763626 0.0767794 
0.0255553 0.0529826 0.0296274 
-0.0338898 0.169226 0.00137861 
0.0489179 0.0791874 0.086151 
0.0581697 0.0765657 0.0658255 
0.0518635 0.070177 0.0549844 
-0.0520372 0.185669 -0.0243849 
0.0184344 0.0633811 0.0236619 
0.0656247 0.104556 0.0608317 
0.0282234 0.133561 -0.00627067 
0.0255369 0.0689083 0.0238523 
0.0203226 0.0477842 0.0179259 
0.0299942 0.065256 0.0310256 
0.0493592 0.0694952 0.0522896 
0.0663645 0.0958218 0.0584236 
0.0128767 0.0611718 0.0196048 
-0.0558126 0.17943 -0.0172337 
0.0117245 0.0641427 0.0184365 
0.0461775 0.0648082 0.0736641 
0.053145 0.0616942 0.0653328 
0.050611 0.0737606 0.053622 
0.0270844 0.0767947 0.0231544 
0.0400292 0.0623124 0.0418681 
-0.0472743 0.148466 -0.0202238 
0.0338041 0.059511 0.0332759 
0.0590852 0.11096 0.0612053 
0.0411047 0.144557 0.00478431 
-0.0584987 0.179264 0.00501619 
0.0663431 0.0961569 0.0622242 
0.0603096 0.102472 0.0713155 
0.031 0.0554737 0.0308591 
0.059954 0.0815857 0.0718159 
0.0308301 0.0749792 0.0304504 
0.0570428 0.0949272 0.0797405 
0.0584023 0.0783965 0.0704733 
0.0288219 0.0782172 0.0440942 
0.0291332 0.0571013 0.027571 
0.0559365 0.0749466 0.0719874 
-0.0334761 0.17314 -0.020161 
0.0269234 0.0561369 0.0249747 
0.0142633 0.153588 -0.00401432 
0.0337118 0.0626172 0.0351215 
-0.0497004 0.170729 0.00597397 
0.0401936 0.126199 0.00189367 
0.0505085 0.0576356 0.0522395 
0.033495 0.0902904 0.0222279 
0.0595403 0.0885686 0.0783537 
-0.0609225 0.157766 0.0167791 
0.0416952 0.103205 0.0162072 
-0.0379949 0.158042 0.00966044 
0.0162809 0.0543953 0.0197408 
-0.0487915 0.158711 0.0131883 
0.0598323 0.117536 0.0197932 
0.0605173 0.0840354 0.0576303 
0.0202515 0.129149 0.0417319 
0.0526111 0.0599582 0.0650049 
0.0215945 0.121274 0.0659629 
0.0145877 0.0771235 0.0923545 
0.0266216 0.116799 0.0703137 
0.0496472 0.0739191 0.052217 
0.0531812 0.0588285 0.0553199 
0.0361074 0.0930333 0.0241038 
0.0595942 0.111713 0.0595379 
0.0609128 0.111732 0.0584936 
0.0629306 0.0970573 0.0461573 
0.0205962 0.151146 0.00776403 
-0.062953 0.170064 0.0110339 
0.0633574 0.111398 0.0549903 
0.0658067 0.109699 0.0508431 
0.022007 0.120125 0.0704654 
0.0199514 0.150171 0.0153119 
0.0272367 0.116807 0.0626734 
0.0459623 0.0706215 0.0820084 
0.038464 0.0976512 0.0302903 
0.0384536 0.0968319 0.0264735 
0.0514045 0.0807959 0.0847201 
0.0560289 0.123294 0.0312952 
-0.0828543 0.170339 0.0195904 
0.0400106 0.0992183 0.0273207 
0.0253063 0.139954 -0.00606659 
0.0496406 0.0625732 0.0512643 
0.0380721 0.096058 0.0215042 
0.0460638 0.0616822 0.0477036 
0.0355422 0.0933935 0.0192218 
0.0341961 0.0937139 0.0165215 
0.0310066 0.0917326 0.0150388 
-0.0647797 0.163899 -0.0223067 
0.0600557 0.103807 0.0354702 
0.0569646 0.122227 0.0331617 
0.0274565 0.0902297 0.0136667 
-0.0513077 0.16811 0.00798791 
0.0604831 0.11358 0.0548461 
0.0262039 0.116759 0.0585724 
0.0347887 0.127014 0.0329212 
0.0321705 0.129817 -0.00403293 
0.0212801 0.121722 0.0675991 
0.0627939 0.10652 0.035845 
0.020967 0.125341 0.0442807 
0.0612354 0.107019 0.0332291 
0.0210758 0.121674 0.0643943 
0.0253726 0.11956 0.0602019 
-0.0555112 0.173764 -0.00148558 
0.0245049 0.119488 0.0546462 
0.040948 0.0657541 0.0437577 
0.0401287 0.0995877 0.0187846 
0.0386839 0.0991788 0.0155991 
-0.0768938 0.167986 0.0176505 
0.0769741 0.126922 0.0238468 
0.0356386 0.0973397 0.013605 
0.0588285 0.106644 0.0308055 
0.0223711 0.125386 0.0484716 
0.0286688 0.151239 0.000636876 
-0.051811 0.176789 0.00180358 
0.0629804 0.115863 0.0400156 
0.0633553 0.110358 0.0338097 
0.0615305 0.111034 0.0303681 
-0.0391766 0.164985 0.00281625 
0.0185098 0.129931 0.039325 
0.0589541 0.110076 0.027122 
0.0580556 0.111237 0.024739 
0.0246237 0.0771824 0.0206892 
0.0583637 0.118426 0.0421716 
-0.0354718 0.163998 0.00531072 
0.0228455 0.122808 0.0510032 
0.0360035 0.148359 0.00118828 
-0.0799899 0.171632 0.0181257 
0.0403479 0.103341 0.0131797 
0.0772242 0.12974 0.0222423 
0.0365132 0.101336 0.0106159 
0.0374476 0.106282 0.00755225 
0.0630379 0.113605 0.0322305 
0.0450638 0.108038 0.0220905 
0.0577579 0.119719 0.0396697 
0.0594356 0.112942 0.0248297 
0.058556 0.120176 0.0360835 
0.0427108 0.106123 0.0142939 
0.0449251 0.110099 0.0161274 
0.0737357 0.138672 0.0221693 
0.0203603 0.126616 0.0516606 
0.0610427 0.119707 0.0246244 
0.0618026 0.088499 0.0553218 
0.0642426 0.112831 0.0482484 
0.0459364 0.111509 0.0183911 
0.0779337 0.137643 0.0212197 
0.0435742 0.109132 0.0125842 
0.0740411 0.129483 0.0195228 
0.0409592 0.107485 0.0101884 
0.068602 0.127895 0.0170114 
-0.0486587 0.17008 0.00505575 
-0.044519 0.152219 -0.00116165 
0.0640903 0.0910357 0.0567362 
0.0604252 0.116117 0.023052 
0.0652444 0.0941249 0.0544357 
0.0606144 0.116776 0.0443617 
0.0614197 0.119394 0.0210233 
0.0457893 0.11471 0.0131633 
0.0441434 0.113601 0.0104754 
0.0240121 0.12058 0.0632231 
-0.0624978 0.16497 0.0141108 
0.0415229 0.112111 0.00772175 
-0.0510432 0.176266 0.000157918 
-0.0457983 0.156173 -0.00352234 
-0.0581676 0.166114 0.0121612 
0.0378736 0.110772 0.0053162 
-0.0298421 0.160729 0.00370698 
0.0658012 0.107925 0.0429788 
0.0360255 0.126552 0.0320356 
0.0548639 0.0692415 0.0584329 
0.0693027 0.122492 0.0247342 
0.0384509 0.115441 0.00311686 
0.069853 0.124218 0.0241443 
0.0382014 0.120582 0.00111196 
0.0360378 0.128216 0.0311922 
0.0416182 0.116874 0.00539244 
0.0772922 0.130915 0.0240492 
0.0285599 0.148796 -0.00208933 
0.0578452 0.0797203 0.0753565 
0.0441205 0.123583 0.0067794 
0.0332159 0.121144 -0.00134695 
0.0814347 0.135858 0.0232332 
0.0814732 0.134943 0.021451 
0.0783976 0.134672 0.019367 
0.0742849 0.133396 0.016849 
0.0670035 0.129519 0.0139198 
0.0664088 0.107131 0.0462708 
0.043078 0.128242 0.00518668 
0.0329349 0.124437 -0.00261959 
0.0623744 0.115032 0.0469764 
0.0723795 0.139275 0.0233044 
-0.0707083 0.167069 0.015266 
0.0748749 0.139078 0.0190236 
0.076142 0.141184 0.0198847 
-0.0503831 0.184729 -0.00168265 
-0.0803648 0.170107 0.0187315 
0.0739034 0.138255 0.0160492 
-0.0452383 0.147572 -0.0219344 
-0.0723886 0.170678 0.0157105 
0.059092 0.1185 0.0400457 
0.0400321 0.132988 0.00222054 
0.0363969 0.132936 -0.00113432 
0.0758882 0.141443 0.016496 
0.0779119 0.145948 0.0223197 
0.0201444 0.0455028 0.0170173 
0.078494 0.144898 0.0187182 
0.0354135 0.143629 0.0101421 
-0.0345197 0.157991 0.00799837 
0.0628931 0.0924386 0.0521354 
0.0463825 0.113941 0.0158904 
0.0425108 0.14037 0.00495192 
0.0315327 0.14604 0.015431 
-0.0471065 0.174561 -0.0145356 
0.0272648 0.0802174 0.0355042 
0.0385726 0.137142 0.00194857 
-0.021921 0.177104 -0.0282494 
-0.0510527 0.174294 -0.0127555 
0.0349342 0.136797 -0.00145632 
-0.0549084 0.177123 -0.0136676 
0.0303335 0.136222 -0.00458734 
0.0259212 0.11794 0.057924 
-0.0287927 0.159251 0.00411222 
0.079372 0.14819 0.0215886 
-0.0399598 0.151149 -0.00883619 
0.0798097 0.147689 0.019894 
0.0637092 0.122685 0.0180591 
0.029019 0.110905 0.0693969 
0.0661935 0.0982797 0.0515446 
0.0669277 0.147763 0.0175861 
0.0293258 0.147312 0.0152171 
0.0264745 0.136643 -0.00655859 
0.0654079 0.0994725 0.047011 
0.0216494 0.148512 0.0172563 
-0.0407802 0.157619 0.0112653 
0.0359834 0.140183 0.000505086 
0.0796795 0.149356 0.0193085 
0.0236075 0.121546 0.0580742 
0.066495 0.14957 0.0161096 
0.0645229 0.109161 0.0381244 
0.0236611 0.149761 0.0115418 
0.0331772 0.143479 -0.000166269 
0.027071 0.148319 0.0130585 
0.0453183 0.118967 0.00982163 
0.0290247 0.143092 -0.00268933 
-0.0487824 0.183635 -0.00381373 
0.0296987 0.147487 0.00924583 
0.0324552 0.146897 0.00590911 
0.024115 0.107581 0.0794509 
0.0302204 0.140077 -0.00356267 
0.0415186 0.128483 0.00341741 
0.0172076 0.151235 0.0122618 
0.0239777 0.149363 0.00722097 
0.035526 0.147032 0.0033618 
0.0261623 0.143385 -0.00442556 
0.0289695 0.084702 0.0312865 
0.0754791 0.14276 0.0229481 
-0.0413318 0.146204 -0.00329177 
0.0204377 0.150866 0.00623519 
0.0232457 0.149967 0.00554019 
0.0352918 0.149181 0.00261178 
0.0426887 0.125034 0.0049419 
0.033652 0.148294 -0.000222323 
0.0210196 0.144279 -0.00546454 
0.0130074 0.0552477 0.0154589 
-0.0620333 0.15821 0.0176066 
0.020977 0.145084 -0.00556252 
0.0441714 0.0656577 0.0474813 
0.0220512 0.0516515 0.0204573 
0.0418938 0.1017 0.02112 
-0.0620538 0.160649 0.0164752 
0.0335011 0.0911792 0.0303678 
-0.0435655 0.150309 -0.00338416 
0.0314579 0.0878238 0.0288727 
-0.0415063 0.147632 -0.00399317 
-0.0491151 0.167955 0.0061901 
0.0384472 0.140593 0.01373 
-0.047461 0.146483 -0.0119806 
-0.0501679 0.159881 0.0130679 
0.0564376 0.090528 0.0816515 
-0.0487535 0.146009 -0.0160899 
-0.0529998 0.163223 0.0118195 
-0.0458477 0.162254 0.00947204 
0.0569404 0.0778938 0.059294 
-0.0330651 0.16043 0.00674624 
0.0358417 0.0935913 0.0280002 
-0.0444046 0.154698 -0.006222 
-0.0486348 0.151267 -0.0136421 
0.0139857 0.153898 -0.00291872 
-0.0416282 0.153558 -0.00967029 
-0.0491056 0.149179 -0.0179162 
-0.0406183 0.145349 -0.0256682 
-0.0500045 0.151501 -0.015544 
-0.0393872 0.144277 -0.0282749 
-0.0563807 0.164893 0.011384 
0.0633715 0.109389 0.0342954 
-0.0479675 0.16395 0.00991817 
0.0604741 0.08156 0.0679604 
-0.0732065 0.169097 0.0158742 
-0.0849003 0.173076 0.0177932 
-0.076571 0.171057 0.0171594 
-0.0709663 0.172202 0.0122746 
-0.0654411 0.169882 0.0133554 
-0.0476877 0.160832 -0.00515107 
