0.000580844 0.200318 0.0381266 
0.000999672 0.199272 0.0395271 
-0.000715683 0.199563 0.0402503 
-0.0247765 0.198711 0.0130765 
-0.02336 0.197911 0.0136098 
-0.0179155 0.194706 0.018421 
0.00495054 0.192482 0.0423782 
0.00727101 0.190279 0.0410463 
0.00760468 0.188808 0.0426 
0.00459671 0.190127 0.0442933 
-0.011672 0.188495 0.0523461 
0.0170262 0.187608 0.0266584 
-0.0123418 0.187274 0.0542612 
0.0452783 0.185181 0.0773487 
-0.00959671 0.186544 0.0531555 
0.0197541 0.183743 0.0319475 
0.0579584 0.18306 0.0741918 
0.0555594 0.183613 0.0764363 
-0.0113652 0.185203 0.0562327 
-0.00477523 0.183341 0.0540386 
-0.00830967 0.184137 0.0556567 
0.0108431 0.181812 0.0627526 
0.058059 0.181218 0.0742701 
-0.00318596 0.181601 0.0557259 
-0.00720193 0.18163 0.05796 
0.0101669 0.180659 0.063952 
0.00874846 0.180067 0.0643955 
0.055577 0.180732 0.0760196 
0.00793682 0.179316 0.0644065 
0.058806 0.179556 0.0723126 
0.0559052 0.178347 0.0745974 
0.0513242 0.18009 0.0792411 
0.0485567 0.179237 0.0822806 
0.0414225 0.17807 0.0911448 
0.0169483 0.178255 0.0723494 
-0.0056873 0.179351 0.0593223 
-0.00437368 0.176755 0.0602904 
0.0581061 0.176387 0.0702983 
0.0432351 0.176228 0.091251 
-0.0109691 0.175562 0.0541531 
0.050618 0.176155 0.0780135 
0.0459222 0.176306 0.0857353 
0.0144658 0.175952 0.0713997 
0.0518077 0.174976 0.0753617 
0.014367 0.188995 0.0263901 
0.00544903 0.173919 0.0652075 
-0.001381 0.175826 0.0604784 
0.0569901 0.174005 0.0674211 
0.0464355 0.173366 0.0705972 
0.0440466 0.173423 0.0719649 
0.04694 0.175162 0.0823691 
0.0444782 0.172666 0.0845314 
0.0130425 0.188375 0.02889 
0.00615464 0.172787 0.0653387 
-0.00847698 0.173383 0.0557893 
0.0450408 0.171804 0.0830355 
0.0416982 0.171659 0.0872041 
0.0554992 0.171647 0.0650564 
0.0542851 0.171684 0.0716722 
0.0420761 0.171657 0.0699778 
0.0397174 0.170841 0.0711351 
0.0544054 0.170372 0.0631144 
-0.00672897 0.170405 0.056847 
0.03912 0.169892 0.0890203 
0.0527322 0.168497 0.0631107 
0.0534127 0.169593 0.0682521 
0.0472267 0.170284 0.0680085 
0.0354088 0.167498 0.0629376 
0.0418645 0.169394 0.0843965 
0.0375612 0.167705 0.0855178 
-0.0140586 0.168324 0.0518234 
0.0492412 0.165783 0.0668723 
0.0342678 0.165907 0.0590097 
0.0402629 0.165845 0.0832793 
0.0351883 0.165818 0.0838829 
0.0322383 0.165808 0.0847322 
0.00586542 0.164632 0.0664842 
0.0503827 0.165201 0.066096 
0.051528 0.164716 0.0648724 
0.0298743 0.164097 0.0822066 
0.0238081 0.161977 0.04232 
0.020069 0.162745 0.0485554 
0.0624346 0.161863 0.0907271 
0.0465152 0.0901511 0.0728452 
0.0203799 0.134721 0.0540234 
0.047391 0.0874232 0.0447436 
0.0471163 0.0688867 0.0687297 
0.045748 0.0909787 0.0728947 
0.0192229 0.0896003 0.0791628 
0.0443219 0.178425 0.0908215 
0.0469111 0.0846475 0.0369098 
0.0455694 0.179697 0.0896862 
0.0414176 0.1399 0.0911143 
0.0476962 0.0848567 0.0414408 
0.0479118 0.0843576 0.0451761 
0.00344986 0.0662503 0.0810386 
0.00651804 0.154495 0.0628607 
0.0467732 0.0897219 0.0413748 
-0.0192152 0.195507 0.0169129 
0.0470409 0.0815284 0.072982 
0.00179546 0.0831336 0.0754959 
0.0229741 0.0577596 0.0881443 
0.00712451 0.0806212 0.0765042 
0.0263493 0.159314 0.0439075 
0.0147891 0.0940469 0.0750959 
0.0419688 0.184717 0.0793459 
0.0477221 0.0791524 0.0411496 
0.00539385 0.0901654 0.0749598 
0.0311237 0.116532 0.0698423 
0.0104792 0.156755 0.059285 
0.0388544 0.16733 0.0616485 
0.0489968 0.0843917 0.0519266 
0.0496577 0.0771335 0.0499001 
0.0152001 0.116174 0.0694471 
0.0482758 0.0793159 0.0701481 
0.0255556 0.079885 0.0812517 
0.0352979 0.0792519 0.0806125 
0.00458852 0.187172 0.0456613 
0.0469519 0.0952349 0.0689337 
0.0497869 0.0753682 0.0407855 
0.0464896 0.0751195 0.0728105 
0.0110016 0.0795087 0.0763173 
0.0660043 0.0596597 0.0342952 
0.0628691 0.0720797 0.035003 
0.00529894 0.0744781 0.0737908 
0.00151215 0.0732127 0.0718824 
0.0520206 0.075034 0.0346391 
0.0112555 0.0898566 0.0765488 
0.0399472 0.0742666 0.0783235 
0.00200169 0.187299 0.0462169 
0.0506007 0.0794215 0.057367 
0.0351354 0.0742995 0.0800855 
0.0352886 0.122012 0.0512799 
0.0611004 0.0734455 0.0321162 
0.0154105 0.147664 0.0693397 
0.0160461 0.0624479 0.0904841 
0.0382081 0.169249 0.0674294 
0.0336329 0.102344 0.0771362 
0.0518045 0.0688675 0.05011 
0.0679366 0.0721874 0.0353811 
0.00153745 0.133455 0.0551882 
-0.00791835 0.162263 0.0550636 
0.0188132 0.102049 0.0762918 
0.035358 0.0847093 0.0811201 
0.0193553 0.162429 0.0495184 
0.0107611 0.0673465 0.0812211 
0.016518 0.186187 0.0305777 
0.0141746 0.0795788 0.0758632 
0.00351009 0.0667847 0.0786555 
0.0443692 0.0793608 0.075124 
0.0130904 0.0852125 -0.0540001 
0.020641 0.106559 0.0758928 
0.0227299 0.0792929 0.0804433 
0.0257716 0.0551769 0.0706275 
0.0408368 0.169544 0.0662769 
0.0504772 0.0844861 0.0575822 
0.019285 0.14097 0.0485882 
-0.0128027 0.15376 0.0511734 
0.0684771 0.0684696 0.0372626 
0.0235031 0.0593552 0.0842817 
0.0261518 0.0750177 0.0808221 
0.0411727 0.0581905 0.0663168 
0.0115389 0.0672137 0.0780052 
0.0505607 0.0849399 0.0630313 
0.0665406 0.147348 0.0748624 
0.0697196 0.0694736 0.0351003 
0.00442976 0.158282 0.0589517 
0.0444061 0.084723 0.0755904 
0.0239603 0.162326 0.0389069 
0.012666 0.0906698 -0.0568023 
0.0218332 0.111047 0.0741369 
0.0520959 0.0760717 0.0301504 
0.0191604 0.059135 0.0864165 
0.0116802 0.189546 0.0262467 
0.00913071 0.057089 0.0929929 
0.0478436 0.0849932 0.0477389 
0.0165376 0.0642041 0.0887199 
-0.00954689 0.0508612 0.0550979 
0.0253068 0.0848003 0.0813935 
0.0177031 0.0583189 0.0876602 
-0.0568856 0.0559073 0.150023 
0.022147 0.0846655 0.0804707 
0.0383819 0.0632992 0.0739713 
0.0497256 0.0687394 0.057476 
0.0299623 0.0847214 0.0817591 
0.0383228 0.051925 0.0573035 
0.0390728 0.114357 0.0652671 
0.00759753 0.0579269 0.0942248 
-0.00227273 0.178985 0.058931 
0.0450406 0.142643 0.0920407 
0.0231303 0.0740561 0.0797496 
0.0109442 0.143277 0.0668967 
0.0417555 0.111842 0.0552431 
0.052584 0.0720613 0.043179 
0.0658003 0.148542 0.0775444 
0.0649235 0.0634091 0.0399589 
-0.00587129 0.0497708 0.0487052 
-0.00537638 0.0508761 0.0495049 
0.0609367 0.0532767 0.0431689 
0.0484771 0.0848946 0.0700095 
0.0601532 0.0586731 0.0455063 
0.0400253 0.0793462 0.0786503 
0.00830979 0.187103 0.042756 
0.0118931 0.0930742 0.0748746 
0.0665705 0.146411 0.0703072 
0.0292911 0.12874 0.0443637 
0.0426102 0.063862 0.0708358 
0.0447833 0.148578 0.0897889 
0.0237947 0.162594 0.0342473 
0.0143459 0.0899859 0.0761919 
0.0475517 0.0792285 0.03666 
0.0333348 0.0630712 0.0760823 
0.0477493 0.0797257 0.0451257 
0.0459989 0.0994035 0.0685623 
-0.0574634 0.0548918 0.150906 
0.00708122 0.0847253 0.0770528 
0.0495319 0.183309 0.0828779 
0.00728553 0.088218 0.0766491 
-0.00465652 0.152169 0.0541451 
0.0293105 0.15719 0.0469543 
0.049507 0.068825 0.0529658 
0.028107 0.0638561 0.0770942 
0.0439796 0.0958679 0.0727137 
0.017523 0.126765 0.0634635 
0.0462036 0.0588352 0.0526935 
0.0290253 0.0514451 0.0645773 
0.0646901 0.0585187 0.0401311 
0.0514108 0.0738887 0.0502693 
0.00645745 0.0976338 -0.0491916 
0.00158148 0.138443 0.0539005 
0.0478292 0.15446 0.0869704 
0.062811 0.0704631 0.0374684 
0.0292229 0.122211 0.0650958 
0.0470043 0.0835658 0.0730619 
0.00963984 0.0551724 0.0917862 
0.0235015 0.0548348 0.0885676 
0.0321882 0.113328 0.0722741 
0.0548324 0.175 0.0730214 
0.0390428 0.0537957 0.0616596 
0.037425 0.118294 0.0505879 
0.0500094 0.0772148 0.0337224 
0.0175878 0.0549602 0.09346 
0.0501162 0.079633 0.0664849 
0.0582231 0.0719782 0.0367183 
0.0414513 0.0987981 0.0748434 
0.0132389 0.12568 0.0636408 
0.0443552 0.0563084 0.0543499 
0.0352316 0.0545055 0.0669561 
0.0182426 0.0525572 0.0653173 
0.0445153 0.0998468 0.0510238 
0.0187357 0.137596 0.0520623 
0.0038541 0.0656807 0.0827699 
0.0444882 0.0576794 0.0595903 
0.0506754 0.0794972 0.0627119 
0.0694189 0.0653834 0.0356783 
0.0320773 0.0503024 0.0613288 
0.0146406 0.0844675 0.0768684 
0.00962334 0.0586634 0.090667 
0.0508437 0.0535205 0.0460504 
0.0415367 0.0560617 0.0625881 
0.0364886 0.119688 0.0602721 
0.0496075 0.0789645 0.0527154 
0.0191675 0.0748404 0.078368 
0.00921352 0.054954 0.0932695 
0.0451227 0.0722554 0.0727381 
0.0051423 0.0688904 0.0731958 
0.0501886 0.0842182 0.0665663 
0.00865842 0.0689486 0.0717712 
0.0277879 0.0599585 0.0748381 
0.00658779 0.104012 -0.0542571 
0.0420245 0.053971 0.0542924 
0.0447326 0.0994576 0.0505118 
0.0122794 0.0660597 0.0752656 
0.0522004 0.0768265 0.0274755 
0.0412193 0.164287 0.0535101 
0.0399978 0.0899365 0.0787321 
0.0446387 0.0938507 0.0424818 
0.0256442 0.0896525 0.081395 
0.0307589 0.159352 0.0440028 
0.0498754 0.0743335 0.0532938 
0.00790152 0.0905444 0.0757808 
0.0566574 0.0736612 0.0331727 
0.0342858 0.0520142 0.0625739 
0.00241357 0.0617363 0.0919856 
0.0209203 0.0538405 0.0679264 
0.0468565 0.0599855 0.0575166 
0.0193903 0.0847037 0.0795118 
0.0330288 0.0592318 0.0737639 
0.0375168 0.0596023 0.0719062 
0.0642666 0.161724 0.0899563 
0.0129023 0.0676799 0.0726634 
0.0314084 0.0546284 0.0695739 
0.0461447 0.0578333 0.048353 
0.00189935 0.0816945 0.075581 
0.0481704 0.0741263 0.0697319 
0.0216309 0.0517094 0.064695 
0.0506158 0.0579657 0.0477514 
0.0482008 0.0958483 0.0649973 
0.0638877 0.0539685 0.0362719 
0.033525 0.10584 0.0761909 
0.0622074 0.0582595 0.043682 
0.0261063 0.057483 0.0728669 
0.022836 0.0597398 0.0787679 
0.00678954 0.12801 0.0599533 
0.0533167 0.0757677 0.0283016 
0.0441699 0.089895 0.0751811 
0.00939223 0.0672139 0.0818757 
0.0519301 0.0639537 0.0492663 
0.0477477 0.14266 0.0715009 
0.109781 0.0322526 0.11923 
0.0196042 0.0685947 0.0772696 
0.0176205 0.0582354 0.0920673 
0.00565246 0.0604388 0.0923285 
0.0435236 0.140628 0.0907868 
0.0186516 0.105277 0.0756372 
0.0366791 0.0570243 0.0689293 
0.00826825 0.0546262 0.0948331 
0.0440456 0.0687666 0.0726903 
0.00883667 0.187311 0.0412332 
0.0101641 0.0940682 0.0737051 
0.0251042 0.134602 0.0465373 
0.0417086 0.140625 0.0913469 
0.0255777 0.133917 0.0406832 
0.0599958 0.0626503 0.0455269 
0.0454267 0.054757 0.0462687 
0.0345015 0.0689335 0.0785494 
0.0314861 0.168936 0.0862429 
0.000413613 0.0749029 0.0722345 
0.0407632 0.0602558 0.0699494 
0.0215709 0.115294 0.0718185 
0.0448041 0.059624 0.0638678 
0.0102643 0.0631785 0.0900513 
0.0295352 0.0898498 0.0813832 
0.00988197 0.0973901 -0.0550403 
0.0217377 0.162097 0.0466592 
0.0223972 0.0903323 0.0801809 
0.0412662 0.066886 0.0746612 
0.0025151 0.0603206 0.0920705 
0.0562422 0.0712488 0.0406964 
0.0242353 0.160796 0.038792 
0.0195004 0.0934946 0.0785978 
-0.0566293 0.0548731 0.149706 
0.00561431 0.0630837 0.0912373 
0.0440447 0.0743561 0.0751537 
-0.0137437 0.0502158 0.0536114 
0.0137823 0.0812958 -0.0537387 
0.0465369 0.0631052 0.0647196 
0.0473072 0.061289 0.0609671 
0.0556299 0.172994 0.0687834 
0.0384551 0.0550099 0.0647999 
0.0447253 0.10557 0.0643676 
0.0484155 0.0636171 0.0580794 
0.0498733 0.076725 0.0374288 
0.0484907 0.0649171 0.0618394 
0.00616327 0.156709 0.0607087 
0.0600751 0.068155 0.0419839 
0.0127761 0.153907 0.0657944 
0.00555855 0.101437 -0.05022 
0.0399854 0.109008 0.0698003 
0.032494 0.110829 0.0735182 
0.00360545 0.0847293 0.0757954 
0.0425923 0.0538992 0.0514152 
0.0189701 0.183998 0.0324535 
0.020076 0.079277 0.0796767 
0.0314836 0.0569174 0.0717072 
0.0682036 0.0641213 0.0374803 
0.0260509 0.0522535 0.156255 
0.0539002 0.154492 0.0860815 
0.0564132 0.0635958 0.0471188 
0.0388349 0.166159 0.0591496 
0.0115979 0.0761026 0.0747051 
0.00469539 0.0793719 0.0755792 
-0.0114271 0.149864 0.0502683 
-0.000175237 0.0779592 0.0729022 
0.00816742 0.0767746 0.0752921 
0.0251229 0.0530249 0.0674453 
0.0526308 0.05979 0.0482485 
0.0615535 0.063973 0.0437043 
0.0440548 0.103191 0.06766 
0.00424017 0.0653137 0.0840225 
0.0495579 0.0891176 0.0663719 
0.0490574 0.0616849 0.0489951 
0.0128636 0.0665054 0.0896688 
0.0156106 0.0667845 0.0881586 
0.00963394 0.0739684 0.0735826 
0.0459244 0.0651831 0.0684386 
0.0163338 0.0657135 0.0772922 
0.0422383 0.0698622 0.0747047 
0.0265703 0.132572 0.043706 
0.00151597 0.189984 0.0450667 
0.0501871 0.0747758 0.0663141 
0.029518 0.0699812 0.0796302 
0.0230515 0.159106 0.04928 
-0.00143215 0.201439 0.038188 
0.0429599 0.0940824 0.0749512 
0.0381536 0.105892 0.0736385 
0.0186295 0.186834 0.0266382 
0.0480126 0.090061 0.069792 
0.0299142 0.0793644 0.0815373 
0.0529252 0.0693694 0.0466354 
0.0167929 0.0676008 0.0756574 
0.0391734 0.0689409 0.0766077 
0.0114884 0.0849332 0.0774043 
0.0332304 0.157483 0.0468957 
0.02794 0.110404 0.0749598 
0.0504835 0.0741288 0.0574802 
0.0232181 0.0689392 0.0785652 
0.0596612 0.070577 0.0382359 
0.0466287 0.0889905 0.0377706 
0.0110685 0.0872523 -0.051627 
0.0510586 0.0500702 0.0435878 
0.0177249 0.14503 0.0709005 
0.056721 0.0586042 0.0470387 
0.0282339 0.0676861 0.0789775 
0.000378463 0.196113 0.0426214 
0.0430861 0.100676 0.0715009 
0.0295666 0.0740638 0.0806405 
0.0314778 0.0668743 0.0782337 
0.022729 0.0626851 0.0827869 
-0.00955974 0.153217 0.0521881 
0.0349621 0.065616 0.0772753 
0.0381213 0.0656145 0.0760426 
-0.0113139 0.16747 0.0528486 
0.055918 0.0532074 0.0454546 
0.0090142 0.137698 0.05581 
0.0496885 0.069247 0.0630477 
0.0478805 0.0912167 0.0522244 
0.0365306 0.16573 0.0583504 
0.0459633 0.0917924 0.0433862 
0.0263253 0.0941263 0.0808695 
0.0347568 0.0953162 0.0796279 
0.0395096 0.0952997 0.077243 
0.0195614 0.185165 0.0292034 
0.0491311 0.0923452 0.0660165 
0.0229631 0.0956277 0.079538 
0.0489397 0.094656 0.0624547 
0.0236207 0.149874 0.0721608 
0.0633327 0.0540291 0.0399066 
0.00694745 0.0933145 0.0735912 
0.0128539 0.0941726 0.0736997 
0.0378495 0.163975 0.079522 
0.0455305 0.0929915 0.0393646 
0.0136773 0.0867543 -0.0564987 
0.0224379 0.127653 0.0620037 
0.0118689 0.0898522 -0.0542662 
0.0278591 0.124821 0.0633729 
0.0588692 0.149799 0.0863775 
0.0233495 0.100329 0.0786011 
-0.0219178 0.196742 0.0156363 
0.0227568 0.0634951 0.0782762 
0.0430261 0.106671 0.0673356 
0.0280035 0.101212 0.0787701 
0.0334564 0.12407 0.0485253 
0.030237 0.0995344 0.0794951 
0.0553607 0.0689722 0.0444408 
0.0343114 0.0999369 0.0784173 
0.0388005 0.0995292 0.0764539 
0.0382287 0.117004 0.0506206 
0.0118465 0.155658 0.0617864 
0.0466179 0.10081 0.0646404 
0.0389865 0.101795 0.0747929 
0.046643 0.102011 0.0601354 
0.0108493 0.0939712 -0.0547473 
0.0113409 0.0953961 -0.056811 
0.0626525 0.160222 0.0906163 
0.0199706 0.102446 0.0765704 
0.00454659 0.137281 0.0554198 
-0.0130386 0.188972 0.0527551 
0.0237794 0.105634 0.077042 
0.0281002 0.105825 0.0770472 
0.0415766 0.10561 0.0703479 
0.0260553 0.116467 0.0712859 
0.035013 0.0900697 0.0807286 
0.0450112 0.105975 0.0596076 
0.0438928 0.174422 0.0882742 
0.0329861 0.125282 0.050982 
0.0525888 0.0732098 0.0392291 
0.0102584 0.099087 -0.0570454 
0.0242579 0.121981 0.0671967 
0.0542138 0.146936 0.084074 
0.0224468 0.0582521 0.0737781 
0.0590427 0.154225 0.0830193 
0.0436387 0.108144 0.0565485 
0.0560097 0.158029 0.0878203 
0.0166397 0.111401 0.071998 
0.0277425 0.13026 0.051882 
0.0475955 0.0802202 0.0466395 
0.0238982 0.160646 0.0770844 
0.00970834 0.090689 -0.0519045 
0.0367237 0.110095 0.0716371 
0.0156234 0.132609 0.0585654 
0.0430956 0.10879 0.0633859 
0.0655152 0.0575564 0.0358088 
0.0426758 0.110772 0.0599628 
0.0372797 0.112069 0.0696696 
0.042322 0.0547877 0.0587919 
0.0500478 0.143895 0.0750424 
0.0142385 0.137713 0.0547964 
0.000978429 0.192544 0.0441117 
0.0504407 0.0740795 0.062846 
0.0263447 0.112507 0.073922 
0.0541073 0.15654 0.0861853 
0.00494738 0.104619 -0.0510582 
0.0413335 0.112925 0.0621465 
0.0408895 0.112687 0.0521585 
0.0179828 0.113822 0.0717854 
0.0498588 0.0899068 0.0631297 
0.0355519 0.115865 0.0676371 
0.0387798 0.116461 0.0612653 
0.0409166 0.114389 0.0584341 
0.0519381 0.18354 0.0800384 
0.0401264 0.114925 0.0547601 
0.0294093 0.0952858 0.0805527 
0.0389535 0.11725 0.0562794 
0.0466629 0.0895671 0.0462743 
0.0359793 0.118014 0.0644898 
0.0475967 0.180149 0.0861989 
0.0205314 0.132335 0.0570963 
0.0157896 0.120205 0.0675167 
0.0267321 0.119669 0.0690801 
0.0241641 0.0571699 0.0875172 
0.058656 0.152048 0.08606 
0.0649397 0.0684462 0.038712 
0.030658 0.119681 0.0678685 
0.0362596 0.121039 0.0565636 
0.0581386 0.0658375 0.0457608 
0.0549247 0.152006 0.0879831 
0.00695144 0.100062 -0.0525733 
0.0337427 0.122867 0.0593163 
0.0167521 0.123279 0.0660733 
0.0450512 0.16954 0.0660493 
0.0241104 0.124864 0.0647978 
0.0273091 0.127285 0.0597272 
0.0438615 0.0616656 0.0676616 
0.00577278 0.104279 -0.0528679 
0.0315935 0.125313 0.0578965 
0.00841975 0.100866 -0.0552303 
0.0337627 0.124433 0.0545118 
0.0221339 0.148563 0.0722623 
0.0110901 0.127958 0.0618617 
0.0306703 0.127502 0.0534889 
0.013871 0.140943 0.053186 
0.0319099 0.125918 0.0474478 
0.0302023 0.128429 0.048185 
0.0300708 0.127467 0.0441152 
0.0277556 0.129299 0.0564848 
0.00329045 0.129402 0.0573581 
0.00472379 0.132406 0.0571315 
0.0480471 0.183212 0.0852906 
0.0248549 0.131605 0.0545199 
0.0274796 0.131392 0.0484354 
0.0215752 0.16001 0.0750229 
0.0221811 0.136458 0.049288 
0.0228808 0.137988 0.0458161 
-0.0120829 0.166126 0.052708 
0.0155786 0.15421 0.0652766 
0.0244126 0.136171 0.0428059 
0.0110153 0.131956 0.0593416 
0.0239027 0.136885 0.0398988 
-0.00192924 0.136361 0.0519246 
0.0427572 0.13966 0.0905077 
0.0198325 0.139598 0.0485848 
0.00539485 0.140604 0.0549617 
0.0086818 0.140844 0.0545321 
0.0193641 0.117258 0.070422 
0.0174788 0.14099 0.0505418 
0.0182192 0.0728835 0.0774975 
0.0526249 0.0734651 0.0467518 
0.0484156 0.0634495 0.0523872 
0.0209026 0.140575 0.0468229 
0.0499322 0.0897684 0.0581297 
0.0635679 0.149258 0.0804928 
0.0596714 0.141916 0.0657882 
0.0504269 0.144061 0.0924504 
0.0446564 0.142646 0.0756747 
0.0656739 0.143853 0.0701151 
0.0246504 0.133633 0.0504887 
-0.00991996 0.158809 0.052787 
0.0163096 0.144274 0.0704032 
-0.00594216 0.157048 0.0537584 
0.0472493 0.0996738 0.0586046 
0.0535504 0.144339 0.0716391 
0.0195814 0.0654153 0.0779417 
0.0591942 0.156959 0.0827273 
0.00314443 0.195713 0.0414539 
0.0655769 0.144623 0.0731798 
-0.00740534 0.158 0.0536636 
0.0514173 0.144889 0.0797143 
0.0537266 0.144982 0.0912395 
0.00042219 0.158795 0.0585497 
0.013702 0.118235 0.0677263 
0.0477672 0.0986006 0.0614012 
0.0538008 0.144947 0.0772037 
0.0194472 0.0634493 0.0848862 
0.0243081 0.0550392 0.0877577 
0.0587929 0.156836 0.0768507 
0.0474066 0.143808 0.078983 
0.0222125 0.14547 0.0739831 
0.0467963 0.147756 0.0915919 
0.0551918 0.148586 0.0903285 
0.0520738 0.145678 0.0798487 
0.057641 0.14566 0.0725227 
0.0486487 0.067906 0.065653 
0.00282618 0.145908 0.060444 
-0.00481626 0.149324 0.0544084 
0.0185295 0.148617 0.0705873 
0.0505708 0.152308 0.088878 
0.0260412 0.164895 0.0825543 
0.0451532 0.0936154 0.0464579 
0.0585228 0.148389 0.0826411 
0.0083004 0.0955883 -0.05271 
0.0591345 0.146773 0.07577 
0.00542835 0.148604 0.0617911 
-0.00640704 0.147262 0.053367 
0.0407981 0.110882 0.0660519 
0.0197597 0.066758 0.0767031 
-0.0145584 0.148832 0.048481 
-0.0132624 0.148336 0.0483082 
0.0351688 0.156398 0.0491067 
0.0153214 0.15216 0.0683258 
0.0551885 0.0502147 0.0435925 
0.00858281 0.133843 0.0577926 
-0.00672391 0.153844 0.0532739 
0.0188052 0.152198 0.0689581 
0.0445008 0.152381 0.0874698 
0.0135276 0.12177 0.0660953 
0.0625544 0.152589 0.0802733 
0.0595199 0.0501453 0.0422014 
0.0652451 0.151742 0.0775346 
0.0485774 0.0957225 0.0589038 
0.0336761 0.120879 0.0630087 
0.0569597 0.145665 0.0735009 
0.0199485 0.161673 0.0762604 
0.0162527 0.129532 0.0609687 
0.0650736 0.151747 0.0756074 
0.0100657 0.12417 0.0635173 
0.0617057 0.154359 0.0762704 
0.0364916 0.154336 0.0809371 
0.0403994 0.174086 0.0912937 
0.00859623 0.154179 0.0646092 
0.00306732 0.0701761 0.0711348 
0.0173163 0.055563 0.0850684 
0.0355583 0.155656 0.0497819 
0.0150049 0.156791 0.0571806 
0.059125 0.156845 0.0754755 
0.0136896 0.158429 0.0563551 
0.0138478 0.186436 0.0317594 
0.0510146 0.0769577 0.0296624 
0.0599166 0.158631 0.0872483 
0.0288279 0.157148 0.0531514 
-0.0131857 0.158782 0.0514473 
0.00963922 0.158582 0.0577371 
0.0231773 0.160118 0.0458521 
0.040088 0.0846872 0.0789785 
0.0194244 0.121386 0.0677029 
0.0266645 0.160764 0.0777463 
0.048288 0.0614407 0.0492741 
0.0643478 0.160525 0.0898862 
0.0507006 0.148026 0.0922323 
0.019747 0.160548 0.0495351 
0.035729 0.160974 0.0801678 
0.0237159 0.161142 0.0341776 
0.017852 0.155658 0.0588509 
0.0543914 0.0563462 0.0471062 
0.0195346 0.099115 0.0777058 
-0.0106455 0.16385 0.0536055 
0.0570907 0.146573 0.0779017 
0.0238885 0.162797 0.0792321 
0.0277364 0.161817 0.0789974 
0.0357704 0.163477 0.0812556 
