-0.0364604 0.189749 -0.0383673 
-0.0373265 0.187585 -0.0372904 
-0.00394233 0.184816 -0.028761 
-0.0393858 0.184955 -0.0375042 
-0.0418704 0.18474 -0.0342967 
-0.00676921 0.182643 -0.0265353 
-0.0413306 0.181593 -0.0352835 
-0.0150244 0.177741 -0.0298572 
-0.0115169 0.179644 -0.0271864 
-0.0162927 0.178841 -0.024785 
-0.0469588 0.184815 -0.0142333 
-0.0355272 0.168225 -0.0494069 
-0.023277 0.173638 -0.028421 
-0.0238928 0.17442 -0.0259526 
-0.0435358 0.181794 -0.0157935 
-0.041073 0.164286 -0.0532649 
-0.0268476 0.172322 -0.0290074 
-0.0270902 0.172887 -0.0271786 
-0.0378135 0.165292 -0.0456406 
-0.0293972 0.171306 -0.0301569 
-0.0545032 0.1803 -0.0122045 
-0.051186 0.174272 -0.0212903 
-0.036538 0.164261 -0.046672 
-0.0439144 0.161409 -0.0521126 
-0.0385684 0.16309 -0.0445008 
-0.0407499 0.165644 -0.0351362 
-0.0384673 0.170159 -0.0258304 
-0.0460519 0.17702 -0.0146141 
-0.0468148 0.177203 -0.0126131 
-0.0371295 0.175188 -0.00875056 
-0.0381882 0.160139 -0.045245 
-0.0412959 0.162957 -0.0385734 
-0.0197612 0.158085 -0.039647 
-0.0235748 0.172316 -0.00594596 
-0.0235256 0.173016 -0.00409037 
-0.0449557 0.186064 -0.0153429 
-0.0316444 0.158458 -0.0369113 
-0.0376893 0.160209 -0.0370804 
-0.0402563 0.166767 -0.0225138 
-0.04221 0.168642 -0.0181836 
-0.0383875 0.167006 -0.0141496 
-0.0273507 0.169139 -0.00706786 
-0.0272613 0.169821 -0.00474655 
-0.0313834 0.168504 -0.00519173 
-0.0383377 0.163472 -0.0193202 
-0.0398368 0.164669 -0.016698 
-0.0248145 0.15093 -0.042878 
-0.0237016 0.152262 -0.041068 
-0.0194113 0.151539 -0.0354787 
-0.0236827 0.153651 -0.0372592 
-0.0322884 0.155383 -0.0340278 
-0.0343566 0.1574 -0.030098 
-0.0352677 0.170977 -0.0517484 
-0.0309245 0.159417 -0.0241396 
-0.0289039 0.165156 -0.00634243 
-0.02575 0.164246 -0.00290271 
-0.0240689 0.149031 -0.0328702 
-0.0313112 0.15081 -0.0306448 
-0.0204721 0.14374 -0.0376735 
-0.0368282 0.161327 -0.0311997 
-0.0160871 0.146583 -0.0364874 
-0.0288987 0.148488 -0.03073 
-0.0274186 0.1521 -0.0208221 
-0.0352381 0.156619 -0.0159645 
-0.0208156 0.143777 -0.0347117 
-0.0254153 0.157842 0.000237878 
0.0235947 0.162196 0.0146752 
0.0316845 0.164119 0.0222006 
-0.0212214 0.144239 -0.0326278 
-0.0321725 0.151499 -0.0156976 
-0.0323807 0.151731 -0.0151415 
-0.0319423 0.157494 0.000264611 
0.03215 0.162284 0.0227074 
-0.0233335 0.141987 -0.0366764 
0.0158116 0.157589 0.00947669 
0.0235542 0.158682 0.0144153 
-0.0300431 0.146643 -0.0231334 
-0.0342006 0.154835 -0.00042413 
0.0285229 0.157761 0.0167097 
-0.0344729 0.152845 0.000596777 
0.0375581 0.16172 0.0261443 
-0.0275574 0.13791 -0.0351197 
0.0269924 0.153451 0.0112263 
0.0323756 0.155087 0.0168838 
0.0361045 0.158935 0.0239173 
0.039992 0.160861 0.0289216 
-0.0248536 0.145648 -0.0146563 
-0.0377107 0.162108 -0.0471118 
-0.0244012 0.144474 -0.0142818 
0.0348073 0.154782 0.0196629 
-0.019737 0.134583 -0.031978 
-0.0213334 0.135876 -0.0300194 
-0.0248463 0.138245 -0.0304727 
0.0380085 0.155092 0.0238124 
-0.0263315 0.134351 -0.0281157 
0.0418554 0.157146 0.030665 
-0.0192923 0.132561 -0.030756 
0.0439036 0.153576 0.0314765 
0.0447786 0.157019 0.0345611 
0.0468122 0.156723 0.0381816 
0.0464345 0.157773 0.0391622 
0.0335834 0.157892 0.0407824 
-0.0198399 0.147486 -0.0333938 
0.0647852 0.164806 0.0628591 
0.0755653 0.166571 0.0720121 
-0.0308809 0.136245 -0.0215984 
-0.031368 0.135343 -0.0235297 
0.0343715 0.156606 0.0421784 
0.0222755 0.139356 0.0045118 
0.0663236 0.161685 0.0639278 
0.0320106 0.142464 0.0106983 
-0.0272073 0.13929 -0.035745 
0.0365076 0.143833 0.0148139 
-0.0245638 0.141816 -0.0322911 
0.0403294 0.144118 0.0188425 
0.0439362 0.147033 0.0246717 
0.0460372 0.149446 0.0319245 
0.048671 0.152342 0.0396394 
0.0490951 0.153483 0.0431635 
0.0747668 0.164696 0.0744284 
-0.0141102 0.147576 -0.0356887 
-0.0356563 0.129642 -0.0248666 
0.0600627 0.154578 0.0544226 
0.0603862 0.157019 0.0558931 
0.069122 0.158709 0.0629071 
0.0741452 0.161275 0.0688889 
0.0755428 0.16333 0.0720757 
0.0732654 0.16174 0.074671 
-0.0418752 0.126065 -0.0300786 
-0.0394272 0.123989 -0.0246902 
0.029293 0.136001 0.0105132 
0.02532 0.147315 0.00739379 
0.0295651 0.133635 0.0114209 
-0.0325318 0.164472 -0.00920809 
0.0365324 0.137907 0.0156745 
0.0379929 0.0392034 0.0377008 
0.0250493 0.0745562 0.034365 
0.0564148 0.110296 0.095368 
-0.0665969 0.0668714 -0.020664 
-0.0308863 0.15184 -0.0248709 
0.0280096 0.0774295 0.0353033 
0.0564409 0.111255 0.0958723 
0.0326243 0.0865608 0.0581444 
0.0483534 0.109519 0.106626 
-0.0244192 0.0614544 0.00566022 
-0.0224149 0.155471 -0.0416378 
0.0363979 0.0789575 0.0429452 
-0.0364627 0.15853 -0.0119584 
0.0337352 0.0824507 0.0548022 
0.0304265 0.0883184 0.0637122 
0.0253949 0.0740219 0.0351991 
0.0297621 0.0849302 0.0622544 
0.02956 0.0900537 0.0688188 
0.0563267 0.111118 0.0767409 
0.0532108 0.136645 0.0478691 
-0.0194008 0.0656073 0.0127631 
0.0120589 0.116715 0.00956201 
-0.0470612 0.178988 -0.0182904 
0.0241118 0.0727962 0.0344333 
0.0284078 0.0853736 0.0661956 
-0.0214593 0.0616532 0.0139704 
-0.0249291 0.0568787 0.00516671 
0.0535983 0.144038 0.0494004 
-0.0233829 0.059027 0.0109544 
0.0371738 0.0805428 0.0496853 
-0.0230609 0.0585701 0.0151765 
0.034444 0.0724588 0.0407406 
-0.0496593 0.0513397 -0.00720274 
0.0372397 0.0737213 0.0443434 
0.0316099 0.0836858 0.0587249 
0.0389005 0.0741358 0.0481805 
-0.0323398 0.154703 -0.00315111 
0.0339816 0.0783101 0.0603484 
0.049959 0.147431 0.0409017 
0.0217498 0.134408 0.00555601 
-0.0656608 0.0648086 -0.0209523 
0.0249781 0.0849099 0.0738953 
-0.0240838 0.0537758 0.00832052 
-0.029882 0.139089 -0.0259777 
0.0620125 0.132268 0.0667763 
0.0318063 0.158609 0.0198524 
0.0300212 0.0778362 0.0633642 
0.0394102 0.0454954 0.035821 
0.0349958 0.0839391 0.0533576 
0.0388001 0.0764091 0.0514708 
0.0433564 0.0616033 0.068829 
0.0502079 0.13167 0.0323207 
-0.0239452 0.0564701 0.0156735 
0.0679178 0.138297 0.0736943 
0.0567222 0.114728 0.0941704 
0.0424034 0.123222 0.0259172 
0.0667002 0.151134 0.0582976 
-0.029382 0.0487314 0.00301442 
0.0274644 0.0621733 0.0312481 
0.0382064 0.0746888 0.0592758 
-0.0460613 0.171726 -0.0217405 
0.0511345 0.0917972 0.094684 
0.0472664 0.0517103 0.0812174 
0.0260574 0.0839502 0.0818497 
0.0746431 0.146203 0.0745107 
-0.0278812 0.0455209 0.00217421 
0.0500576 0.112561 0.0493907 
0.0522553 0.126401 0.0384125 
-0.0524466 0.0522438 -0.0103189 
0.0265863 0.0803888 0.0695271 
-0.0425659 0.182276 -0.0332177 
-0.0294809 0.144488 -0.0279442 
0.029018 0.0725535 0.117657 
0.0372383 0.0732498 0.0651176 
0.0600996 0.12401 0.0647945 
0.0272021 0.0788876 0.0730017 
0.0351904 0.090793 0.119934 
0.0734544 0.157111 0.0710992 
0.0246936 0.0734095 0.0348176 
-0.0547244 0.0528086 -0.0131484 
-0.0252621 0.0625176 0.0031278 
0.0328201 0.137219 0.0125105 
0.01424 0.119753 0.00853342 
0.0486431 0.0542089 0.0884865 
0.0318619 0.0637835 0.0443863 
-0.0166641 0.158389 -0.0414161 
-0.0323855 0.152417 -0.0287236 
0.0323377 0.0792629 0.0387933 
-0.000139533 0.0949879 0.0127473 
-0.00957237 0.0784716 0.0132954 
0.0388476 0.0700576 0.0498619 
-0.0260383 0.144452 -0.0172339 
0.0499775 0.089449 0.102145 
0.0429787 0.0950012 0.115581 
0.0443294 0.10505 0.0568515 
0.0562445 0.116009 0.0688444 
-0.0269899 0.0441609 0.00376437 
0.0509188 0.120485 0.0536243 
-0.0329631 0.128152 -0.030209 
-0.0268831 0.0454286 0.00619669 
0.0300038 0.0752151 0.0753088 
0.0324316 0.0777393 0.118545 
0.0394771 0.0699126 0.0744548 
-0.0240966 0.056897 0.00726885 
0.0242626 0.0653652 0.0379388 
0.0325471 0.0603193 0.0417244 
0.0409786 0.147096 0.0203925 
0.0402829 0.0671533 0.0593249 
0.0486709 0.119074 0.0340803 
-0.0333263 0.162855 -0.0243262 
0.0517335 0.0974779 0.0913003 
0.062537 0.154401 0.0565545 
-0.0246907 0.0730807 0.0021234 
0.0424441 0.090393 0.115976 
0.0276884 0.0634301 0.0363274 
0.0466788 0.0869542 0.108856 
0.0330188 0.0813577 0.0563929 
0.0427604 0.0958726 0.0481241 
-0.0486081 0.0484157 -0.00611509 
0.0636895 0.14496 0.0551813 
0.0236796 0.163064 0.0165349 
0.0446658 0.0790458 0.0949369 
0.0480718 0.0653412 0.0899172 
0.0333009 0.0505819 0.0322342 
0.043021 0.0858947 0.113798 
0.0329844 0.0536752 0.0351783 
0.0296444 0.0856156 0.0328375 
0.0753681 0.153546 0.0717327 
0.0275603 0.0800675 0.0823724 
0.0395336 0.0720521 0.0607342 
0.0514733 0.121615 0.0938107 
0.0416975 0.0705813 0.105688 
0.0322418 0.0538253 0.0308251 
0.0493425 0.137081 0.0308832 
0.0468462 0.104107 0.0437997 
0.0367758 0.132568 0.0178236 
0.0355036 0.0371768 0.0340742 
0.0641431 0.141031 0.0556274 
0.0365321 0.078262 0.0563359 
0.0407963 0.0925274 0.0455174 
0.0586379 0.112274 0.0827163 
0.0351853 0.0366397 0.0353105 
0.0476511 0.0552565 0.0797136 
0.0320753 0.0668721 0.0429599 
0.0344386 0.0528606 0.0384717 
0.0528939 0.123939 0.0475863 
0.0441618 0.0775306 0.0877263 
0.0779631 0.151506 0.0754357 
-0.043011 0.18552 -0.0165151 
0.0360615 0.0644315 0.0488481 
0.0450786 0.0743906 0.0873529 
0.0361388 0.0693437 0.11011 
0.0708744 0.147074 0.0622533 
0.0550038 0.128971 0.0785937 
0.0366585 0.0683482 0.0465552 
0.0496577 0.0863069 0.101211 
-0.0588892 0.0560057 -0.0177112 
-0.0229315 0.156864 -0.0388206 
-0.0260388 0.148953 -0.0162098 
0.00106075 0.0971554 0.0138223 
-0.00378221 0.18469 -0.0280659 
0.0408389 0.0601535 0.0479417 
-0.0299253 0.141269 -0.0214316 
0.039374 0.0518358 0.0420456 
-0.0271683 0.139539 -0.0374358 
0.0486718 0.0907905 0.107501 
0.0370014 0.0854795 0.044782 
0.0419783 0.0962074 0.0522036 
0.0311346 0.16292 0.0198108 
0.0306788 0.0809637 0.0603422 
0.0464616 0.0598598 0.0778406 
0.0545494 0.103303 0.101047 
0.0260887 0.0812536 0.0781362 
0.0499623 0.140622 0.0341327 
0.0482387 0.0529422 0.085027 
0.0348779 0.0756154 0.0638382 
0.0507361 0.125814 0.034473 
0.0498083 0.0601792 0.0918617 
0.0309762 0.0637744 0.109437 
0.0388483 0.0698235 0.080933 
-0.0415672 0.164144 -0.0380653 
-0.0286067 0.0472302 0.00202905 
-0.0163622 0.0797885 0.00562886 
0.0543567 0.100041 0.0993322 
0.0461754 0.0767178 0.0967358 
-0.0246401 0.0691159 0.0054037 
0.0712121 0.142359 0.0669906 
0.0457104 0.0505188 0.0766516 
0.030476 0.0740344 0.0717271 
0.0475149 0.072177 0.0967241 
0.0461619 0.0929194 0.112323 
0.0435292 0.100486 0.114187 
0.0537289 0.107382 0.102162 
0.0258586 0.045997 0.0295557 
0.0439905 0.150577 0.028295 
0.0419538 0.0658988 0.0687538 
0.0402411 0.100663 0.115928 
0.0389476 0.0728148 0.110232 
-0.0365283 0.156922 0.0018181 
0.0484358 0.129764 0.0299226 
0.0322542 0.0846493 0.120811 
0.0601203 0.143866 0.0528753 
0.0491507 0.0628499 0.0983124 
-0.0278229 0.160034 -0.00443582 
0.0435951 0.055407 0.0627251 
0.0552863 0.106342 0.0824673 
0.0496244 0.0868307 0.0969661 
0.0439373 0.105585 0.111775 
0.0479229 0.0628658 0.0860695 
0.0486928 0.0677237 0.0971953 
0.0533598 0.104186 0.103276 
0.0641711 0.13298 0.0595238 
0.0400974 0.0419323 0.0401544 
0.0384873 0.0777603 0.114077 
0.0498949 0.060801 0.0949829 
0.0456589 0.0617713 0.102244 
0.028376 0.0788991 0.0662544 
0.0373057 0.0959726 0.118524 
0.0478488 0.0578499 0.0837931 
0.0477506 0.0594844 0.0989134 
0.0454098 0.0579563 0.0702686 
0.0427256 0.109906 0.109717 
0.048578 0.145175 0.0334102 
-0.00191262 0.187187 -0.0265058 
0.0383341 0.0598757 0.0451878 
0.0447768 0.100752 0.0511154 
-0.0102982 0.0904636 0.00405726 
0.0385143 0.0432607 0.0435358 
0.0303939 0.0687656 0.113936 
0.0480328 0.0681751 0.0937596 
0.0492244 0.0577182 0.0874066 
0.0366429 0.0792549 0.116803 
0.0725726 0.158957 0.0661234 
0.0392804 0.0669293 0.105257 
0.0735844 0.155002 0.0669347 
-0.0234376 0.0641396 0.00820495 
0.0523332 0.102093 0.104917 
-0.0433894 0.170362 -0.0243791 
0.0457642 0.0774656 0.104439 
0.0673782 0.154154 0.0594544 
0.0521375 0.0947575 0.100781 
-0.0284533 0.137885 -0.0362719 
0.076957 0.150198 0.0722612 
0.0469659 0.0647317 0.101782 
0.0294413 0.0765759 0.0683187 
-0.0128006 0.18071 -0.0241215 
0.0282516 0.0617762 0.0329778 
0.0283788 0.0654868 0.112788 
0.0341709 0.0820379 0.119288 
-0.0311077 0.136409 -0.0259914 
0.0676627 0.134645 0.0719234 
0.0367545 0.0717881 0.0730976 
-0.0334673 0.0331642 0.00160632 
0.0466084 0.0751002 0.0994918 
0.0740354 0.144359 0.0710415 
-0.0544721 0.0565112 -0.0119323 
0.0360205 0.0854148 0.0407437 
-0.0333333 0.166002 -0.00570925 
-0.0580396 0.054477 -0.0167704 
0.0354636 0.0645378 0.10556 
0.0438002 0.109935 0.109073 
0.0337172 0.0664892 0.109589 
0.0385979 0.151097 0.0205415 
0.0388936 0.0940067 0.0549919 
0.0403546 0.0706131 0.0582225 
-0.0331317 0.132876 -0.0258338 
0.0511421 0.116007 0.0424757 
0.0470246 0.0539104 0.075801 
-0.0294523 0.15562 -0.0224867 
-0.00321745 0.0896455 0.0116355 
-0.0363691 0.160722 -0.0183206 
0.0401025 0.0949195 0.117289 
0.0342587 0.0359123 0.0361305 
0.0485675 0.10729 0.0464064 
0.0478987 0.133666 0.0283245 
-0.0324314 0.159667 -0.00815836 
0.0449362 0.0557095 0.0667834 
0.039022 0.0500602 0.0479809 
-0.0354834 0.170667 -0.0525983 
-0.0284893 0.15893 -0.0211643 
0.0521674 0.0933361 0.0964259 
0.0400325 0.0622432 0.0511802 
-0.0162226 0.0685913 0.0138363 
0.0400283 0.0481903 0.0429581 
-0.0309765 0.171188 -0.0280297 
-0.00132911 0.0946586 0.00968366 
0.0458936 0.0504982 0.0775938 
0.0317664 0.0735688 0.0781012 
0.0390587 0.0417043 0.0345136 
0.0458802 0.0666079 0.0857856 
0.0427389 0.161131 0.0327237 
0.0518907 0.132042 0.0363839 
0.0317148 0.0600817 0.103767 
0.040815 0.0539736 0.0553791 
0.0165839 0.160875 0.00973113 
0.043724 0.0520688 0.0665527 
0.0567642 0.119246 0.0649264 
0.041768 0.0634754 0.0656153 
0.0413294 0.105288 0.113459 
0.0466105 0.0629781 0.0821591 
0.0325353 0.0619543 0.105206 
0.048864 0.104219 0.108918 
0.0464671 0.0730513 0.0927903 
0.046843 0.0584423 0.0990173 
-0.0234571 0.161796 0.000804577 
0.0495772 0.144448 0.0368084 
0.0472331 0.0701726 0.101009 
0.0436889 0.0734108 0.105225 
0.0498245 0.151189 0.044341 
0.060723 0.129052 0.0583316 
0.0278825 0.0582752 0.0320226 
0.0480037 0.0986817 0.110858 
0.0354882 0.0961665 0.0644547 
-0.024688 0.0718795 0.000759297 
0.0389872 0.065436 0.0559324 
-0.0150338 0.17772 -0.0266155 
0.0433259 0.101827 0.0375435 
0.0278138 0.154557 0.0137548 
0.0124905 0.115783 0.0123024 
0.0653863 0.137948 0.057372 
0.0480636 0.148284 0.0367443 
0.0427204 0.0653422 0.0727087 
0.0459651 0.0708851 0.0885077 
-0.0238486 0.0553914 0.0126627 
0.0344159 0.049241 0.0355715 
-0.00721568 0.0834705 0.0114333 
0.0444999 0.069585 0.0854684 
0.0402756 0.0527738 0.0503812 
0.0496747 0.114296 0.0389196 
-0.0292314 0.15656 -0.00280677 
0.0446191 0.0530437 0.0677679 
0.00456909 0.106218 0.0082603 
0.0417561 0.0581454 0.0536298 
-0.0371733 0.174149 -0.00834549 
-0.0564767 0.0527781 -0.0150953 
-0.065247 0.0675868 -0.0177766 
-0.0216482 0.133678 -0.0291629 
0.0412724 0.0560423 0.0489436 
0.0267275 0.0849899 0.0704148 
0.0356772 0.0916399 0.0576191 
0.042457 0.0602577 0.0608452 
0.0297452 0.0574584 0.034601 
0.0627859 0.133738 0.0569525 
0.0347034 0.151477 0.0165327 
0.0305327 0.132363 0.0133856 
0.0540283 0.127601 0.0821347 
0.0330481 0.083539 0.0368357 
-0.0569136 0.0572143 -0.0150348 
0.0345324 0.0490694 0.0372285 
0.0343663 0.0478844 0.0345027 
0.0457937 0.0528853 0.0722939 
0.0512516 0.0900324 0.0982053 
0.0307223 0.0737337 0.117722 
0.0417127 0.106948 0.0674682 
-0.0267369 0.147575 -0.0187425 
0.030223 0.0769818 0.0822075 
0.0408348 0.0528225 0.059983 
0.0512863 0.139601 0.0386343 
0.0373811 0.0395678 0.0342731 
0.0330795 0.0717288 0.0800194 
0.0406496 0.0816859 0.11422 
0.037389 0.0836795 0.118029 
0.0333938 0.0715545 0.114399 
0.0383219 0.0398624 0.0425772 
0.0360985 0.0750362 0.11463 
0.03948 0.0890061 0.117756 
0.0485741 0.0563583 0.0937735 
0.0471403 0.104105 0.0485495 
0.0272514 0.064927 0.040435 
0.0537829 0.125303 0.0864645 
0.0650902 0.163367 0.0646081 
0.04108 0.0756015 0.109741 
-0.0168252 0.0758107 0.00772804 
-0.0369647 0.16455 -0.0276066 
0.0539315 0.0984613 0.0944254 
0.0458573 0.0840549 0.108446 
0.0283354 0.0821746 0.0647536 
0.0442567 0.0588638 0.0656596 
0.0413093 0.154101 0.027647 
0.0567769 0.109888 0.0796431 
0.039391 0.0705859 0.0682136 
-0.0393146 0.1266 -0.026856 
0.0509658 0.0967383 0.106249 
0.0247499 0.0754813 0.0333775 
0.0386091 0.0954667 0.0357932 
0.0407991 0.0681035 0.0631098 
0.0566287 0.129735 0.0750129 
0.0478926 0.0815814 0.0985983 
0.0480538 0.0830314 0.103383 
0.0519963 0.108542 0.104307 
0.0594368 0.119857 0.0707642 
-0.0327147 0.130556 -0.0309297 
-0.026435 0.050489 0.00556822 
-0.00462871 0.0855452 0.0144772 
0.00887057 0.11288 0.00837597 
-0.0314611 0.150433 -0.0146381 
0.0561406 0.104249 0.0966099 
-0.0487917 0.174967 -0.0179436 
0.0558489 0.103355 0.0919323 
-0.0151394 0.160569 -0.0422462 
-0.0228147 0.175672 -0.00477612 
-0.0321954 0.156866 -0.0257535 
0.0533422 0.100741 0.0888388 
-0.024824 0.0651836 0.00453759 
-0.01405 0.0720419 0.0133114 
0.0351709 0.147831 0.0146389 
0.0214767 0.130119 0.00765286 
0.0372035 0.100296 0.0677457 
0.0520413 0.125296 0.0560715 
0.0321745 0.0936183 0.0676481 
0.0606024 0.141713 0.0530468 
0.0334515 0.0931558 0.0626017 
-0.0342924 0.160874 -0.0271087 
0.0376897 0.089416 0.0524629 
0.0619313 0.128695 0.0622433 
0.0285517 0.0777838 0.0791028 
0.0382584 0.0879306 0.0476006 
0.0407837 0.0454939 0.0386757 
-0.0113037 0.0745196 0.0147504 
-0.024889 0.0689323 0.00340921 
-0.0598133 0.0585288 -0.0181249 
0.016822 0.132318 0.0029016 
0.0448297 0.112689 0.0329307 
0.0342657 0.0966899 0.0677627 
0.0461676 0.146534 0.0282902 
0.0510382 0.121607 0.0578706 
0.0297474 0.0822295 0.0341396 
0.0555251 0.104027 0.0873374 
0.034261 0.0922346 0.0332762 
-0.0592439 0.0613387 -0.0160902 
0.0273026 0.13609 0.00867005 
0.055562 0.106308 0.0986424 
-0.062162 0.062516 -0.0186471 
0.0256199 0.0768696 0.0334558 
0.0419146 0.0967892 0.0396074 
0.0752462 0.16702 0.0731086 
0.0478608 0.114421 0.103508 
0.0531408 0.129126 0.0456379 
0.0578422 0.108929 0.0905318 
0.00980952 0.112827 0.0110692 
0.0572949 0.107686 0.0854461 
0.0446606 0.0994142 0.0460256 
-0.0116999 0.0769292 0.0114523 
0.0402627 0.0925597 0.041311 
-0.00861624 0.0788591 0.0145465 
-0.0245055 0.072972 0.0038518 
0.0381477 0.0995745 0.0625301 
0.0601463 0.121481 0.0740262 
0.0523285 0.125848 0.0520685 
0.0417054 0.151027 0.0240814 
0.0397719 0.0710691 0.0542826 
0.0397103 0.0976188 0.0572521 
0.0633008 0.131806 0.064113 
-0.0375822 0.167031 -0.0520561 
0.0403321 0.0931192 0.0511301 
0.0386492 0.0890174 0.0430667 
0.0443882 0.0886395 0.113256 
0.00538321 0.104595 0.0144351 
0.0358254 0.0553846 0.0418553 
0.0377585 0.0902734 0.0387991 
0.0339845 0.0888446 0.0346397 
-0.0646695 0.0663437 -0.0172805 
-0.0650151 0.0665812 -0.0190148 
0.0299559 0.138716 0.00944234 
0.0402594 0.10277 0.0648277 
0.00122889 0.109485 0.0029289 
-0.0670416 0.0686304 -0.0193637 
0.0302202 0.079573 0.085875 
0.0480261 0.117785 0.100514 
0.052967 0.142041 0.0464019 
0.0299049 0.059537 0.0380376 
0.051675 0.118224 0.0972529 
0.0112447 0.122381 0.00377809 
0.05847 0.114511 0.0884492 
0.00350981 0.101643 0.0127578 
-0.0104548 0.0819078 0.0087796 
0.0427111 0.106154 0.0627323 
0.0607056 0.125403 0.0690195 
0.0324442 0.0796829 0.0882898 
0.0409984 0.102943 0.0607404 
0.0427606 0.102032 0.0568044 
0.0430709 0.0970315 0.043007 
0.0459249 0.103898 0.0526839 
-0.0179591 0.0706918 0.0100409 
-0.00233739 0.0899517 0.0139443 
-0.00576656 0.087905 0.00936853 
-0.0375847 0.163308 -0.0135289 
0.0545711 0.121558 0.0902614 
0.0595493 0.117365 0.0806199 
0.0593786 0.116723 0.0764531 
0.0575898 0.115062 0.0732451 
0.0113755 0.126036 0.00214646 
0.0517833 0.117561 0.0475808 
-0.010291 0.0871579 0.00582993 
0.0436665 0.110504 0.0660692 
-0.0242451 0.160536 -0.00156046 
0.0455335 0.110714 0.0610199 
0.0467534 0.109279 0.0560546 
0.0479786 0.107205 0.0506227 
-0.0197992 0.176723 -0.0251199 
0.0446293 0.100525 0.0411514 
0.0300814 0.140279 0.00883308 
0.0456642 0.112403 0.065703 
0.0581897 0.119569 0.0861634 
0.0397652 0.100599 0.0340733 
0.0479129 0.0864383 0.10523 
0.0499405 0.11098 0.044731 
0.0468966 0.113354 0.0630876 
-0.0180377 0.17589 -0.0280992 
-0.0492173 0.171975 -0.0168415 
0.0457921 0.104424 0.0395257 
0.0628592 0.138522 0.0551903 
-0.0366633 0.168554 -0.0287078 
-0.00446438 0.0932735 0.00682413 
0.059586 0.122945 0.0784375 
0.053026 0.131029 0.0497679 
0.0275829 0.151542 0.010608 
0.0220851 0.128227 0.00991096 
0.0581865 0.119357 0.0673273 
0.0486668 0.116953 0.0601907 
0.0475233 0.114154 0.0585959 
0.0490048 0.114016 0.0546824 
-0.0507655 0.0484561 -0.00884222 
0.0484287 0.10902 0.0412742 
0.0456159 0.118605 0.0308294 
-0.0150013 0.150412 -0.0374926 
0.046923 0.108389 0.0380258 
0.0441728 0.107146 0.0351855 
0.0407164 0.106145 0.0326068 
0.0276846 0.0824226 0.0843402 
0.0719327 0.159091 0.0744279 
0.0418656 0.0680152 0.0776433 
0.00257961 0.101372 0.00973345 
0.04406 0.0662777 0.0807219 
0.000183981 0.0998818 0.00728331 
0.0569272 0.124539 0.0831236 
-0.00392879 0.0975644 0.00487475 
-0.0252489 0.0676814 0.0012927 
0.00721276 0.108387 0.0123986 
0.0560575 0.12755 0.0796477 
-0.0513389 0.182647 -0.0131725 
0.0446565 0.0748173 0.0861626 
0.0759493 0.145458 0.0763315 
0.0587584 0.127176 0.0754768 
0.06011 0.126404 0.0717827 
0.0579892 0.122028 0.0624978 
0.0388918 0.100986 0.116404 
0.0508993 0.117403 0.0516184 
0.0479703 0.113588 0.0360666 
-0.0270699 0.154147 -0.0190099 
0.036441 0.0820585 0.0474324 
0.0520113 0.120446 0.0493381 
-0.038612 0.162341 -0.0347201 
0.00545763 0.105699 0.0115194 
0.0544382 0.111463 0.0998779 
0.0724777 0.148941 0.0643887 
0.0426249 0.0576569 0.0574007 
0.00131446 0.105004 0.00516022 
0.0558748 0.115802 0.0683144 
0.0566977 0.132203 0.0720093 
0.0602298 0.13067 0.0686907 
0.0450073 0.0772911 0.0904388 
0.0526795 0.122865 0.0445779 
0.0510719 0.13714 0.0349083 
0.0461965 0.152461 0.0356055 
0.0519084 0.121137 0.0405 
0.0412118 0.0686462 0.071203 
0.0502182 0.119802 0.0367282 
-0.0281294 0.153857 -0.0347388 
0.0411984 0.117929 0.0276552 
-0.033588 0.13018 -0.0335815 
-0.00618897 0.0830298 0.0141826 
0.0393206 0.0553264 0.0451529 
0.00578898 0.11096 0.00595904 
0.0686861 0.137612 0.0698098 
0.0661781 0.134901 0.0669232 
0.0267338 0.0826749 0.0683743 
0.0660219 0.135656 0.0626678 
0.052933 0.128429 0.042483 
0.0488912 0.124743 0.0320489 
0.0644621 0.162705 0.0601776 
0.0753171 0.142521 0.0777899 
0.0560066 0.116992 0.0932437 
0.0453359 0.123662 0.0285244 
0.0746255 0.141249 0.0761261 
0.042584 0.0557257 0.0582222 
0.0515107 0.148547 0.0470407 
0.0735382 0.140819 0.0734136 
0.0148496 0.119075 0.0113755 
0.0447139 0.139747 0.0231559 
0.0107882 0.117736 0.00642626 
0.0412222 0.139293 0.0196602 
0.00677088 0.116194 0.00356292 
0.0686057 0.139198 0.0652055 
0.0652783 0.136438 0.0579595 
0.0659902 0.158898 0.059782 
0.0433975 0.0796464 0.109492 
0.0699216 0.142329 0.0636903 
0.0676246 0.140403 0.0596889 
0.0529902 0.133803 0.0443937 
0.0525268 0.134082 0.0407037 
0.0372437 0.0460513 0.0465989 
0.0181031 0.121631 0.013093 
-0.033953 0.158257 0.0023675 
0.0457224 0.129353 0.0268155 
0.0421953 0.128539 0.0237843 
0.0206053 0.124886 0.0116076 
0.0515374 0.147515 0.0448101 
0.0342287 0.0868213 0.120325 
0.0495499 0.116907 0.0555466 
0.0171341 0.1224 0.010081 
0.0244811 0.140968 0.00575642 
0.0159661 0.123549 0.00729421 
0.037454 0.128125 0.0208777 
0.00641285 0.11955 0.00161515 
0.0606129 0.139973 0.0530872 
0.024232 0.127141 0.0132248 
0.0268506 0.143661 0.00715338 
0.0195461 0.125996 0.00893624 
0.0524213 0.1138 0.100588 
0.0749116 0.149639 0.0684631 
0.0673646 0.146091 0.0583517 
0.0537269 0.102578 0.0863435 
0.0449096 0.0613163 0.0746314 
0.0515337 0.14198 0.04247 
0.0604054 0.142487 0.0527606 
0.0457066 0.134802 0.0251676 
0.0301452 0.0810619 0.12075 
0.0418575 0.133735 0.0215261 
-0.0390502 0.166798 -0.0319924 
0.0301429 0.151897 0.0128588 
0.0251986 0.130056 0.0112629 
0.0319178 0.148205 0.0115907 
0.0390692 0.102861 0.0674717 
0.0164967 0.128061 0.00479879 
-0.0389202 0.165111 -0.0313347 
0.0233355 0.16395 0.0170954 
0.0469652 0.137459 0.0269459 
0.0243254 0.145528 0.00537838 
0.0250393 0.131828 0.00949182 
0.070836 0.153967 0.0630213 
0.0695068 0.150762 0.0610233 
0.0379025 0.0514425 0.0521507 
0.0630943 0.151384 0.0555569 
0.048039 0.142295 0.0296645 
0.0404791 0.0620842 0.057755 
0.0458782 0.141885 0.0255541 
