-0.033428 0.196548 -0.019722
-0.036072 0.196017 -0.018551
-0.033838 0.193497 -0.019254
-0.036567 0.193129 -0.017679
-0.038449 0.191523 -0.016637
-0.040402 0.191520 -0.016359
-0.003390 0.192842 -0.028587
-0.005737 0.192279 -0.027441
-0.008098 0.191340 -0.026263
-0.006103 0.188945 -0.027468
-0.035404 0.188987 -0.017548
-0.008610 0.188283 -0.026023
-0.012405 0.187549 -0.024001
-0.016210 0.188101 -0.022531
-0.018191 0.186780 -0.021391
-0.022300 0.186677 -0.020017
-0.026265 0.186303 -0.018816
-0.033342 0.186397 -0.017229
-0.033209 0.185634 -0.016961
-0.030479 0.185498 -0.001218
-0.033218 0.184874 -0.016978
-0.031158 0.182174 -0.002511
-0.032797 0.182816 0.000157
-0.057339 0.181005 -0.004102
-0.061551 0.181005 -0.004057
-0.022546 0.182610 -0.019792
-0.046711 0.180689 -0.007835
-0.023799 0.179566 -0.020614
-0.062300 0.179526 -0.002867
-0.064286 0.178739 -0.001840
-0.066588 0.179289 -0.002661
-0.086849 0.179633 0.005649
-0.030219 0.177652 -0.017880
-0.009833 0.175739 -0.008351
-0.013700 0.175738 -0.006858
-0.028478 0.178435 -0.003367
-0.028179 0.175732 -0.001791
-0.031295 0.178467 -0.002476
-0.033602 0.177783 -0.001579
-0.047605 0.179063 -0.005943
-0.037335 0.177923 0.000618
-0.042057 0.177029 0.001806
-0.047828 0.177113 0.000983
-0.029696 0.185504 -0.001956
-0.082754 0.177142 0.009059
-0.086930 0.178151 0.010881
-0.087879 0.177159 0.015433
-0.075074 0.174229 0.001584
-0.009592 0.173850 -0.008784
-0.071963 0.173419 0.001360
-0.013726 0.173178 -0.006616
-0.017265 0.172547 -0.005552
-0.037398 0.172700 0.001043
-0.047553 0.172327 0.003940
-0.052388 0.172822 0.005229
-0.057465 0.172784 0.005919
-0.068606 0.172875 0.000649
-0.073328 0.171860 0.005227
-0.077835 0.171752 0.016470
-0.086923 0.173419 0.017205
-0.065439 0.169748 0.006201
-0.071000 0.169468 0.010610
-0.067102 0.168912 0.011330
-0.086743 0.168782 0.014346
-0.098393 0.171823 -0.002371
-0.018081 0.167936 -0.007768
-0.041200 0.168710 0.002505
-0.013517 0.165931 -0.006472
-0.018144 0.167792 -0.005759
-0.028362 0.185821 -0.003780
-0.081370 0.179167 0.006032
-0.022395 0.167859 -0.004165
-0.032336 0.167801 0.000085
-0.004726 0.189565 -0.028061
-0.037484 0.167888 0.001442
-0.039523 0.165994 0.003215
-0.043078 0.167367 0.004152
-0.047488 0.167507 0.005795
-0.057534 0.166635 0.009715
-0.077534 0.167715 0.016411
-0.063906 0.164614 0.013388
-0.025925 0.164568 -0.002537
-0.072177 0.163978 0.014633
-0.040595 0.162339 0.002671
-0.079648 0.175731 0.008239
-0.066046 0.162475 0.012703
-0.068042 0.163619 0.013659
0.040997 0.160954 -0.018902
0.037775 0.161232 -0.018052
0.031834 0.161451 -0.018768
-0.009146 0.162697 -0.008013
-0.010417 0.163455 -0.007291
-0.012818 0.162843 -0.006168
-0.017493 0.162995 -0.004848
-0.024530 0.161075 -0.001966
-0.027708 0.162635 -0.001192
-0.032495 0.162919 0.000179
-0.037182 0.162880 0.001801
-0.042703 0.163115 0.003849
-0.047529 0.162598 0.005448
-0.051593 0.162391 0.007225
-0.053869 0.163141 0.008540
-0.057467 0.162694 0.009961
-0.062171 0.162739 0.011732
-0.074873 0.160599 -0.011351
-0.077519 0.160682 -0.010643
-0.081696 0.161122 -0.009540
-0.086033 0.161357 -0.004443
-0.078265 0.163073 0.013800
-0.074582 0.159835 -0.011916
-0.061963 0.169184 0.006801
-0.079587 0.160155 0.013224
-0.013346 0.159697 -0.005909
-0.047023 0.159229 0.000947
-0.077774 0.159372 -0.011375
0.037914 0.158864 -0.017553
-0.022529 0.172784 -0.003979
0.032022 0.158813 -0.017666
0.027528 0.158947 -0.017610
-0.050690 0.158983 -0.001661
-0.051830 0.158439 -0.002287
-0.081636 0.159089 -0.010898
0.028032 0.157397 -0.015269
0.021390 0.156750 -0.016800
-0.065699 0.156745 -0.017192
-0.095984 0.157554 0.012796
0.051480 0.156632 -0.017647
0.050463 0.155999 -0.016965
0.043201 0.158663 -0.017499
0.018968 0.156275 -0.015114
0.012513 0.157823 -0.018339
0.002759 0.156264 -0.019399
-0.067746 0.158148 -0.015421
-0.072284 0.158023 -0.013934
-0.106173 0.158317 0.013983
0.042002 0.156582 -0.016300
0.037285 0.156515 -0.015334
0.036862 0.155333 -0.011304
0.028019 0.155945 -0.010295
0.022847 0.155652 -0.010508
-0.021957 0.157382 -0.002986
-0.032516 0.157695 0.000372
-0.047438 0.156586 0.005117
-0.056355 0.155717 0.007180
-0.102380 0.157819 0.013915
0.039462 0.154570 -0.012445
0.011478 0.155021 -0.017890
-0.014983 0.154653 -0.007065
-0.100902 0.155007 0.013319
0.027783 0.154336 -0.007791
0.042872 0.154201 -0.014643
0.032945 0.154209 -0.008304
0.022148 0.153971 -0.007909
0.017227 0.153732 -0.008909
0.007617 0.154493 -0.017423
-0.056518 0.153840 0.007647
-0.098706 0.153395 0.012522
0.081488 0.151294 -0.006124
0.079806 0.150964 -0.005712
0.057217 0.151497 -0.017304
-0.022975 0.175985 -0.003799
0.056155 0.151844 -0.016549
0.052160 0.152129 -0.016155
0.046182 0.151381 -0.010850
0.042370 0.152161 -0.009285
0.037360 0.151515 -0.006019
0.032468 0.152057 -0.005704
0.017977 0.151587 -0.006160
0.013748 0.150945 -0.006760
0.012995 0.152303 -0.008479
0.002031 0.150757 -0.016827
0.002525 0.153117 -0.018006
-0.002128 0.151635 -0.018705
-0.024375 0.153013 -0.001569
-0.068888 0.152612 0.003737
-0.027515 0.157667 -0.000611
-0.087175 0.152902 0.010234
0.049872 0.150093 -0.012404
0.000126 0.150001 -0.017171
-0.027522 0.152491 -0.000771
-0.032451 0.152544 0.000482
-0.037433 0.152640 0.001689
-0.039698 0.151970 0.003135
-0.042584 0.152617 0.004035
-0.047496 0.152578 0.005512
-0.057653 0.179496 -0.003194
-0.053815 0.150684 0.008268
-0.062111 0.151993 0.009380
0.033012 0.156849 -0.014266
-0.066374 0.150894 0.010763
-0.052239 0.156207 0.006250
-0.076085 0.151567 0.006841
-0.077484 0.152256 0.012849
-0.078783 0.152091 0.013618
0.037542 0.153607 -0.009174
-0.082629 0.151181 0.015429
-0.087622 0.152204 0.016886
-0.089227 0.150922 0.018141
-0.096158 0.150746 0.018405
0.010672 0.149823 -0.007133
-0.075849 0.149742 0.007287
-0.082734 0.172459 0.016594
-0.085950 0.149996 0.017522
0.001444 0.149414 -0.016501
-0.050590 0.149505 0.007555
-0.017733 0.149342 -0.005851
0.007851 0.149126 -0.007756
-0.070687 0.148811 0.012609
0.083715 0.148174 -0.007279
0.061342 0.146629 -0.017132
0.048138 0.148998 -0.008564
-0.002682 0.148624 -0.017652
-0.019414 0.146890 -0.022330
0.092793 0.147544 -0.003680
-0.078869 0.176808 0.005130
0.088088 0.146591 -0.003865
0.082131 0.147875 -0.005791
0.079121 0.147425 -0.005557
0.075362 0.146438 -0.008984
0.073786 0.147688 -0.008090
0.072691 0.146489 -0.006693
0.051862 0.147004 -0.009892
0.050356 0.145742 -0.006860
0.032524 0.148087 -0.003147
0.027559 0.148052 -0.003087
0.017557 0.147912 -0.004048
0.008036 0.146750 -0.005649
-0.003422 0.146265 -0.016678
-0.005416 0.145515 -0.016706
-0.006261 0.146697 -0.017467
-0.022743 0.145886 -0.014143
-0.024110 0.145774 -0.010108
-0.022385 0.148201 -0.003941
-0.036904 0.147813 0.002337
-0.039380 0.147889 0.003180
-0.092140 0.151214 0.018729
-0.067383 0.148412 0.011966
0.074993 0.144991 -0.007235
-0.092621 0.154881 0.012303
0.032560 0.145113 -0.002078
-0.027123 0.145116 -0.001934
-0.042472 0.147456 0.004513
-0.039781 0.184850 -0.013958
-0.047259 0.147597 0.006682
-0.049722 0.145952 0.008209
-0.083634 0.161793 -0.005350
-0.052522 0.147446 0.009143
-0.026670 0.182304 -0.017983
0.046747 0.157738 -0.017868
0.007128 0.097686 -0.009410
-0.012892 0.057826 0.024670
0.048789 0.156000 -0.016850
0.005732 0.098147 -0.005755
0.003923 0.097547 -0.003433
0.085060 0.095559 0.006920
0.025660 0.082255 0.016605
0.008514 0.157353 -0.018067
0.034665 0.097596 0.023266
0.069160 0.096816 0.015556
0.031975 0.155507 -0.011176
-0.001125 0.097607 0.002070
-0.017410 0.057836 0.026521
-0.003505 0.097547 0.003646
0.052016 0.122905 -0.001345
-0.034639 0.094652 -0.007705
0.048629 0.062689 0.023590
0.057204 0.147444 -0.015509
-0.035915 0.094672 -0.007374
-0.067714 0.102698 0.012415
0.077630 0.097541 0.015340
-0.029532 0.094950 0.001070
-0.055616 0.069146 0.037586
0.051786 0.142289 -0.005587
0.077545 0.132700 -0.008074
-0.045781 0.179513 -0.007515
-0.045294 0.094882 0.007696
0.057573 0.067721 0.026229
-0.057450 0.097547 0.014464
-0.067084 0.123214 0.001784
0.057386 0.054213 0.019711
0.045814 0.096546 0.028667
-0.003781 0.077857 -0.000289
0.006740 0.093642 -0.012083
0.052055 0.092964 -0.008505
0.078715 0.077958 0.021664
-0.032311 0.073454 0.022045
-0.046798 0.094129 0.010437
0.049763 0.092252 -0.007781
0.005172 0.090004 -0.011193
-0.084547 0.152229 0.009008
0.082707 0.098011 0.010584
0.003279 0.092636 -0.004244
-0.047480 0.093467 0.016388
0.084058 0.093191 0.011019
-0.062426 0.107498 0.011241
-0.052477 0.122456 0.005896
-0.042246 0.184242 -0.013808
0.040559 0.121154 0.010011
-0.011255 0.092875 0.006703
-0.100266 0.154267 0.012890
-0.013144 0.092052 0.008908
0.048937 0.086860 -0.006666
-0.052385 0.117446 0.007241
-0.051938 0.094705 0.017399
-0.037997 0.090858 0.008778
0.039023 0.097431 0.029748
-0.052139 0.076079 0.035025
0.081691 0.092361 0.015087
0.068233 0.091619 0.019056
-0.010379 0.082761 0.007391
-0.020687 0.089786 0.007810
0.074113 0.056973 -0.002884
-0.012387 0.067986 0.020512
-0.065616 0.115565 0.008082
-0.072113 0.118814 0.002180
-0.072332 0.092479 0.014729
0.046468 0.092631 0.029282
-0.062203 0.067581 0.039920
-0.034083 0.123707 -0.005470
-0.040941 0.089800 0.011323
0.057496 0.117691 -0.004548
0.000487 0.088951 -0.001389
0.056397 0.142059 -0.010035
0.028001 0.161449 -0.018563
-0.018963 0.089357 0.007641
0.050864 0.088985 -0.007962
-0.027518 0.127635 -0.014901
0.001871 0.087691 -0.004240
-0.067388 0.092521 0.015494
-0.022284 0.104544 -0.002082
-0.001682 0.087692 0.000874
-0.057328 0.062669 0.038463
-0.007461 0.112828 0.002308
0.022739 0.151851 -0.005576
-0.007500 0.087629 0.005660
-0.007489 0.097544 0.004671
-0.022455 0.087554 0.008958
0.072415 0.057643 -0.000803
-0.054670 0.115319 0.008036
-0.005367 0.135953 -0.005149
0.012740 0.147918 -0.005058
-0.032380 0.087744 0.010174
0.061347 0.054448 0.018887
-0.094690 0.155732 0.013058
0.072953 0.106442 0.008603
-0.017950 0.092857 0.006387
-0.037025 0.088401 0.010746
-0.076655 0.087785 0.014168
0.003583 0.136559 -0.001683
-0.079251 0.088111 0.012579
0.002009 0.138264 -0.002647
0.046137 0.104123 -0.001731
0.037405 0.137782 -0.001140
0.021913 0.138632 -0.001790
0.067636 0.087792 0.021345
-0.022408 0.092535 0.006476
0.004103 0.057376 0.025238
0.064338 0.086555 0.020831
-0.015430 0.090680 0.010087
-0.037611 0.086958 0.015760
0.036507 0.074680 0.028285
-0.074537 0.170766 0.016432
0.012546 0.137808 -0.001457
-0.044450 0.095668 0.004304
0.004399 0.146000 -0.006402
0.072552 0.103193 0.011373
-0.058013 0.151899 0.008548
0.078000 0.083104 0.021657
-0.090960 0.145788 0.023263
0.045199 0.106776 0.017693
-0.081923 0.087804 0.010553
-0.067501 0.107451 0.010856
-0.061247 0.087273 0.018733
0.008860 0.065832 0.016672
0.000961 0.093041 -0.000797
0.042560 0.087876 0.031366
0.009105 0.117124 -0.003118
-0.042719 0.062420 0.034351
0.075866 0.121193 -0.006240
-0.072261 0.087631 0.015642
-0.020939 0.122732 -0.013933
0.068613 0.060965 0.022510
-0.002778 0.082728 0.000482
-0.042246 0.157305 0.003797
0.067330 0.063024 0.024565
-0.048702 0.180565 -0.006553
-0.022763 0.082792 0.010381
-0.005272 0.080753 0.002979
-0.047881 0.058083 0.034349
-0.027477 0.082818 0.011458
-0.030225 0.094565 0.002744
0.057181 0.078632 0.022479
-0.022097 0.152570 -0.003433
-0.079487 0.083326 0.012769
-0.044118 0.122863 0.003391
-0.026160 0.171816 -0.002645
-0.081881 0.083037 0.011092
-0.018661 0.183736 -0.021152
0.082960 0.082763 0.015619
0.080954 0.082556 0.019116
0.049035 0.099004 -0.005584
-0.042564 0.094944 0.001464
0.046884 0.053184 0.017746
0.076835 0.091868 0.018822
0.062582 0.083307 0.022083
0.059389 0.081046 0.021875
0.024287 0.082289 0.015469
0.052547 0.067609 0.024930
0.034024 0.087177 0.027700
-0.032499 0.082667 0.015788
0.049869 0.134755 -0.002089
0.048814 0.092890 0.026450
0.084257 0.084005 0.012348
-0.042472 0.082997 0.021964
0.042430 0.107423 0.019836
0.027418 0.152212 -0.005475
-0.061316 0.082898 0.018720
-0.024510 0.109897 -0.012198
-0.067511 0.082542 0.016873
0.077806 0.103171 0.011150
0.037930 0.132789 -0.001389
0.022112 0.082023 0.012536
-0.072372 0.102491 0.011866
-0.075371 0.095984 0.013173
-0.026019 0.112000 -0.012761
0.046023 0.082684 0.026846
0.068373 0.118205 -0.003348
0.044583 0.081021 0.027475
-0.072422 0.143366 0.015505
0.042527 0.082938 0.030002
-0.068037 0.170623 0.010386
0.008229 0.112541 -0.004140
0.037793 0.082931 0.031094
-0.037400 0.096854 -0.008422
0.047103 0.107877 -0.001414
-0.074631 0.149732 0.006865
0.047576 0.142851 -0.003783
-0.078497 0.093138 0.012077
-0.058031 0.072455 0.039812
-0.093958 0.166564 -0.001579
0.007158 0.153220 -0.016723
-0.000250 0.078799 -0.008137
0.041641 0.112517 0.015235
-0.030311 0.079782 0.017886
0.022561 0.158627 -0.017916
-0.063912 0.079765 0.017671
-0.096716 0.153801 0.014324
0.072128 0.054457 -0.002949
-0.008633 0.133107 -0.007041
0.046274 0.077923 0.005773
-0.062295 0.054460 0.032239
-0.043447 0.091212 0.016249
0.013539 0.117455 -0.008986
-0.010196 0.078491 0.007327
-0.057834 0.176666 0.004812
0.015740 0.124280 -0.006404
-0.067918 0.079039 0.017038
0.049719 0.096349 -0.007491
-0.062385 0.167438 0.011285
-0.062882 0.139800 -0.020172
-0.028704 0.183018 -0.003916
0.044638 0.076414 0.011399
0.005444 0.108882 -0.001612
0.043856 0.075877 0.013537
-0.050612 0.077400 0.032173
0.023056 0.062585 0.022297
0.091947 0.132230 -0.008182
0.082163 0.077719 0.016115
0.038023 0.092624 0.030482
0.066366 0.084770 0.022681
-0.011713 0.175738 -0.007498
-0.026151 0.096632 0.002624
0.025898 0.077882 0.017362
-0.012753 0.077636 0.014927
-0.017442 0.097550 0.004738
-0.065669 0.176325 0.003900
-0.017684 0.075246 0.014520
-0.032287 0.092176 0.005941
-0.043963 0.067301 0.033488
-0.025408 0.075080 0.012493
-0.037401 0.082895 0.020845
-0.020960 0.146162 -0.019740
-0.052350 0.082904 0.021472
-0.028479 0.076751 0.019379
0.010299 0.113749 -0.006518
0.053095 0.148632 -0.014027
-0.044173 0.090713 0.018523
-0.009356 0.059262 0.021477
-0.062835 0.062239 0.037194
-0.016497 0.111910 -0.000893
0.034849 0.088434 0.028527
0.037280 0.054773 0.027696
-0.036537 0.142895 0.000660
-0.019945 0.141268 -0.021469
0.033678 0.080545 0.027417
-0.044521 0.054194 0.032876
-0.008790 0.062926 0.020647
-0.033086 0.071484 0.025659
-0.028163 0.173079 -0.001460
0.072631 0.077455 0.024854
0.021758 0.129560 -0.006151
0.067603 0.077548 0.025468
-0.047488 0.082940 0.021926
-0.037286 0.077954 0.022284
0.042472 0.054004 0.015992
0.072333 0.094763 0.017663
-0.046779 0.097900 0.005804
0.047823 0.083271 -0.005556
-0.059691 0.060643 0.037960
0.043593 0.071498 0.018739
-0.025111 0.074769 0.017364
0.004628 0.091446 -0.007889
-0.061955 0.064462 0.038209
-0.017201 0.113967 -0.002447
-0.027218 0.092486 0.006173
0.025261 0.074302 0.016013
-0.031164 0.145843 -0.002505
0.042810 0.127783 -0.000623
-0.036899 0.063790 0.024810
0.039701 0.123561 -0.001441
-0.057213 0.125945 0.003677
0.063430 0.081291 0.023736
-0.013120 0.087612 0.009871
0.080280 0.074436 0.018490
0.045422 0.105962 0.019187
-0.016793 0.082531 0.013951
0.092431 0.139578 -0.007515
0.072588 0.114192 0.001658
0.052774 0.076483 0.020951
0.027395 0.136574 -0.002274
-0.039592 0.157596 0.003137
0.074141 0.084733 0.022704
-0.081220 0.077717 0.011657
-0.053020 0.166167 0.008707
-0.063777 0.075030 0.022249
-0.040300 0.053610 0.008652
0.012327 0.143147 -0.002804
0.034147 0.077171 0.028655
0.003783 0.087815 -0.008872
-0.021720 0.102115 0.000379
0.075676 0.064288 0.016999
0.037863 0.072364 0.026466
-0.012371 0.097646 0.005279
-0.024791 0.134857 -0.016187
-0.080684 0.073715 0.011482
-0.064257 0.056018 0.032785
-0.032904 0.147725 0.000128
0.057561 0.062675 0.025432
0.046098 0.062663 0.022486
0.019571 0.076295 0.012119
0.032540 0.142808 -0.001692
-0.003333 0.073352 -0.003807
0.041385 0.055986 0.017209
0.058178 0.137793 -0.009139
-0.081715 0.163604 0.014161
-0.010094 0.074726 0.012521
0.040862 0.073818 0.025384
-0.042741 0.087594 0.020331
-0.052462 0.087917 0.021177
0.017680 0.058370 0.024650
-0.011194 0.063722 0.022213
-0.019170 0.074751 0.012824
0.018049 0.155340 -0.010829
0.062535 0.062621 0.025293
0.069162 0.054183 -0.001034
0.038700 0.112903 0.015774
0.032412 0.077500 0.027114
0.044845 0.054955 0.018125
0.058315 0.143024 -0.013817
0.008989 0.064788 0.016914
0.037600 0.063344 0.019887
-0.046021 0.073557 0.032605
-0.023594 0.065914 0.024112
-0.013688 0.119498 -0.002631
0.012591 0.062719 0.026195
0.039896 0.059964 0.018575
-0.004847 0.070165 -0.003581
0.022426 0.132838 -0.003658
0.075397 0.059153 -0.003224
-0.028866 0.137852 -0.005736
-0.065384 0.056279 0.032551
0.044049 0.150190 -0.007350
-0.042090 0.068121 0.031044
-0.032125 0.137649 -0.003173
0.001509 0.082737 -0.009123
0.027948 0.082610 0.018644
-0.077435 0.098214 0.011219
-0.057322 0.082809 0.020272
0.041297 0.079015 0.028889
0.042387 0.062918 0.020436
-0.057182 0.054672 0.033759
0.047803 0.072325 0.021064
-0.013634 0.138172 -0.017347
0.040104 0.069486 0.017868
0.039658 0.075630 0.027808
0.014588 0.116015 -0.013080
-0.039304 0.095699 -0.006652
-0.027327 0.062908 0.026630
0.047793 0.153125 -0.015313
0.060259 0.136184 -0.011635
0.028880 0.062289 0.023352
-0.086302 0.181580 0.005262
0.001610 0.098017 -0.000241
0.031253 0.126729 -0.008083
-0.032362 0.062900 0.025942
-0.016398 0.084961 0.012734
0.021424 0.061342 0.023423
-0.069107 0.114567 0.007598
-0.039878 0.075651 0.028064
-0.041249 0.063544 0.032036
-0.083479 0.146884 0.018836
0.070722 0.059813 0.019153
0.068095 0.123950 -0.007493
-0.022473 0.062831 0.025620
-0.072748 0.113375 0.006557
-0.039761 0.060866 0.032600
0.037440 0.124415 -0.003034
0.051597 0.127569 -0.001500
-0.007360 0.092523 0.005142
-0.047786 0.062906 0.035080
-0.027464 0.072937 0.020819
-0.037519 0.092546 0.006087
0.071104 0.059099 0.016841
0.048107 0.087938 0.027092
0.080566 0.087006 0.018623
0.048455 0.102876 -0.003441
0.000747 0.083479 -0.005463
-0.022141 0.096795 0.004033
0.042632 0.077496 0.026647
0.019675 0.064596 0.022849
0.032491 0.123810 -0.008568
-0.042811 0.097738 -0.004873
-0.037453 0.137757 -0.000658
0.073676 0.061870 0.017196
-0.018101 0.064887 0.021308
-0.042245 0.172999 0.002342
0.052297 0.154252 -0.017592
-0.019800 0.139020 -0.021179
0.057591 0.058983 0.023746
0.036257 0.054845 0.028479
0.047470 0.057676 0.021130
0.018823 0.072827 0.011079
0.052874 0.059094 0.023551
0.028593 0.085759 0.018621
0.072705 0.072536 0.025208
-0.016791 0.087511 0.010952
-0.035723 0.084719 0.017472
-0.022280 0.068010 0.020774
0.017699 0.064532 0.011419
0.046976 0.146928 -0.005921
-0.017361 0.054240 0.025753
-0.041041 0.089205 0.016576
-0.090450 0.177925 0.015545
-0.011754 0.172807 -0.007673
0.061466 0.059436 0.023466
0.059734 0.116166 -0.007325
0.049633 0.059676 0.023274
0.069416 0.055812 -0.000343
-0.081799 0.148408 0.016796
-0.010949 0.087624 0.007061
0.027488 0.066271 0.022558
-0.051569 0.138165 -0.002785
-0.013082 0.062209 0.024034
-0.027783 0.178557 -0.018712
0.008495 0.102736 -0.009360
-0.062302 0.103102 0.012531
0.084525 0.098427 0.006586
-0.032267 0.078036 0.021038
-0.013927 0.152065 -0.006373
0.009251 0.065534 0.025481
0.077071 0.123076 -0.009395
-0.039610 0.059129 0.032882
0.067298 0.058605 0.020204
-0.039004 0.056605 0.011274
-0.017385 0.152885 -0.005259
0.052659 0.062565 0.024820
0.023330 0.077257 0.015307
-0.063825 0.087917 0.017288
0.087729 0.142663 -0.004453
-0.042545 0.072855 0.030536
0.004688 0.060544 0.025052
0.036139 0.058027 0.027046
0.062423 0.077636 0.025033
-0.012214 0.082917 0.010798
0.052177 0.117862 -0.001362
0.062669 0.072604 0.026284
-0.082456 0.142847 0.020416
0.045609 0.084169 0.028564
-0.017263 0.107494 0.000678
0.069087 0.108337 0.004799
0.071000 0.054726 -0.001589
-0.006700 0.132258 -0.003877
0.023022 0.136621 -0.002360
0.034562 0.063145 0.022455
0.005218 0.054875 0.024972
-0.070332 0.176295 -0.000944
0.032876 0.128981 -0.005388
-0.038783 0.072560 0.028443
-0.003605 0.092829 0.003693
0.077448 0.127785 -0.009305
-0.093506 0.144072 0.022464
0.067733 0.082345 0.024141
0.092589 0.137110 -0.006381
-0.038921 0.075917 0.026616
0.067421 0.056592 0.016619
0.061406 0.113247 -0.009491
-0.055851 0.073444 0.037677
0.052610 0.137666 -0.004019
0.077771 0.138087 -0.006351
0.068263 0.093982 0.017276
-0.005628 0.077341 0.002095
-0.027961 0.147808 -0.000994
0.075788 0.061442 -0.002684
0.005260 0.094730 -0.006441
-0.057101 0.092134 0.019119
-0.016611 0.183265 -0.022643
0.034691 0.055177 0.028250
0.077552 0.087814 0.020310
-0.029909 0.080294 0.015398
0.057409 0.127881 -0.004781
0.025988 0.085522 0.015547
-0.049344 0.075554 0.033300
0.077858 0.142616 -0.005803
-0.006616 0.072508 0.000971
0.037257 0.118333 0.011095
0.000336 0.079613 -0.009754
0.038207 0.087867 0.031742
-0.039863 0.058831 0.033487
0.017139 0.161215 -0.019357
0.038855 0.054024 0.014018
0.064854 0.055630 0.017754
-0.080012 0.160160 0.013508
0.046295 0.087996 0.029249
-0.022496 0.072780 0.016789
-0.037444 0.067934 0.026981
0.017489 0.062503 0.024514
0.051413 0.074051 0.022026
-0.079479 0.077529 0.012859
-0.041029 0.094784 -0.004069
0.037641 0.077834 0.029413
0.075649 0.144389 -0.007536
0.061573 0.117901 -0.009444
0.074565 0.060743 -0.000723
0.049857 0.070288 0.023139
0.023573 0.056847 0.022558
-0.077965 0.173047 0.009297
0.069543 0.133981 -0.010586
-0.001143 0.092877 0.001622
0.072563 0.092381 0.019293
-0.062157 0.058040 0.035336
-0.034671 0.090537 0.008114
-0.026336 0.054689 0.024484
0.059733 0.128497 -0.007500
-0.013016 0.054620 0.022195
-0.033499 0.081576 0.019515
0.085084 0.088504 0.010182
-0.047493 0.087968 0.021272
0.063673 0.054285 0.016633
0.078200 0.072807 0.020888
0.035247 0.060392 0.023363
-0.057375 0.057681 0.036746
0.042650 0.067842 0.020025
0.047849 0.097689 0.025937
-0.057958 0.079391 0.020500
-0.050116 0.108020 0.007895
-0.062516 0.157918 -0.017537
-0.010519 0.142883 -0.017089
0.018027 0.067067 0.009828
0.073679 0.124465 -0.007351
-0.048653 0.097412 0.009442
-0.051987 0.053918 0.032278
-0.040225 0.064714 0.024195
0.018930 0.121626 -0.013977
0.082523 0.087823 0.015703
-0.052888 0.129235 0.002376
0.042352 0.073016 0.016705
0.052598 0.054032 0.019665
-0.063860 0.165941 0.013471
-0.076935 0.157675 -0.012777
-0.014338 0.054523 0.024034
-0.044418 0.070424 0.033067
0.032712 0.138215 -0.001639
0.042949 0.058260 0.019473
0.037835 0.057723 0.016215
0.028509 0.057996 0.023417
-0.042198 0.093896 0.006277
-0.019344 0.122951 -0.014010
-0.076769 0.082878 0.014248
0.047714 0.127783 -0.000631
0.085124 0.091870 0.008919
0.044137 0.104970 0.022178
0.036126 0.056538 0.028380
-0.038759 0.054157 0.008884
0.026272 0.057107 0.022574
0.020594 0.064527 0.012285
0.009398 0.102206 -0.012728
0.061796 0.122449 -0.009851
0.021687 0.058397 0.023411
-0.051942 0.079865 0.021880
0.039166 0.128258 -0.001482
0.048047 0.054344 0.018774
-0.041171 0.187514 -0.014830
0.040755 0.116051 0.013462
-0.072464 0.082570 0.015815
-0.032373 0.067854 0.026911
-0.029272 0.129027 -0.010183
-0.007372 0.082798 0.005361
-0.048615 0.055595 0.032778
0.074233 0.138978 -0.006699
-0.055902 0.059594 0.038027
-0.057308 0.169217 0.007075
-0.077621 0.147732 0.015226
-0.010779 0.057165 0.022363
-0.009673 0.073990 0.012232
-0.052833 0.096214 0.014826
0.032648 0.058242 0.026114
-0.067480 0.097456 0.014033
-0.045537 0.054923 0.033134
-0.017151 0.156583 -0.007245
0.034647 0.056230 0.028167
0.066160 0.132686 -0.014355
-0.032051 0.142479 -0.003300
-0.047966 0.054273 0.032307
-0.029892 0.070367 0.024078
0.085027 0.094169 0.007934
0.058087 0.149623 -0.017294
-0.037934 0.094375 -0.006228
-0.027210 0.057968 0.025753
0.065608 0.054655 0.014858
-0.035333 0.126461 -0.002279
0.075890 0.073073 0.023637
0.005878 0.093143 -0.009837
0.041209 0.105584 0.023899
-0.026463 0.137582 -0.009142
0.033819 0.055127 0.027702
0.007336 0.057811 0.025956
0.052429 0.097536 -0.008385
0.072548 0.063008 0.020648
0.072603 0.087956 0.021727
0.042558 0.097805 0.030001
0.011057 0.065499 0.025081
0.070814 0.064268 0.023589
0.057901 0.076746 0.023885
-0.031722 0.083811 0.012161
-0.042236 0.058006 0.034878
-0.008464 0.143710 -0.017568
-0.008004 0.077977 0.004965
-0.025554 0.147583 -0.002563
0.075325 0.061550 -0.001541
-0.097868 0.156928 0.013562
-0.026693 0.078350 0.012088
0.013437 0.113010 -0.014151
-0.057691 0.067666 0.038919
0.053668 0.143562 -0.008273
-0.040493 0.111276 -0.007910
-0.029423 0.133322 -0.006195
0.072608 0.097612 0.015794
0.017091 0.158262 -0.018324
-0.043679 0.054944 0.033369
0.002564 0.127755 0.000107
0.046683 0.078603 0.002973
-0.006406 0.127139 -0.001348
0.070886 0.085860 0.023034
-0.004145 0.088288 0.003582
0.042430 0.147858 -0.004911
-0.040880 0.067609 0.026393
-0.038754 0.086204 0.019133
-0.020379 0.065222 0.021904
0.032631 0.072294 0.026679
-0.005261 0.070650 -0.002114
0.032656 0.067469 0.024845
-0.052258 0.057890 0.036242
-0.054405 0.134732 -0.002784
-0.044160 0.096744 0.000257
0.046390 0.068332 0.022013
-0.076742 0.073768 0.013850
-0.032964 0.097775 -0.009837
-0.076988 0.078088 0.014022
-0.052433 0.092473 0.019601
-0.007475 0.109697 0.002868
0.046515 0.074591 0.017661
-0.007733 0.142101 -0.016469
-0.047193 0.077282 0.031470
-0.013002 0.122630 -0.004157
0.037774 0.066504 0.020813
0.002587 0.117900 0.000902
-0.083160 0.181331 0.005100
-0.022415 0.162874 -0.003500
0.079672 0.071218 0.017361
-0.026793 0.069409 0.021760
0.009736 0.120936 -0.002279
-0.037252 0.157812 0.001350
0.072320 0.082468 0.023736
0.036575 0.062467 0.016981
-0.056591 0.053609 0.032655
0.064029 0.123686 -0.012306
-0.036383 0.181522 0.002277
-0.053873 0.062928 0.038236
0.029264 0.067372 0.024081
-0.051169 0.136425 -0.001477
0.072148 0.067858 0.024431
-0.051553 0.062874 0.037388
0.072864 0.111732 0.004163
-0.010771 0.141113 -0.016728
0.074160 0.066524 0.022101
0.050923 0.131773 -0.001740
-0.093655 0.156293 0.012374
-0.003616 0.107285 0.003189
-0.031310 0.059159 0.024677
-0.076701 0.173694 0.006535
0.022866 0.073153 0.014378
0.080941 0.096574 0.013958
0.011973 0.065645 0.016557
0.056117 0.136850 -0.006139
-0.036155 0.117265 -0.009146
0.076557 0.068265 0.020347
-0.063160 0.159198 -0.016327
-0.043996 0.102977 -0.005330
-0.025749 0.124611 -0.017583
-0.072843 0.073910 0.015560
-0.047503 0.127229 0.003743
0.013061 0.066274 0.009426
-0.025127 0.136466 -0.012562
0.013319 0.064802 0.010066
-0.060472 0.091265 0.018168
0.044388 0.108622 -0.000692
0.077461 0.117581 -0.004361
0.003793 0.054554 0.024776
-0.006389 0.068119 -0.003135
-0.046749 0.174570 0.002660
-0.007298 0.123009 -0.000299
-0.067558 0.087478 0.016407
-0.041605 0.122603 0.001804
-0.070973 0.111532 0.008516
0.072643 0.127734 -0.008649
0.053190 0.072014 0.024097
-0.062520 0.077708 0.020378
-0.027568 0.087590 0.009273
-0.025787 0.095712 0.003533
0.027537 0.079215 0.018406
-0.053415 0.112391 0.008478
-0.007492 0.068784 -0.000281
0.063807 0.127903 -0.012616
-0.057947 0.094329 0.017457
-0.050664 0.141212 -0.004076
-0.036575 0.072971 0.027064
0.080096 0.115357 -0.006258
-0.090915 0.143520 0.023657
0.049297 0.084731 -0.007291
-0.009368 0.071696 0.015265
-0.072755 0.147146 0.014096
-0.017303 0.062377 0.025426
0.037751 0.122523 0.009328
-0.065478 0.058783 0.033738
-0.072552 0.167578 0.016051
0.013830 0.140957 -0.001862
-0.042335 0.137713 0.000309
-0.039082 0.164497 0.003291
0.057643 0.072644 0.025422
0.034357 0.116890 -0.004982
-0.016890 0.078003 0.014943
-0.084372 0.159476 -0.005486
0.090805 0.140730 -0.007768
0.038382 0.067593 0.017602
-0.073528 0.098801 0.012596
-0.022866 0.077734 0.011448
-0.079136 0.073571 0.012325
-0.042680 0.092111 0.009509
-0.013662 0.133675 -0.015401
-0.052879 0.078806 0.025233
-0.023397 0.071660 0.019191
-0.068874 0.177915 -0.001452
-0.016286 0.072368 0.020796
0.035839 0.131255 -0.002429
0.022963 0.070169 0.013349
-0.057431 0.087795 0.020066
0.002715 0.112706 0.000800
0.076141 0.116050 -0.001244
0.039695 0.070887 0.017640
-0.022422 0.057901 0.026565
-0.052035 0.180763 -0.005797
-0.074308 0.109951 0.007647
0.020734 0.071648 0.012597
0.080785 0.073319 0.016577
0.076639 0.100641 0.013524
-0.022750 0.074187 0.011528
-0.004439 0.073722 -0.001256
-0.012588 0.152253 -0.007402
0.060770 0.108246 -0.009159
-0.054505 0.066166 0.038123
-0.069242 0.139374 -0.016640
-0.009975 0.070574 0.018146
0.034442 0.074611 0.028310
-0.025824 0.089794 0.007921
0.014717 0.120953 -0.007476
-0.055867 0.075685 0.037022
-0.045863 0.107385 0.001004
0.007793 0.062304 0.025597
0.075406 0.064932 0.018571
0.056140 0.098079 -0.008706
-0.065838 0.100825 0.013198
0.010547 0.124085 -0.001692
-0.023491 0.098844 0.001565
0.088128 0.134597 -0.006935
0.008315 0.098319 -0.012671
0.034202 0.099498 0.022481
0.044662 0.099609 0.027822
-0.056992 0.077716 0.023919
-0.052536 0.107929 0.009031
0.048845 0.099686 0.022602
-0.049496 0.139673 -0.002598
0.068572 0.099045 0.012803
-0.055273 0.099589 0.012798
-0.059890 0.159016 -0.017127
0.057820 0.107641 -0.008360
0.035274 0.100243 0.022868
0.038238 0.103369 0.024528
-0.040906 0.099013 -0.007959
0.041565 0.101233 0.028834
-0.076019 0.106610 0.008709
0.042909 0.103010 0.026114
-0.063046 0.100833 0.013320
-0.041262 0.077426 0.027312
-0.039344 0.119331 -0.001322
-0.058564 0.100336 0.013123
0.056838 0.112938 -0.005022
-0.057354 0.102705 0.012003
-0.023849 0.113295 -0.012374
-0.043710 0.159154 0.002510
0.036020 0.103159 0.022171
-0.047522 0.122509 0.004804
0.050491 0.099690 -0.006609
0.069414 0.102474 0.010519
-0.016560 0.101701 0.003429
-0.024218 0.128412 -0.018097
0.003326 0.146990 -0.009247
0.073275 0.100724 0.013504
-0.066653 0.074686 0.021513
0.081219 0.102343 0.009500
0.039303 0.116527 0.013896
-0.080452 0.100759 0.008366
0.076240 0.077680 0.023692
0.082660 0.142790 -0.005105
-0.076973 0.102734 0.009796
-0.026904 0.107308 -0.011655
-0.005454 0.130323 -0.001880
-0.049659 0.101501 0.008575
-0.021005 0.109519 -0.005255
-0.002396 0.123019 0.000596
-0.019748 0.147657 -0.021659
0.052422 0.056867 0.021801
-0.020790 0.106259 -0.001406
-0.044995 0.100116 -0.002477
0.069178 0.116317 -0.001576
-0.090465 0.180208 0.012821
0.062838 0.057379 0.021233
-0.012465 0.102711 0.003958
-0.007396 0.102701 0.004036
-0.003845 0.102403 0.003290
-0.001368 0.102570 0.002599
-0.017982 0.157826 -0.004666
0.077884 0.108515 0.005990
0.002058 0.102768 0.000270
-0.082405 0.167440 0.015558
0.083123 0.102899 0.005822
-0.024903 0.108808 -0.011835
-0.041291 0.102720 -0.008118
-0.031468 0.101171 -0.011197
-0.014011 0.081752 0.013750
0.034312 0.102044 0.021479
-0.028453 0.103184 -0.010642
0.073525 0.142899 -0.006437
-0.018267 0.103137 0.002119
-0.059809 0.159779 -0.016969
0.004467 0.102160 -0.002696
0.006305 0.103076 -0.004924
0.082551 0.127816 -0.009401
0.051751 0.103306 -0.005482
-0.051940 0.098419 0.011561
0.007749 0.137391 -0.001511
0.057211 0.102876 -0.008769
-0.080089 0.102192 0.007969
0.057589 0.056724 0.021966
0.042766 0.122954 -0.000616
-0.013460 0.184483 -0.024209
-0.052075 0.168405 0.007065
-0.078968 0.103994 0.007642
-0.031372 0.102512 -0.012080
0.037442 0.142428 -0.001598
0.038500 0.107102 0.019800
0.039204 0.105780 0.023966
0.083453 0.104440 0.002654
0.042599 0.132656 -0.000786
-0.072340 0.107534 0.009798
-0.057450 0.107417 0.010608
0.040612 0.150945 -0.006725
-0.039534 0.104579 -0.010327
-0.067244 0.112245 0.009234
-0.008925 0.067217 0.018999
-0.079529 0.143098 0.018202
-0.026759 0.108671 -0.012081
-0.077719 0.108142 0.006086
-0.048202 0.107948 0.005621
0.060171 0.104521 -0.009153
-0.011260 0.106198 0.003394
-0.007324 0.107225 0.003447
-0.001538 0.108152 0.002596
-0.047273 0.079514 0.022187
-0.038160 0.143184 0.003658
0.078444 0.093546 0.017270
0.059194 0.112499 -0.008052
0.002590 0.107538 0.000473
-0.085129 0.174996 0.010400
0.004836 0.105277 -0.002111
-0.081812 0.092584 0.009872
0.032541 0.062462 0.023903
0.037858 0.108605 0.016819
0.049039 0.106681 -0.002257
0.069610 0.105856 0.008288
0.046725 0.103285 0.021346
-0.082136 0.139909 0.020883
-0.062328 0.122313 0.004890
-0.007405 0.117910 0.001122
0.044695 0.139935 -0.002052
-0.046869 0.144131 0.006932
0.047116 0.075726 0.016033
0.068945 0.122022 -0.005677
-0.049493 0.143700 0.008609
-0.043452 0.107726 -0.004785
-0.041173 0.107800 -0.008182
-0.048292 0.102804 0.005606
-0.019663 0.120216 -0.012871
-0.038609 0.108341 -0.010255
0.007226 0.107847 -0.004631
0.022916 0.161525 -0.019074
0.009399 0.107352 -0.008487
-0.014515 0.124926 -0.007247
0.036599 0.068479 0.024376
0.011316 0.107783 -0.013513
0.043405 0.109100 0.016948
0.052619 0.107677 -0.004020
-0.027727 0.067403 0.025320
0.007597 0.123016 -0.000532
-0.078914 0.178348 0.002933
0.020902 0.078489 0.012846
0.072607 0.108801 0.006420
-0.011865 0.190696 -0.024705
0.010578 0.108573 -0.010470
0.026392 0.062594 0.022458
0.076828 0.106364 0.008652
0.055910 0.108917 -0.006204
-0.072427 0.077532 0.015857
-0.044541 0.108885 -0.000985
-0.045055 0.103047 -0.002589
-0.016789 0.117337 -0.004604
0.047765 0.122984 -0.000523
-0.010889 0.073804 0.015944
0.081964 0.108171 0.001302
-0.062392 0.112514 0.009854
-0.057452 0.112447 0.009464
-0.072043 0.096892 0.013668
-0.052450 0.102940 0.010074
-0.042057 0.127654 0.002132
-0.075527 0.112817 0.005059
0.046438 0.101610 0.024622
-0.051019 0.113080 0.007713
-0.047703 0.113041 0.005399
-0.045412 0.111716 0.002444
-0.026056 0.132491 -0.014618
0.012550 0.058636 0.026838
-0.043531 0.113029 0.000277
0.020395 0.063830 0.016115
0.007597 0.127735 -0.000341
-0.041465 0.112437 -0.004192
-0.035991 0.109904 -0.012067
-0.048151 0.072269 0.033581
-0.067521 0.117713 0.006197
0.035550 0.098837 0.023380
-0.002364 0.112790 0.002365
-0.065283 0.172237 0.005360
0.005918 0.113057 -0.001215
0.034879 0.111491 0.011371
-0.044083 0.171068 0.003132
0.043804 0.112877 -0.000416
-0.039347 0.114218 -0.006125
-0.066165 0.121320 0.004204
0.047638 0.112685 -0.000794
-0.072537 0.151760 0.005431
0.048400 0.138465 -0.002454
0.022560 0.148057 -0.003432
-0.008739 0.073812 0.004180
0.051231 0.113113 -0.001529
0.053486 0.112127 -0.002809
0.048687 0.067044 0.023633
-0.061523 0.072402 0.041719
0.068592 0.112913 0.000605
-0.009973 0.075635 0.010587
0.069744 0.111073 0.003535
0.076583 0.111302 0.003872
-0.082422 0.174661 0.009527
0.077769 0.113140 0.000961
-0.002495 0.117870 0.001549
-0.057591 0.143449 0.011170
0.060619 0.146614 -0.016542
0.080807 0.111459 -0.000397
-0.055717 0.177226 0.002566
-0.052201 0.152893 0.006818
0.080962 0.112736 -0.003474
0.043053 0.143549 -0.002787
-0.037445 0.112876 -0.010116
-0.052898 0.175957 0.003491
-0.063948 0.082329 0.017451
0.025921 0.124624 -0.014646
-0.000631 0.082036 -0.003397
0.027948 0.142318 -0.001843
-0.035303 0.112104 -0.012416
-0.052031 0.177648 0.002253
0.029843 0.124428 -0.010303
0.011677 0.112979 -0.009399
0.042420 0.114387 0.012524
-0.028152 0.142796 -0.005341
-0.034309 0.114654 -0.013188
-0.089256 0.145786 0.023209
0.079438 0.114504 -0.002987
-0.057705 0.116558 0.008375
-0.066827 0.153571 0.002328
0.021217 0.068467 0.011645
0.087603 0.137685 -0.006155
0.055041 0.094569 -0.009041
0.041238 0.117967 0.011649
0.053763 0.102148 -0.007980
-0.071496 0.117078 0.004474
-0.004342 0.139033 -0.007699
-0.044487 0.118275 0.003420
0.047519 0.132592 -0.001112
0.034378 0.134514 -0.001897
-0.012416 0.137185 -0.016245
-0.040405 0.115721 -0.002497
-0.072066 0.170635 0.010313
0.032251 0.132777 -0.003430
-0.042969 0.076982 0.029818
-0.038060 0.117786 -0.004477
0.043162 0.118032 -0.000388
-0.046116 0.102660 0.000541
-0.015112 0.115949 -0.001571
-0.067757 0.166726 0.014793
0.006861 0.118009 -0.000842
0.011265 0.118022 -0.005357
0.041566 0.141714 -0.001687
-0.012889 0.108195 0.002255
0.015154 0.114836 -0.017109
-0.032003 0.132652 -0.003644
0.047609 0.117813 -0.000496
0.054562 0.117522 -0.002292
0.072719 0.116731 -0.000582
0.027440 0.132853 -0.004005
-0.010731 0.078175 0.010922
-0.062725 0.118487 0.007198
-0.056909 0.118862 0.007639
-0.032286 0.117955 -0.013252
0.017081 0.064375 0.016933
-0.022740 0.118143 -0.013252
0.016676 0.118269 -0.014500
0.062606 0.067741 0.026463
0.077979 0.067762 0.017158
0.015745 0.115579 -0.017081
-0.034670 0.137587 -0.001852
-0.034277 0.118923 -0.011105
-0.061977 0.127046 0.000834
-0.047391 0.117813 0.005251
0.072813 0.119141 -0.002865
0.078131 0.118966 -0.007855
-0.060624 0.125353 0.003211
-0.042148 0.078726 0.022399
0.015506 0.119165 -0.010682
-0.057397 0.122463 0.005963
-0.042048 0.117831 0.000946
-0.029267 0.119909 -0.015601
-0.070057 0.120866 0.001684
-0.038268 0.123225 -0.000539
-0.036008 0.122295 -0.003539
-0.032868 0.122517 -0.009543
-0.062818 0.092794 0.016171
0.012492 0.064705 0.016773
0.061433 0.127683 -0.009905
-0.091711 0.140619 -0.004070
0.002645 0.122977 0.000626
-0.060002 0.154890 0.007762
0.012652 0.122734 -0.004305
0.017362 0.122720 -0.009254
0.084475 0.088147 0.011665
-0.052279 0.126790 0.004091
-0.033455 0.144102 -0.000178
0.054445 0.123023 -0.002218
0.057605 0.122815 -0.004480
-0.090817 0.163218 -0.003005
-0.004528 0.084292 0.003425
0.072456 0.122332 -0.005518
-0.030915 0.122437 -0.013314
-0.028327 0.123040 -0.015035
0.059945 0.123067 -0.007283
-0.012871 0.072484 0.019480
0.081198 0.106859 0.004912
0.021731 0.123482 -0.014801
-0.017318 0.067837 0.020801
-0.021298 0.142744 -0.019375
-0.064330 0.124569 0.002046
0.042437 0.137743 -0.001136
0.083143 0.124457 -0.009613
-0.012472 0.149596 -0.007348
-0.037649 0.127768 -0.000133
0.017390 0.127969 -0.004803
-0.066284 0.076993 0.020797
0.020883 0.124590 -0.010898
0.085509 0.124509 -0.010171
0.082504 0.132667 -0.008172
-0.050088 0.104742 0.007938
-0.044431 0.126602 0.003263
-0.037772 0.187993 -0.015592
-0.065182 0.125957 -0.000103
-0.057724 0.128308 0.001719
-0.032809 0.127971 -0.004538
-0.030667 0.127142 -0.008812
-0.030229 0.125452 -0.012649
0.014439 0.160903 -0.018573
0.080716 0.078112 0.019189
-0.025678 0.126015 -0.017282
-0.024743 0.125222 -0.018370
0.049544 0.087378 -0.007368
-0.017615 0.128028 -0.015132
-0.008453 0.128270 -0.003082
-0.039896 0.060588 0.033425
-0.002513 0.127779 -0.000529
0.067691 0.067654 0.026089
0.011651 0.128204 -0.001415
-0.047741 0.067677 0.034024
0.013755 0.127069 -0.002909
0.027292 0.127590 -0.008510
-0.013810 0.149587 -0.006546
0.019111 0.126073 -0.007482
-0.080774 0.097785 0.009166
0.009827 0.110898 -0.007079
-0.087293 0.140576 -0.005612
0.026279 0.125447 -0.012793
0.053959 0.127968 -0.002352
-0.086110 0.159216 -0.004761
0.065789 0.128156 -0.013216
-0.008445 0.068892 0.017143
0.082207 0.109684 -0.002088
0.092271 0.129102 -0.007981
-0.047242 0.129679 0.002902
-0.034858 0.129217 -0.001798
-0.062421 0.097595 0.014439
-0.025833 0.142451 -0.008229
-0.092074 0.139306 -0.004645
0.027785 0.130023 -0.006430
0.065598 0.137450 -0.015551
-0.056457 0.131226 -0.000509
-0.052352 0.132483 0.000358
-0.047365 0.132587 0.001727
-0.042401 0.132670 0.001474
0.002539 0.132592 -0.000837
-0.037390 0.132541 -0.000187
0.086943 0.128282 -0.009174
-0.052496 0.072786 0.036012
-0.066379 0.140867 -0.017758
-0.034455 0.132549 -0.001690
-0.062187 0.143401 0.012400
0.069204 0.127526 -0.008996
-0.001915 0.131795 -0.001438
0.007414 0.132508 -0.000718
0.012463 0.132514 -0.001122
0.018092 0.132019 -0.002731
0.053207 0.132824 -0.002800
0.056804 0.132642 -0.005140
-0.057600 0.132202 -0.002576
-0.044951 0.115088 0.003367
-0.027817 0.132884 -0.009485
-0.023100 0.132892 -0.018575
-0.045636 0.099010 0.000823
-0.016659 0.131712 -0.016086
0.036804 0.127457 -0.002957
-0.042905 0.141380 -0.000597
-0.012281 0.112784 0.001171
0.016378 0.133557 -0.001638
0.059306 0.132963 -0.008193
0.060807 0.132605 -0.010545
-0.075313 0.140395 -0.012195
0.084962 0.094890 0.007814
0.063023 0.133101 -0.013422
0.072510 0.132618 -0.008927
-0.003514 0.133520 -0.002917
-0.052674 0.054780 0.033675
-0.017167 0.132767 -0.017095
0.092963 0.134598 -0.006916
0.095580 0.134593 -0.007041
-0.047210 0.137590 -0.000506
0.067603 0.072659 0.026086
-0.001999 0.137344 -0.003869
-0.012091 0.117480 -0.000465
0.017459 0.137596 -0.001591
0.031504 0.135963 -0.002185
-0.052694 0.179795 -0.004748
0.046661 0.136902 -0.001549
0.072676 0.136994 -0.008385
0.077041 0.135903 -0.007214
-0.004140 0.144282 -0.016082
-0.025139 0.145722 -0.007731
-0.011369 0.126920 -0.004828
0.081910 0.135330 -0.007246
-0.013993 0.125665 -0.007359
0.082561 0.137863 -0.006156
0.095763 0.136645 -0.006777
0.096552 0.137289 -0.007406
-0.024221 0.137935 -0.014636
-0.021882 0.137799 -0.019111
0.062426 0.137736 -0.014203
0.069571 0.137531 -0.010651
-0.027841 0.077965 0.015830
0.027731 0.138929 -0.001877
-0.062074 0.116098 0.008445
-0.097196 0.138433 -0.004013
-0.009229 0.138718 -0.015386
-0.024871 0.138915 -0.011771
0.059610 0.139136 -0.012736
-0.087965 0.139491 -0.005532
-0.036687 0.074669 0.022450
-0.072163 0.139481 -0.014369
-0.052294 0.067981 0.036538
0.087521 0.132584 -0.007713
-0.066711 0.139753 -0.018034
-0.075993 0.092504 0.013560
0.006090 0.139613 -0.002224
-0.029277 0.168262 -0.001427
-0.047841 0.091652 0.019356
-0.088228 0.142882 0.023639
-0.026922 0.167747 -0.002778
0.042556 0.092956 0.031373
-0.086032 0.143107 0.022246
-0.075753 0.139657 -0.011921
-0.075306 0.139650 -0.012181
-0.046120 0.141495 -0.001560
-0.077217 0.143199 0.017089
-0.032569 0.172727 -0.000757
-0.075780 0.140401 -0.011975
-0.072315 0.140647 -0.013920
-0.068722 0.140729 -0.016412
0.046159 0.076813 0.010464
-0.048156 0.142339 -0.002869
-0.024333 0.142977 -0.010602
-0.023034 0.142591 -0.014515
-0.001090 0.141488 -0.006215
0.003029 0.142609 -0.004536
0.007584 0.142861 -0.003367
0.009505 0.140676 -0.001995
-0.010520 0.122075 -0.001613
0.018079 0.141504 -0.001787
0.022926 0.141562 -0.001825
-0.080332 0.180220 0.002980
0.026707 0.144066 -0.002167
-0.062272 0.172556 0.005861
0.010321 0.104402 -0.013546
0.022436 0.143723 -0.002278
-0.022251 0.054072 0.025771
0.062110 0.142302 -0.015605
-0.067480 0.143350 0.013980
-0.062366 0.141420 -0.020010
0.091481 0.143682 -0.004582
0.037582 0.148096 -0.003606
-0.064392 0.143519 0.013127
-0.052378 0.143615 0.009893
0.017267 0.143894 -0.002428
-0.095569 0.144445 0.021990
0.022636 0.127042 -0.008616
-0.042338 0.144169 0.004647
0.037884 0.144925 -0.002207
0.009376 0.151148 -0.009134
-0.001499 0.077822 -0.004358
-0.096081 0.148184 0.020824
0.075714 0.081695 0.023284
-0.092588 0.148047 0.021091
-0.087441 0.147821 0.020239
-0.092445 0.153315 0.016065
-0.067852 0.145939 0.013592
-0.062122 0.176900 0.005281
-0.062508 0.147622 0.011568
-0.023842 0.158380 -0.001636
-0.057447 0.147605 0.010476
