0.035600 0.196401 -0.018281
0.027870 0.195064 0.013096
0.030713 0.191269 0.009005
0.037794 0.192106 -0.021638
0.035534 0.191317 -0.020712
0.027952 0.189883 0.010567
0.032074 0.189179 0.005267
0.030057 0.188503 0.007588
0.051489 0.185634 -0.016942
0.038304 0.187433 -0.022706
0.035434 0.187805 -0.021451
0.035143 0.185690 -0.006062
0.034029 0.186177 -0.002010
0.032701 0.186995 0.002528
0.030787 0.186198 0.004208
0.032454 0.184729 0.000870
0.030681 0.184377 0.001716
0.053046 0.183563 -0.018681
0.037104 0.182577 -0.014543
0.031842 0.181012 -0.005498
0.021522 0.180605 -0.025226
0.019669 0.181241 -0.022949
0.032770 0.179520 -0.009383
0.040961 0.178882 -0.026451
0.053763 0.178501 -0.023368
0.042858 0.177290 -0.025743
0.037804 0.178326 -0.018212
0.019384 0.178596 -0.024005
0.054334 0.176403 -0.025744
0.051991 0.175757 -0.025086
0.051658 0.177637 -0.022161
0.050228 0.177748 -0.018277
0.042976 0.176011 -0.023881
0.039850 0.177572 -0.022305
0.035407 0.176933 -0.016783
0.028407 0.176083 -0.022948
0.026852 0.175756 -0.023415
0.018056 0.175749 -0.017380
0.051081 0.174990 -0.020014
0.043192 0.174991 -0.023066
0.041217 0.174991 -0.021829
0.020797 0.174993 -0.025690
0.051792 0.174737 -0.025476
0.047047 0.174229 0.001780
0.021425 0.174608 -0.020432
-0.010288 0.107595 0.061702
-0.012231 0.105286 0.059969
0.010998 0.161309 0.024868
-0.032511 0.150344 0.075566
0.036321 0.097458 0.002733
0.036054 0.101993 0.003318
0.056872 0.072996 -0.025180
0.034540 0.102507 0.007828
0.045893 0.077758 -0.021533
0.052767 0.071102 -0.019282
0.044725 0.076435 -0.019206
0.053391 0.067058 -0.017732
0.041790 0.096347 -0.034909
0.013509 0.101375 0.044190
0.012603 0.102108 0.046875
0.036419 0.102982 -0.031108
0.009159 0.102569 0.052882
0.006746 0.100671 0.055009
-0.034759 0.067071 0.065711
-0.000300 0.102361 0.059039
-0.010533 0.102263 0.058689
-0.015566 0.102399 0.058024
-0.046360 0.102253 0.069674
-0.019691 0.102364 0.058346
0.030503 0.127088 0.012806
-0.043390 0.105802 0.070498
0.037207 0.096264 0.000592
0.026149 0.095831 0.014911
0.024391 0.097864 0.016264
0.058826 0.091583 -0.038193
-0.018347 0.121652 0.068631
0.045206 0.093059 -0.035751
-0.035454 0.107281 0.073392
0.045516 0.158858 -0.003138
0.014664 0.102551 0.018551
-0.010138 0.098573 0.056274
-0.015535 0.108105 0.061054
-0.015508 0.105626 0.059790
-0.032915 0.089784 0.057094
0.040179 0.092628 -0.033438
-0.010648 0.087642 0.048885
0.036894 0.099159 -0.000021
0.019675 0.093978 0.015620
0.048732 0.089833 -0.035375
0.046505 0.165618 0.003010
0.035550 0.193828 -0.018860
0.017325 0.143047 0.040365
-0.007043 0.095241 0.054871
0.021201 0.148204 0.029335
0.043544 0.091258 -0.033916
0.045505 0.156335 -0.005781
-0.010921 0.096176 0.054103
-0.018773 0.096044 0.054245
0.009820 0.073800 0.052830
0.009624 0.071675 0.057253
0.048824 0.143162 -0.020940
0.037216 0.092233 0.000599
0.043414 0.077532 -0.001668
0.031821 0.091243 0.009826
0.053125 0.057415 -0.008095
0.002597 0.132090 0.060718
0.058861 0.086841 -0.033437
0.031896 0.169437 -0.010329
-0.032466 0.093899 0.067492
0.028912 0.065784 0.044456
0.049248 0.085539 -0.029117
0.056605 0.084662 -0.030163
-0.034979 0.082501 0.056257
-0.029191 0.077928 0.049289
0.039525 0.097598 -0.033937
-0.011295 0.090619 0.049926
0.015020 0.108254 0.020981
0.001211 0.149062 0.054886
0.004722 0.107359 0.057980
-0.015294 0.092394 0.051593
-0.017968 0.090029 0.049867
-0.035168 0.086146 0.063999
-0.045166 0.097467 0.071339
-0.006870 0.086224 0.049749
0.011452 0.154595 0.039260
0.039579 0.087811 -0.000624
-0.024709 0.107527 0.068881
0.004204 0.142125 0.056983
0.048969 0.147517 -0.012730
0.022145 0.180352 -0.025897
0.003744 0.098176 0.055979
-0.047450 0.090954 0.070128
0.036343 0.182183 -0.012126
-0.013313 0.053793 0.065149
0.010378 0.118959 0.026350
-0.049789 0.092463 0.068796
-0.000391 0.112345 0.062228
0.046333 0.084161 -0.025927
0.036821 0.098963 -0.032934
0.028553 0.088101 0.010885
0.027204 0.084870 0.010243
0.016611 0.136791 0.039546
0.037973 0.161993 -0.011436
0.010410 0.129598 0.041132
0.002300 0.160614 0.040306
0.060047 0.082796 -0.032096
0.016661 0.174608 -0.015561
0.017477 0.087427 0.038654
0.053675 0.107167 -0.050456
0.045545 0.082280 -0.022968
-0.035361 0.097597 0.072236
0.009674 0.063954 0.057393
0.038061 0.094774 -0.005721
0.015714 0.087364 0.042834
-0.000719 0.053902 0.041989
0.011238 0.142379 0.049162
-0.015256 0.087583 0.048666
0.016350 0.159293 -0.007301
0.023968 0.083870 0.010863
-0.005673 0.058051 0.062847
0.036150 0.092244 0.003105
0.033681 0.092815 0.007546
0.009310 0.087031 0.052409
0.038881 0.092154 -0.000927
0.024120 0.132404 0.027824
-0.000276 0.087649 0.053039
0.011763 0.104337 0.019202
-0.004905 0.087707 0.051116
0.011003 0.088497 0.049064
-0.033334 0.086891 0.054575
0.043516 0.082460 -0.002148
-0.044244 0.102017 0.071298
0.000239 0.056505 0.044000
0.040354 0.083095 -0.000251
0.052731 0.061649 -0.008660
0.038271 0.082067 0.000556
0.032614 0.083243 0.005895
-0.026464 0.108242 0.071260
0.006369 0.143041 0.054575
-0.040598 0.088510 0.070863
-0.044604 0.088047 0.070715
-0.000390 0.161261 0.043510
0.034939 0.082383 0.003010
-0.039952 0.085879 0.069786
0.017723 0.082612 0.037752
-0.051627 0.076727 0.064582
-0.040341 0.102390 0.072711
0.049760 0.067742 -0.007696
-0.033070 0.083785 0.028176
0.060578 0.077648 -0.032154
0.049627 0.077377 -0.023001
0.020023 0.150153 0.023842
0.041589 0.079016 -0.000021
0.017010 0.082236 0.039771
0.009038 0.157713 0.032556
0.009196 0.156277 0.038101
0.052185 0.101443 -0.044384
-0.030314 0.079601 0.027394
0.035737 0.087319 0.003228
-0.054921 0.085394 0.064087
0.036662 0.142540 -0.010065
-0.021352 0.117877 0.071816
0.022846 0.094502 0.015344
-0.025292 0.067493 0.063948
-0.003528 0.080636 0.055454
-0.010581 0.082612 0.047696
0.016690 0.091165 0.014783
0.062450 0.086201 -0.037445
0.057928 0.081808 -0.029081
0.017033 0.090304 0.034421
0.046144 0.074323 -0.020259
0.023309 0.177466 -0.027201
0.004182 0.082317 0.055809
0.000180 0.081763 0.056140
-0.040066 0.147715 0.084621
0.055110 0.098626 -0.050662
-0.046515 0.086626 0.069832
0.056620 0.063964 -0.020724
0.050530 0.070334 -0.010180
0.030582 0.076504 0.004417
0.024671 0.077520 0.007456
-0.038618 0.131216 0.086447
-0.053123 0.080652 0.065216
0.017029 0.087521 0.039810
0.001573 0.053713 0.039814
-0.040402 0.082290 0.068882
0.016215 0.093803 0.015717
0.045286 0.073468 -0.019047
0.000662 0.158795 0.043838
0.021929 0.074620 0.006892
-0.003549 0.094574 0.055432
0.053482 0.096667 -0.042768
0.060473 0.070480 -0.038889
0.046011 0.072904 -0.005411
0.053762 0.098700 -0.047275
0.024028 0.167548 -0.016971
-0.014138 0.138050 0.064796
0.037497 0.151945 -0.009680
0.011514 0.102985 0.049181
0.057937 0.073285 -0.027475
0.019579 0.072793 0.047908
0.024665 0.102565 0.017944
0.014938 0.078391 0.043015
-0.000696 0.062595 0.061471
-0.024444 0.064790 0.064870
-0.008125 0.077125 0.054980
0.054750 0.072505 -0.022358
0.036636 0.100996 0.000045
0.049816 0.071900 -0.018886
0.046579 0.106767 -0.035329
0.053809 0.062565 -0.012342
0.004181 0.157251 0.042266
0.024173 0.074024 0.005903
0.022835 0.076921 0.044894
-0.011640 0.078386 0.048098
0.027754 0.067174 0.047403
-0.031983 0.082013 0.051577
-0.030955 0.097490 0.068909
-0.000302 0.066129 0.060880
-0.015603 0.112331 0.062732
0.057796 0.059355 -0.021627
0.051055 0.062896 -0.006536
-0.000533 0.152023 0.052635
-0.036529 0.082426 0.067351
0.026480 0.066644 0.049295
-0.028100 0.100788 0.060490
0.030034 0.066668 -0.000893
0.011285 0.092256 0.049489
-0.030384 0.062612 0.067043
-0.040240 0.072500 0.066547
0.031083 0.061019 -0.005284
-0.028067 0.148533 0.069669
0.051762 0.064609 -0.011160
0.024373 0.067620 0.051516
-0.015659 0.127675 0.066388
-0.029708 0.097265 0.059261
-0.050939 0.066470 0.059475
0.060541 0.064523 -0.031277
0.012761 0.137856 0.046711
0.041355 0.089421 -0.031774
-0.010413 0.122615 0.065611
0.004249 0.077700 0.056147
-0.049075 0.096635 0.068960
-0.033351 0.125883 0.080029
0.047285 0.080470 -0.024427
0.049075 0.057882 -0.003521
0.030477 0.054102 -0.011244
0.040113 0.066141 -0.000144
-0.015313 0.057411 0.066189
0.044447 0.067611 -0.000890
-0.006968 0.118572 0.065269
-0.020353 0.054368 0.067256
0.041910 0.056314 -0.004918
-0.018073 0.126822 0.068684
-0.015885 0.122991 0.065916
-0.015769 0.090038 0.050012
-0.027422 0.101823 0.060329
0.017795 0.166710 -0.008764
-0.015330 0.063109 0.064262
-0.031962 0.092735 0.057712
0.002969 0.117860 0.061038
-0.024765 0.074407 0.049602
0.022549 0.145816 0.027700
-0.030184 0.071631 0.063626
0.062490 0.083011 -0.036629
-0.000736 0.057850 0.045666
-0.005279 0.104052 0.060610
0.018624 0.151688 0.029309
-0.010623 0.067226 0.061018
0.054696 0.087722 -0.032225
-0.021303 0.069214 0.053676
0.022556 0.141722 0.030808
0.019288 0.070532 0.050879
-0.034071 0.087652 0.056453
0.052791 0.185641 -0.017796
0.029657 0.057605 -0.007562
0.049176 0.117529 -0.037369
-0.045747 0.062003 0.058757
-0.016382 0.060711 0.065429
0.016650 0.092110 0.039646
0.028363 0.063842 0.043639
0.044800 0.057676 -0.003093
0.026836 0.062995 0.044620
0.035799 0.111840 -0.025815
-0.047603 0.098526 0.069857
-0.010128 0.072325 0.058370
0.018450 0.137741 0.037250
0.025809 0.063998 0.047284
0.034963 0.113881 -0.023921
-0.003958 0.144335 0.059843
-0.015805 0.098826 0.055955
-0.036449 0.093196 0.071078
-0.045157 0.058907 0.056271
0.048492 0.175729 0.001206
-0.049917 0.068430 0.061281
-0.030364 0.112348 0.073462
0.031283 0.124629 -0.014527
0.048905 0.062379 -0.002419
0.046733 0.171221 -0.002277
-0.033723 0.078508 0.053745
0.004686 0.087531 0.053855
0.057122 0.060741 -0.019415
0.039733 0.142611 -0.012028
0.057892 0.062502 -0.022601
0.025183 0.081712 0.009429
0.032639 0.102398 0.011279
-0.015526 0.077600 0.047329
0.027624 0.122575 0.021304
0.029921 0.097238 0.013239
-0.005399 0.107461 0.062044
-0.027457 0.133494 0.080406
0.019651 0.067797 0.052367
0.030680 0.055367 -0.010016
0.047740 0.117678 -0.033092
0.024576 0.087574 0.012180
-0.018708 0.081763 0.045550
0.038515 0.133063 -0.014046
-0.029739 0.080691 0.048708
-0.017004 0.072762 0.050823
0.023739 0.072348 0.047466
0.046517 0.163537 0.003530
0.013953 0.124059 0.030793
0.022407 0.174993 -0.026506
-0.013296 0.133943 0.064992
0.002421 0.060610 0.045381
0.062377 0.067098 -0.039078
-0.025423 0.112754 0.072273
0.012591 0.070631 0.055867
-0.045304 0.082291 0.068892
0.034502 0.178653 -0.012747
0.058360 0.077694 -0.028071
-0.020074 0.105781 0.059647
0.015454 0.154388 0.018544
-0.005477 0.142211 0.061232
0.014687 0.063163 0.057226
-0.040349 0.092790 0.071956
0.051235 0.057451 -0.005688
-0.041155 0.055696 0.054477
0.050278 0.152347 -0.013332
-0.012458 0.120093 0.065158
-0.005407 0.062528 0.063029
0.027814 0.099209 0.015620
-0.006699 0.083383 0.049223
0.053923 0.181319 -0.021056
0.029975 0.063195 -0.003214
-0.045305 0.057176 0.054107
-0.030321 0.057635 0.067992
0.023676 0.157542 -0.014196
0.051185 0.067036 -0.011217
0.012248 0.085147 0.050201
-0.054558 0.082646 0.064216
-0.049634 0.077879 0.066001
-0.005370 0.092294 0.053463
-0.034307 0.077157 0.056846
0.000852 0.105763 0.059859
0.042613 0.055558 -0.005241
0.017723 0.078975 0.036955
0.035320 0.107854 0.004890
-0.025338 0.072434 0.052050
-0.000457 0.072477 0.057360
-0.017470 0.118409 0.065425
-0.019078 0.098423 0.055910
0.049690 0.053969 -0.006840
-0.040418 0.097620 0.072770
-0.008214 0.053284 0.045725
0.037150 0.087460 0.000456
-0.033074 0.095431 0.070026
0.025726 0.056689 0.054210
-0.044331 0.106438 0.069392
0.010707 0.158136 0.027830
0.053133 0.085423 -0.029353
-0.021851 0.067806 0.058685
-0.004623 0.053561 0.044187
0.048320 0.067214 -0.002564
0.018769 0.065837 0.056393
0.023983 0.070711 0.050506
-0.011726 0.057586 0.065484
-0.036596 0.077463 0.066606
-0.027713 0.065509 0.065215
-0.006364 0.054073 0.045510
0.004589 0.102502 0.056914
-0.030373 0.107210 0.072867
0.002345 0.109476 0.060220
-0.020388 0.057559 0.067407
0.029289 0.127473 0.017862
0.031768 0.123632 -0.015364
-0.018232 0.133159 0.067382
-0.032063 0.098602 0.070896
0.004645 0.092351 0.053378
-0.025406 0.057542 0.068260
0.043532 0.122738 -0.023144
-0.008732 0.104335 0.060437
0.019899 0.105659 0.019893
0.061182 0.068152 -0.036813
-0.025654 0.077505 0.047341
0.037388 0.097316 -0.000190
0.013269 0.092738 0.047143
0.023960 0.075420 0.039132
0.068065 0.063884 -0.044059
-0.000222 0.092171 0.054194
-0.004498 0.122603 0.064985
-0.000880 0.084006 0.054599
0.023194 0.146039 0.024486
-0.039070 0.111622 0.071157
0.005492 0.096659 0.054551
-0.025328 0.054362 0.067378
-0.045998 0.071307 0.064579
-0.037002 0.072809 0.065972
0.020045 0.077581 0.008216
0.061880 0.082952 -0.035147
-0.012705 0.054495 0.065201
-0.010412 0.127817 0.065549
0.009818 0.082552 0.053034
0.015678 0.142730 0.042762
0.028900 0.068935 0.000978
-0.000532 0.122613 0.063469
0.054850 0.057386 -0.011798
-0.053332 0.069570 0.060258
0.013105 0.087562 0.046899
0.027741 0.057413 0.053334
0.054209 0.172691 -0.029840
0.007070 0.102961 0.055325
0.039365 0.077531 0.000985
0.015448 0.082477 0.042785
-0.006416 0.160037 0.050330
-0.050390 0.082541 0.067157
0.019594 0.062887 0.057713
0.052189 0.065602 -0.014321
-0.044185 0.063828 0.060941
0.033259 0.171034 -0.013699
-0.003887 0.055789 0.045872
0.029437 0.092510 0.011999
0.073760 0.062738 -0.047985
0.016961 0.059877 0.056430
-0.015320 0.067035 0.061653
0.036892 0.169672 -0.014927
-0.010425 0.092625 0.051693
-0.016114 0.074229 0.049691
0.035486 0.162716 -0.010796
0.007151 0.057086 0.037516
0.022597 0.162236 -0.014402
-0.033280 0.091013 0.058145
0.024208 0.062313 0.057241
-0.045335 0.067392 0.062741
0.043913 0.085421 -0.024431
0.034666 0.182361 -0.007442
-0.015473 0.054260 0.066161
-0.045155 0.092728 0.071187
0.022594 0.119802 0.025446
0.010183 0.116469 0.024245
-0.026040 0.071356 0.062827
0.045051 0.054158 -0.005842
0.058316 0.066764 -0.027820
0.002455 0.064393 0.060381
0.024447 0.147590 -0.012245
0.039502 0.068546 0.000578
0.003578 0.054138 0.038514
0.020072 0.080922 0.009874
-0.039588 0.069099 0.065538
-0.000424 0.097457 0.056803
0.029687 0.072534 0.002783
-0.033551 0.137388 0.084841
0.028472 0.102974 0.016311
-0.030344 0.117472 0.072837
0.033499 0.054282 -0.013458
0.033841 0.070912 -0.000065
0.019491 0.087658 0.013101
-0.035163 0.072009 0.063768
0.034653 0.056738 -0.011681
-0.010441 0.062560 0.063857
0.036950 0.182598 -0.017142
0.026433 0.057095 -0.007063
0.034499 0.077772 0.002268
0.034482 0.053651 -0.015071
0.055408 0.067550 -0.022131
0.054522 0.102097 -0.050783
0.009738 0.128185 0.049863
-0.048484 0.074460 0.065246
-0.013239 0.151578 0.058971
0.019632 0.102522 0.018717
-0.015503 0.082736 0.046376
0.009335 0.077835 0.052704
0.011943 0.130508 0.040041
0.029696 0.082514 0.007800
-0.049809 0.063213 0.057614
0.011351 0.076518 0.049264
0.005718 0.074012 0.054290
-0.053893 0.073048 0.061745
0.039446 0.137539 -0.012817
0.023912 0.073153 0.038636
-0.031100 0.096252 0.060289
-0.031792 0.151073 0.074154
0.018811 0.142507 0.037591
-0.038624 0.129406 0.086154
-0.033686 0.058728 0.067331
-0.040489 0.111304 0.070183
-0.036709 0.132002 0.085757
0.002617 0.054888 0.040362
-0.019939 0.064375 0.064500
0.029879 0.130924 0.014070
0.034329 0.097539 0.007590
0.009645 0.067761 0.058580
0.010334 0.123988 0.031505
-0.017954 0.085592 0.046726
0.020388 0.058465 0.057204
-0.026654 0.102427 0.059649
-0.004999 0.077009 0.056709
0.004038 0.057939 0.042191
0.005892 0.056513 0.038796
0.059566 0.092674 -0.040798
-0.000353 0.132614 0.062648
-0.034329 0.062849 0.066901
-0.000431 0.077295 0.057218
-0.022978 0.068195 0.056262
-0.020424 0.074271 0.049582
0.004281 0.063387 0.058683
-0.020654 0.061837 0.065952
-0.040208 0.077393 0.067766
0.028711 0.132482 0.017814
-0.018863 0.137767 0.067671
-0.031323 0.087163 0.027408
-0.002085 0.059091 0.061140
0.006310 0.083477 0.054992
0.055731 0.078129 -0.025685
0.050540 0.116752 -0.042251
0.044511 0.062516 -0.001231
-0.015216 0.096434 0.054028
-0.039305 0.143569 0.083430
-0.034339 0.092173 0.068750
-0.021452 0.079853 0.045035
0.008297 0.122347 0.053723
0.059330 0.063354 -0.026997
0.038723 0.123728 -0.019073
0.054623 0.082169 -0.027363
-0.005436 0.147365 0.058084
-0.048454 0.059801 0.055613
0.015601 0.073290 0.049366
0.001098 0.060990 0.059366
0.024634 0.092282 0.013982
-0.005549 0.068752 0.059380
-0.004035 0.082154 0.053548
0.064687 0.067169 -0.041413
-0.054078 0.077914 0.063600
0.015557 0.092311 0.042712
0.027345 0.064481 0.045571
-0.002539 0.104381 0.060429
0.019630 0.097727 0.017025
0.056152 0.089960 -0.035054
0.033230 0.087735 0.006714
-0.053527 0.087212 0.065527
0.011483 0.137001 0.049115
-0.053444 0.067728 0.058940
0.012284 0.082706 0.050259
-0.019332 0.117278 0.067560
0.070635 0.059693 -0.046888
0.022407 0.133173 0.030590
-0.035141 0.142753 0.083587
0.044263 0.107616 -0.032517
0.055551 0.062496 -0.017369
-0.005411 0.101596 0.059326
0.025408 0.143734 -0.011630
0.018104 0.151103 0.033135
0.019501 0.091359 0.014611
-0.009305 0.069203 0.060011
0.027518 0.054410 -0.009414
0.037838 0.182206 -0.017474
0.033120 0.063964 -0.004279
0.003914 0.060462 0.044397
-0.035232 0.102502 0.073340
0.057140 0.058907 -0.019378
0.025825 0.072276 0.004150
-0.024276 0.143170 0.073362
-0.015300 0.069614 0.059748
0.009992 0.111113 0.049732
-0.000991 0.094421 0.055475
0.070135 0.062340 -0.045908
0.024324 0.137278 0.027775
-0.005364 0.072402 0.058737
-0.005281 0.097659 0.057099
0.064644 0.063338 -0.042576
-0.011434 0.146573 0.060787
0.053950 0.076701 -0.023645
-0.030549 0.082742 0.027589
-0.025484 0.062391 0.066643
-0.020595 0.071855 0.051725
0.004168 0.072208 0.056704
0.044895 0.142396 -0.017033
0.013967 0.071906 0.052188
0.027044 0.065429 -0.000073
-0.027704 0.104414 0.070330
0.039739 0.072711 0.001035
-0.045310 0.077388 0.067076
0.019812 0.083442 0.011171
0.038092 0.171411 -0.016528
-0.009524 0.057610 0.064639
-0.031168 0.066498 0.065623
0.016552 0.148645 0.039373
-0.035052 0.077265 0.064646
0.042910 0.087043 -0.001857
-0.031514 0.077153 0.051880
0.011701 0.158426 0.024864
0.025567 0.068443 0.002004
0.045021 0.086531 -0.027584
-0.000673 0.107821 0.061221
0.040134 0.181325 -0.025615
-0.029823 0.121568 0.072054
-0.000451 0.068798 0.059065
0.034487 0.073069 0.001104
0.051090 0.094574 -0.040285
0.010427 0.121770 0.028755
0.051585 0.068542 -0.016584
0.041780 0.125155 -0.020045
-0.026090 0.146288 0.072073
0.043966 0.072218 -0.001867
0.015498 0.097891 0.016995
0.004699 0.067669 0.059361
-0.029940 0.073923 0.053158
0.056542 0.068633 -0.026290
0.008679 0.127533 0.052677
0.045040 0.088752 -0.031943
-0.033866 0.082429 0.053644
0.000619 0.154417 0.049510
0.005086 0.158755 0.037788
0.070454 0.066096 -0.046166
-0.034526 0.132666 0.084532
-0.008848 0.075575 0.055907
-0.020487 0.077333 0.046721
0.054501 0.054752 -0.011781
0.044619 0.097365 -0.036241
0.002667 0.065635 0.060349
-0.032397 0.073898 0.056177
0.011199 0.074642 0.049859
0.066524 0.061355 -0.045217
0.018316 0.078681 0.034925
-0.028793 0.101143 0.068896
0.073417 0.065953 -0.048919
-0.023526 0.069245 0.054280
0.010543 0.112598 0.021849
0.019850 0.076481 0.046639
0.022516 0.075949 0.045855
0.033594 0.058767 -0.008548
-0.029711 0.127152 0.079296
0.009152 0.107591 0.052824
0.042487 0.099737 -0.034671
0.009211 0.097525 0.052156
0.009810 0.161115 0.026478
-0.023484 0.107164 0.061401
0.016729 0.078705 0.039551
0.011086 0.107130 0.048675
0.012243 0.105271 0.045989
0.015683 0.068716 0.053927
0.039563 0.102487 -0.032550
-0.035230 0.112317 0.072775
0.014717 0.112502 0.023051
-0.044958 0.073461 0.065667
0.043305 0.102948 -0.034040
0.045556 0.102289 -0.036128
0.014306 0.105817 0.019789
-0.005416 0.137554 0.063020
0.041243 0.115713 -0.025228
0.048125 0.102651 -0.038561
0.050588 0.102441 -0.041935
0.001525 0.139097 0.059774
-0.042625 0.107838 0.069811
0.050748 0.112539 -0.042637
-0.020475 0.108281 0.061441
0.036105 0.158663 -0.010070
0.053301 0.102399 -0.047129
0.016685 0.130301 0.034883
0.049563 0.088000 -0.032176
-0.015217 0.142429 0.063504
0.049106 0.071245 -0.006590
-0.014386 0.146967 0.061483
0.032362 0.117432 0.011430
0.024923 0.106943 0.019404
0.034494 0.132508 -0.012368
0.050824 0.139612 -0.040602
0.013984 0.175734 -0.003688
0.029014 0.107711 0.017095
0.031396 0.107535 0.014182
0.052693 0.162053 -0.026827
0.032741 0.107484 0.011555
-0.009902 0.131189 0.065280
-0.030024 0.068305 0.064652
0.013693 0.077215 0.047343
0.014893 0.147798 0.042916
0.034366 0.107428 0.007774
-0.010616 0.133146 0.064896
0.041275 0.058520 -0.003607
0.012736 0.146863 0.046316
0.059622 0.067672 -0.032352
0.019481 0.108220 0.020943
-0.022648 0.109806 0.067544
-0.018279 0.115463 0.064906
0.010539 0.147686 0.048583
0.015627 0.154002 0.028560
0.023233 0.108747 0.020532
0.052486 0.169004 -0.019171
0.051912 0.104055 -0.044955
0.007349 0.122878 0.055639
-0.021517 0.112887 0.068153
0.008946 0.132499 0.052656
0.013768 0.155586 0.028052
-0.019807 0.112058 0.063471
0.016480 0.156460 0.012915
0.020298 0.173369 -0.017084
-0.010418 0.112463 0.063541
0.005185 0.112525 0.058226
0.035881 0.108068 -0.028190
0.036575 0.105491 -0.029986
0.040114 0.106266 -0.030632
0.007294 0.113148 0.055499
0.008638 0.112537 0.053009
0.032464 0.166500 -0.009321
0.011076 0.109222 0.020446
0.033491 0.183595 -0.002646
0.019792 0.151515 0.008531
0.048332 0.107736 -0.037706
0.034017 0.142762 -0.008480
0.004829 0.153477 0.048087
0.052726 0.107398 -0.047470
-0.005395 0.112384 0.063650
0.039144 0.108701 -0.028961
0.059094 0.073222 -0.030591
0.019540 0.112487 0.022812
0.060373 0.088354 -0.036452
0.024467 0.112653 0.021647
0.061695 0.089593 -0.040792
0.026386 0.110601 0.019839
0.051665 0.165150 -0.010234
0.052397 0.160904 -0.023739
-0.022378 0.114245 0.070898
0.010948 0.132564 0.047971
-0.003884 0.158000 0.049524
0.012880 0.157369 0.023472
0.031612 0.112547 0.014239
0.032612 0.112665 0.011731
0.020715 0.126528 0.029479
0.015277 0.153529 0.033915
0.033827 0.111997 0.007980
0.040181 0.062830 -0.001435
0.014605 0.152421 0.037994
0.026249 0.054628 0.052437
0.034497 0.112244 0.004988
0.042136 0.109747 -0.029641
0.019963 0.167482 -0.012236
-0.008676 0.118867 0.065322
0.047098 0.109489 -0.034682
-0.041410 0.057913 0.057003
0.006398 0.154951 0.044730
-0.034098 0.116681 0.071633
-0.025280 0.117538 0.073407
-0.015435 0.117144 0.064298
-0.004983 0.117040 0.064615
0.046995 0.120575 -0.030303
-0.000253 0.117410 0.063046
0.005505 0.117655 0.058193
0.028663 0.192475 0.011839
0.039758 0.112433 -0.026749
0.043441 0.113058 -0.028648
0.045670 0.112275 -0.031430
0.047447 0.113072 -0.033860
-0.005307 0.066107 0.061287
0.027527 0.117906 0.020706
0.048845 0.112380 -0.037214
0.007402 0.117847 0.055546
0.008318 0.117522 0.053194
0.052466 0.158485 -0.019122
0.013987 0.067204 0.057072
0.051758 0.112785 -0.045813
0.020606 0.149522 0.008235
0.052443 0.111499 -0.048478
0.014306 0.115638 0.024785
0.024797 0.117486 0.023099
0.002642 0.112590 0.060687
0.031412 0.166806 -0.008542
0.006982 0.138097 0.055154
0.029479 0.117261 0.017926
0.017596 0.171961 -0.008904
0.014765 0.118238 0.026500
0.031533 0.117949 0.013957
0.014844 0.127007 0.033111
0.050663 0.097776 -0.041771
0.019088 0.118770 0.025963
0.050856 0.182197 -0.017451
0.037450 0.114475 -0.024621
0.034945 0.117414 -0.021680
-0.050106 0.087612 0.068336
0.039415 0.117821 -0.023047
0.026387 0.132963 0.023830
0.044357 0.117442 -0.027094
-0.017875 0.128995 0.071366
0.024060 0.152301 -0.013042
-0.025408 0.122171 0.074178
0.048071 0.144873 -0.012174
-0.020461 0.122555 0.072902
0.031118 0.182554 -0.001823
-0.015083 0.120566 0.064955
0.020872 0.177240 -0.025605
0.023487 0.145668 0.019001
0.046471 0.117100 -0.030620
0.020964 0.137354 0.033408
0.051135 0.117013 -0.045167
0.049485 0.082399 -0.026410
0.019741 0.122655 0.027855
0.023274 0.123129 0.026221
0.025631 0.122403 0.023776
-0.040483 0.066871 0.064388
0.002900 0.122739 0.061200
0.029428 0.122270 0.018019
0.015264 0.132185 0.038197
0.005526 0.122613 0.058269
0.031129 0.122553 0.013413
0.014769 0.096968 0.043093
0.048568 0.159396 -0.003664
0.033142 0.119503 -0.019340
0.042692 0.119243 -0.024240
0.032276 0.120796 0.010830
0.039093 0.182820 -0.022133
0.034066 0.061744 -0.006513
-0.030721 0.124576 0.078901
-0.025049 0.124578 0.075288
0.047555 0.142622 -0.019446
0.031831 0.122260 0.008204
0.013093 0.097517 0.047244
0.049702 0.157357 -0.007415
0.034248 0.122763 -0.017860
0.036076 0.120770 -0.020092
0.040119 0.121978 -0.020778
0.045825 0.122380 -0.027193
0.031058 0.151648 -0.005715
0.047927 0.122465 -0.032401
-0.025527 0.127380 0.077189
-0.021674 0.127810 0.076024
-0.019298 0.127096 0.073409
0.016563 0.175747 -0.015759
0.034403 0.147567 -0.008369
0.009128 0.124489 0.049812
0.049202 0.122160 -0.037067
-0.026951 0.103672 0.068656
0.050011 0.120513 -0.040465
-0.006480 0.126894 0.065421
0.049183 0.092651 -0.037661
-0.004716 0.128255 0.064935
0.007465 0.127356 0.055615
-0.034494 0.128725 0.083264
-0.031844 0.128593 0.080723
0.033943 0.067391 -0.001593
0.010792 0.125818 0.033906
0.023874 0.127845 0.027175
0.026236 0.127468 0.024006
0.027766 0.127635 0.021624
-0.006473 0.078835 0.054587
0.047251 0.124175 -0.029343
-0.037064 0.129304 0.085598
-0.030578 0.132486 0.082082
0.052694 0.054136 -0.009046
0.034831 0.126753 -0.015961
0.013274 0.129166 0.036420
0.022288 0.165373 -0.014489
-0.016058 0.137220 0.065814
0.057371 0.065705 -0.024265
0.039449 0.152489 -0.010182
0.046490 0.127371 -0.026458
0.049425 0.161667 -0.001702
0.047927 0.127159 -0.031687
0.048606 0.163314 0.002560
0.048696 0.125898 -0.035638
0.051239 0.162553 -0.012431
-0.025190 0.132220 0.079048
-0.021660 0.132245 0.076669
-0.019294 0.132683 0.073126
0.021435 0.148747 -0.014335
-0.017923 0.130041 0.071280
-0.008117 0.129876 0.065171
-0.029691 0.054319 0.066625
0.013219 0.142568 0.046774
0.033669 0.128905 -0.013479
-0.005450 0.132698 0.064411
0.007307 0.132231 0.055431
0.011466 0.131252 0.043541
0.013303 0.133367 0.042475
0.027596 0.132249 0.021508
-0.036046 0.068416 0.064703
0.026793 0.139510 0.019791
-0.036189 0.087745 0.067948
0.030492 0.132763 -0.008897
0.020166 0.147496 0.032808
-0.037537 0.089930 0.070300
-0.000490 0.147085 0.057001
0.031452 0.130876 -0.010575
-0.033251 0.086619 0.028195
0.040585 0.131923 -0.015825
0.043140 0.132889 -0.018230
-0.030719 0.102588 0.071689
0.074948 0.065487 -0.049945
0.028924 0.174138 -0.020780
0.045222 0.132596 -0.022142
0.046573 0.132084 -0.026099
0.030244 0.142721 -0.006786
0.003096 0.155924 0.045750
0.047339 0.131392 -0.028491
0.068142 0.066254 -0.043865
-0.023387 0.110770 0.069800
-0.028484 0.130445 0.079870
0.047655 0.130052 -0.030152
-0.039556 0.137402 0.088204
0.030892 0.102366 0.013783
-0.036059 0.137338 0.086385
-0.030326 0.137457 0.082807
-0.027210 0.136819 0.080746
0.062012 0.063259 -0.040752
0.014291 0.165193 -0.004200
-0.007032 0.122403 0.065498
-0.024911 0.137780 0.078257
-0.022141 0.136268 0.076093
0.012347 0.134653 0.045635
-0.020745 0.137701 0.072681
0.024223 0.058510 0.056507
0.020200 0.153011 -0.012730
-0.010514 0.137625 0.063835
-0.039986 0.107321 0.072035
-0.000484 0.137361 0.061510
0.002341 0.135733 0.060200
0.006524 0.076911 0.054778
-0.020478 0.066434 0.062233
0.031289 0.162322 -0.006652
0.004689 0.137405 0.057800
0.009056 0.137339 0.052709
0.014952 0.137815 0.042774
0.022653 0.137351 0.030923
0.056115 0.058462 -0.016963
0.032376 0.134140 -0.009511
-0.000373 0.127771 0.063333
0.026210 0.137876 0.022851
0.038866 0.169145 -0.015415
0.027321 0.136273 0.020782
0.037929 0.167274 -0.013945
-0.000691 0.059278 0.059917
0.027843 0.136546 0.018230
-0.018234 0.093697 0.052449
0.030240 0.137467 -0.007093
0.033022 0.138082 -0.008771
0.011377 0.107012 0.019654
0.035334 0.137095 -0.010780
0.041742 0.136294 -0.015124
0.031223 0.127796 -0.011865
0.000154 0.142863 0.059080
0.043645 0.137648 -0.017199
0.031673 0.125362 -0.014899
0.045631 0.137096 -0.021917
0.049130 0.166099 -0.002637
0.047913 0.071019 -0.003736
0.048144 0.165939 0.001895
0.024531 0.064137 0.051969
-0.038462 0.140110 0.086439
0.028865 0.078132 0.006177
-0.036755 0.140193 0.085596
-0.040186 0.062810 0.062213
0.002828 0.127361 0.061067
-0.031229 0.142187 0.081756
-0.041761 0.150443 0.084695
-0.023271 0.139893 0.075069
0.016796 0.167793 -0.011264
-0.026377 0.142302 0.077004
-0.022374 0.141628 0.072264
-0.021010 0.140494 0.069902
0.007390 0.107918 0.055501
-0.010509 0.142488 0.061947
0.008895 0.142174 0.052345
0.021200 0.142634 0.033208
0.042702 0.128697 -0.019059
0.023682 0.142271 0.027669
0.044297 0.127314 -0.022211
0.025104 0.142110 0.023067
-0.037656 0.064366 0.063970
0.025548 0.142571 0.019696
-0.001679 0.141237 0.060586
0.042187 0.139579 -0.014675
0.042525 0.143325 -0.014392
0.051274 0.141300 -0.041006
-0.029128 0.143480 0.078955
-0.042097 0.060699 0.059698
0.005398 0.127661 0.058267
0.050243 0.143452 -0.031007
0.050382 0.142019 -0.036208
0.014192 0.173633 -0.003843
0.029265 0.112508 0.017772
-0.035744 0.146934 0.082547
-0.032459 0.146139 0.080525
0.023889 0.171230 -0.018644
0.003290 0.145850 0.055937
0.037185 0.195571 -0.020156
0.016164 0.156926 -0.011672
-0.030598 0.147220 0.077023
0.072796 0.059609 -0.047805
-0.027557 0.145647 0.075650
-0.034013 0.073900 0.058596
-0.009803 0.147989 0.059040
0.005068 0.147624 0.053507
0.008127 0.146665 0.051272
0.039620 0.127539 -0.017371
-0.026299 0.148134 0.069224
0.018201 0.147236 0.037259
0.027330 0.114142 0.020262
-0.034162 0.148500 0.076489
-0.043078 0.148718 0.084918
-0.041071 0.148261 0.085231
0.030710 0.147619 -0.005960
0.020080 0.132144 0.032922
0.039739 0.147331 -0.011095
0.044348 0.147513 -0.012604
-0.035619 0.084044 0.063601
0.044571 0.145552 -0.015108
0.050292 0.148378 -0.016516
0.049083 0.145402 -0.021616
0.005076 0.132563 0.058133
0.050651 0.145156 -0.032245
0.017917 0.133571 0.036238
0.037303 0.148160 -0.009678
-0.034227 0.150693 0.075594
0.053641 0.174099 -0.027630
-0.010398 0.151891 0.057624
0.016550 0.154071 0.013511
-0.006243 0.150780 0.055980
0.003938 0.151038 0.051378
0.007125 0.150074 0.050302
0.008915 0.151611 0.047053
0.030681 0.087202 0.009146
-0.033750 0.151962 0.074796
-0.005258 0.152956 0.053576
0.009023 0.092583 0.051410
0.013030 0.151487 0.042155
0.017251 0.150466 0.036443
0.048336 0.149578 -0.000777
0.010102 0.153665 0.043027
0.046135 0.152828 -0.002569
0.011624 0.097660 0.049723
0.008062 0.161402 0.030907
0.051219 0.152863 -0.015959
0.018076 0.153323 0.012891
-0.008827 0.153927 0.054868
0.049141 0.153587 -0.007161
0.047308 0.127453 -0.028738
0.030767 0.154018 -0.004552
-0.010250 0.155787 0.055280
-0.008960 0.156295 0.054728
-0.001137 0.157098 0.047586
0.045753 0.154583 -0.005619
0.007983 0.155822 0.040864
-0.032784 0.075101 0.055780
0.012971 0.155634 0.033450
-0.006014 0.156672 0.052062
0.014424 0.157110 0.018880
0.046424 0.136935 -0.025505
0.017532 0.155908 0.012726
0.019822 0.157550 -0.012093
0.052395 0.164365 -0.013936
0.055098 0.094702 -0.040398
0.030453 0.155730 -0.004532
0.054673 0.092328 -0.037457
0.031269 0.158015 -0.005565
0.033902 0.157304 -0.008124
-0.010773 0.054373 0.063991
0.038833 0.157354 -0.010342
0.051566 0.157405 -0.011029
0.012106 0.160709 0.024136
0.051259 0.155253 -0.016740
0.023108 0.073296 0.044860
0.052143 0.157563 -0.012128
0.010804 0.128265 0.037798
0.036425 0.069252 0.000486
0.003873 0.161561 0.037207
0.006732 0.159408 0.033768
0.013140 0.082471 0.047711
-0.004009 0.160308 0.048214
0.017710 0.159617 -0.008858
0.052579 0.159470 -0.021765
0.006273 0.161595 0.032296
0.014723 0.159919 -0.004477
-0.029399 0.148615 0.074506
0.023936 0.159802 -0.014832
0.001745 0.162212 0.037920
0.014199 0.162564 -0.003407
0.016374 0.162542 -0.005789
0.018020 0.162520 -0.008250
0.020512 0.162487 -0.011897
0.052625 0.166005 -0.011684
-0.041214 0.054543 0.053353
0.024399 0.162882 -0.015425
-0.013842 0.071150 0.058427
0.032556 0.098105 0.010859
0.033223 0.162207 -0.008442
0.014898 0.122055 0.028914
0.045960 0.161034 -0.000680
0.011861 0.162571 -0.002717
0.048114 0.097396 -0.038705
0.032351 0.121296 0.008456
0.020012 0.116469 0.024537
0.051772 0.162580 -0.015549
0.053545 0.170415 -0.020265
0.026830 0.193204 0.013312
-0.050431 0.072365 0.063266
0.052058 0.161996 -0.023760
0.052737 0.172044 -0.017564
0.050483 0.164102 -0.008796
0.016289 0.166453 -0.006628
0.034643 0.167500 -0.012104
0.052559 0.163846 -0.015519
0.050111 0.167698 -0.006682
0.052255 0.167426 -0.009068
-0.010675 0.117020 0.064678
0.021736 0.168912 -0.015214
0.046282 0.167752 -0.004309
0.048538 0.151575 -0.002164
0.053340 0.168396 -0.021237
0.046373 0.169169 -0.005115
0.049952 0.074027 -0.020620
-0.013270 0.149475 0.060141
0.033009 0.117243 0.009256
0.051372 0.169335 -0.017945
0.034398 0.152462 -0.008126
0.016073 0.172665 -0.006367
0.019275 0.172070 -0.012236
0.028332 0.171666 -0.019005
0.034864 0.173001 -0.016780
0.046256 0.170461 -0.004940
0.050652 0.107468 -0.042107
0.049551 0.170933 -0.006392
0.051224 0.172259 -0.016387
0.051810 0.107443 -0.045169
0.018928 0.127949 0.031572
0.049208 0.172863 -0.002313
-0.015612 0.132591 0.066275
0.024715 0.173510 -0.021143
0.048204 0.174229 0.001068
0.050903 0.174000 -0.014403
