0.040863 0.196179 -0.002710
0.025977 0.191227 0.018398
0.024128 0.191795 0.020471
0.021481 0.192788 0.022273
0.043773 0.191893 -0.004995
0.041517 0.192610 -0.003587
0.022604 0.189400 0.020586
0.040308 0.188550 -0.005554
0.023261 0.188095 0.019422
0.033306 0.187407 0.009447
0.045585 0.187451 -0.006684
0.041791 0.186903 -0.004047
0.039216 0.185690 0.001293
0.037619 0.186001 0.003482
0.035087 0.186266 0.007408
0.031029 0.187143 0.012525
0.026530 0.187770 0.017199
0.027724 0.184003 0.013637
0.054816 0.183662 0.005252
0.059373 0.181080 0.002104
0.056369 0.181774 0.003660
0.052837 0.181938 0.005185
0.045839 0.182959 -0.005868
0.044445 0.182312 -0.003958
0.042266 0.182649 -0.001563
0.035507 0.182669 0.006916
0.033239 0.179459 0.005896
0.059786 0.178829 0.000794
0.045998 0.178902 -0.005567
0.066855 0.178497 -0.046101
0.036753 0.178448 0.002597
0.027964 0.177012 -0.015080
0.076158 0.177766 -0.053505
0.074373 0.176417 -0.047499
0.067924 0.176280 -0.044974
0.069119 0.175760 -0.027168
0.067675 0.176144 -0.027744
0.065962 0.176083 -0.023120
0.064076 0.176224 -0.017266
0.062278 0.176050 -0.014732
0.060561 0.176723 -0.001362
0.057230 0.176321 -0.001159
0.052599 0.177615 0.004128
0.045086 0.177463 -0.003951
0.041573 0.177327 -0.001754
0.029443 0.176127 -0.015387
0.024398 0.175741 -0.009356
0.022445 0.175739 -0.008075
0.015310 0.175728 0.001829
0.043009 0.175417 0.020923
0.077348 0.174682 -0.051029
0.052960 0.174728 0.003221
0.018035 0.174730 -0.000401
0.042986 0.174062 0.020703
0.073084 0.174208 -0.045619
0.048720 0.173535 0.014888
0.075547 0.173224 -0.047606
0.069263 0.172666 -0.023408
0.083897 0.172093 -0.051721
0.081542 0.173555 -0.051140
0.079564 0.170664 -0.044299
0.076481 0.170744 -0.043937
0.067092 0.173568 -0.021938
0.065434 0.172417 -0.017676
0.052019 0.172617 0.007869
0.046935 0.170656 0.014390
0.046510 0.172966 0.017245
0.035615 0.170731 0.001651
0.028968 0.171424 -0.007886
0.026129 0.172626 -0.007058
0.024310 0.171389 -0.004627
0.020907 0.172511 -0.002280
0.083489 0.169521 -0.050242
0.083869 0.169129 -0.050655
0.071058 0.169210 -0.040918
0.046488 0.169385 0.014343
0.033164 0.168744 0.004428
0.058667 0.168761 0.000152
0.035250 0.168552 0.003191
0.033556 0.166752 0.004827
0.080135 0.167676 -0.042103
0.071931 0.167651 -0.039122
0.071153 0.166388 -0.031962
0.069178 0.166163 -0.029880
0.053548 0.166802 0.009906
0.068252 0.165022 -0.028278
0.067822 0.165584 -0.020733
0.066076 0.167126 -0.017626
0.062820 0.167435 -0.011708
0.050843 0.167388 0.012619
0.046323 0.166732 0.016675
0.042454 0.165829 0.021519
0.044462 0.175783 0.020402
0.021418 0.167500 -0.001891
0.040820 0.174981 -0.002541
0.018943 0.165523 0.000122
0.016811 0.166028 0.001174
0.081378 0.164546 -0.046523
0.080528 0.164736 -0.040700
0.072672 0.164188 -0.031744
0.079236 0.163745 -0.038706
0.068099 0.163420 -0.021130
0.044585 0.163266 0.020860
0.073739 0.160785 -0.029976
0.070963 0.162640 -0.028088
0.069593 0.161138 -0.022636
0.062712 0.162352 -0.011289
0.061378 0.162671 -0.007756
0.079055 0.165971 -0.039556
0.057812 0.162697 -0.001494
0.047962 0.162484 0.013763
0.021633 0.162447 -0.001431
0.016013 0.162615 0.002103
0.073712 0.159632 -0.030025
0.082193 0.167579 -0.048012
0.054356 0.162753 0.006505
0.050139 0.162311 0.011658
0.048652 0.160441 0.015502
0.046466 0.162411 0.017408
0.042817 0.160604 0.017900
0.034132 0.160889 0.005980
0.018916 0.159967 -0.000150
0.000088 0.161216 0.026831
-0.008129 0.161478 0.032819
0.080701 0.171459 -0.049459
-0.013865 0.161458 0.036598
-0.017609 0.161627 0.039262
0.017086 0.159749 0.001066
0.080041 0.176780 -0.053092
-0.016549 0.159876 0.039628
0.074369 0.159220 -0.032499
0.048770 0.159073 0.015006
0.046164 0.159107 0.015814
0.003251 0.159120 0.024510
0.078870 0.157295 -0.066910
0.063192 0.156769 -0.015385
-0.007484 0.159002 0.033583
0.073970 0.155369 -0.059868
0.067281 0.157132 -0.022162
0.065263 0.158383 -0.017816
0.023790 0.158054 -0.003362
-0.026773 0.157801 0.044523
0.076205 0.154566 -0.061596
0.062282 0.158501 -0.012742
0.059854 0.157615 -0.008554
0.057742 0.157299 -0.006492
0.057001 0.156852 -0.002214
0.083628 0.168355 -0.049946
0.046066 0.156794 0.013436
0.042933 0.156837 0.013545
0.035510 0.157422 0.006044
-0.003765 0.158074 0.031728
0.010498 0.155735 0.018578
0.008622 0.155143 0.019817
0.005791 0.157025 0.022699
0.003920 0.155505 0.025585
0.001224 0.157786 0.027143
-0.001288 0.155466 0.035257
-0.004640 0.156023 0.036442
0.058241 0.165467 -0.000796
-0.019113 0.157812 0.041649
-0.025894 0.155956 0.045037
-0.028784 0.156556 0.046021
0.042944 0.154652 0.013838
0.057337 0.173247 -0.002192
-0.018851 0.154945 0.044422
-0.022945 0.154944 0.044400
0.075958 0.153356 -0.057599
-0.002870 0.154397 0.038547
0.079176 0.150535 -0.053937
0.016320 0.173057 0.001422
0.077654 0.150922 -0.051530
0.069971 0.151002 -0.047619
0.067699 0.150583 -0.046375
0.064244 0.151674 -0.017873
0.063143 0.151618 -0.015763
-0.004738 0.161364 0.030984
-0.008599 0.154003 0.043042
0.061575 0.152044 -0.012529
-0.013548 0.158708 0.038265
0.059490 0.152717 -0.008866
0.019189 0.162775 0.000206
0.052049 0.152589 0.007748
0.049623 0.152718 0.011630
0.046816 0.153774 0.013621
0.045838 0.151983 0.016817
0.035396 0.153113 0.006446
0.031641 0.152700 0.007682
0.016721 0.151738 0.000145
0.006306 0.153140 0.027707
0.068901 0.149095 -0.047847
0.048163 0.149906 0.013885
0.045996 0.149993 0.017384
0.043271 0.151832 0.018086
0.016516 0.149599 0.000256
0.004418 0.150979 0.035891
0.001077 0.152605 0.037364
-0.002330 0.160965 0.028546
-0.009356 0.151758 0.045842
0.078135 0.148831 -0.050718
0.044069 0.166022 0.020583
0.017723 0.149208 -0.000784
-0.022276 0.150070 0.049889
-0.024221 0.152546 0.047177
-0.059241 0.151401 0.054372
-0.060203 0.150583 0.055357
-0.072566 0.150183 0.060457
0.053714 0.148775 0.005042
0.020722 0.149124 -0.003267
0.021539 0.147622 -0.005809
0.012228 0.148909 0.023157
0.064294 0.167546 -0.014079
0.002720 0.149258 0.039094
0.083939 0.145317 -0.058317
0.079918 0.147253 -0.052929
0.078768 0.145514 -0.049790
0.076716 0.147478 -0.047643
0.072593 0.147927 -0.042969
0.007802 0.149111 0.033607
0.071800 0.146228 -0.037494
0.067837 0.147451 -0.026808
0.066018 0.147623 -0.022683
0.057859 0.147608 -0.006486
0.055843 0.147220 -0.002541
0.054427 0.148220 0.002354
0.051718 0.145721 0.001345
-0.003047 0.058072 0.061073
0.023675 0.116011 0.025049
0.031745 0.157453 0.007590
-0.002708 0.097647 0.042607
-0.063813 0.097734 0.051405
-0.019443 0.062276 0.053989
-0.034781 0.096685 0.043546
-0.038302 0.097381 0.043455
0.050707 0.096685 -0.015332
0.036409 0.118905 -0.004345
-0.052734 0.096813 0.043142
0.030780 0.112850 -0.001899
-0.054240 0.097594 0.047398
-0.068030 0.142874 0.061575
-0.056715 0.095618 0.049265
0.053960 0.143115 0.000162
-0.069425 0.097438 0.047981
-0.013870 0.092476 0.050640
0.073940 0.090704 -0.014686
0.066286 0.092794 -0.012792
0.067657 0.170393 -0.027759
0.053292 0.138025 -0.005482
0.064152 0.147577 -0.019113
0.060674 0.091673 -0.014000
0.040304 0.092290 -0.000812
0.023132 0.123536 0.024314
-0.014046 0.097688 0.051710
-0.050780 0.136085 0.060208
0.077625 0.142710 -0.046736
-0.018782 0.097492 0.052342
0.045643 0.091973 -0.014049
-0.058909 0.097856 0.051569
0.026054 0.102393 0.022724
0.062721 0.090079 -0.010039
0.024225 0.189519 0.019997
0.041547 0.092950 -0.012626
-0.019745 0.132291 0.055534
-0.037046 0.094145 0.041641
0.064256 0.171067 -0.013981
0.059270 0.089733 -0.013098
0.043232 0.089955 -0.000621
0.075662 0.166618 -0.038740
-0.025603 0.086385 0.043418
0.035125 0.091840 0.015317
-0.051467 0.092350 0.038064
0.059330 0.143555 -0.009090
0.066117 0.090273 -0.009889
-0.060016 0.094311 0.050327
0.015990 0.092309 0.022475
-0.055885 0.093746 0.046281
0.026020 0.071508 0.013910
0.026151 0.082680 0.018501
-0.035569 0.090698 0.039721
0.024003 0.084911 0.019934
0.031102 0.092673 0.017889
0.013014 0.149345 0.018146
0.072602 0.088772 -0.011377
-0.001824 0.159205 0.029223
-0.048903 0.077660 0.033500
-0.049992 0.141908 0.056419
0.075157 0.162105 -0.033029
-0.024317 0.092172 0.048390
-0.064952 0.072123 0.043699
0.062919 0.071863 -0.000997
-0.032802 0.090012 0.040036
0.085844 0.069057 -0.025410
-0.054677 0.092543 0.042057
-0.043842 0.054390 0.053810
0.011119 0.092716 0.021347
-0.049568 0.064617 0.049277
-0.051175 0.145170 0.054925
0.054758 0.172419 0.005984
-0.020508 0.150070 0.049952
-0.058453 0.092236 0.048236
-0.039822 0.122563 0.053834
0.055289 0.127499 -0.007834
-0.072624 0.091251 0.044461
0.076852 0.163649 -0.036533
0.049251 0.094626 -0.015322
0.046507 0.086902 -0.002394
-0.054685 0.082686 0.037015
0.012524 0.088951 0.020248
0.079842 0.068774 -0.019351
0.013052 0.162627 0.003484
0.035871 0.087515 0.015387
-0.013870 0.077549 0.052122
0.025242 0.087942 0.020429
-0.038507 0.066804 0.050547
-0.045933 0.118816 0.055379
0.021076 0.087514 0.021033
0.049611 0.085457 -0.004449
-0.010605 0.127637 0.047063
0.010619 0.087238 0.018307
0.048049 0.084285 -0.000815
0.059134 0.108097 -0.014611
-0.023306 0.088688 0.046936
0.062502 0.068571 -0.001331
-0.051547 0.084398 0.008750
0.076653 0.082838 -0.031499
-0.033506 0.087870 0.038537
0.055431 0.177788 0.002084
-0.051724 0.085678 0.034337
0.042891 0.074032 0.007635
-0.053836 0.087465 0.037363
-0.008971 0.107395 0.047528
-0.072398 0.137300 0.064362
0.000132 0.087362 0.042254
-0.034184 0.057950 0.055349
-0.061130 0.145478 0.059929
-0.020077 0.088907 0.049219
-0.001806 0.087530 0.044554
0.042358 0.082180 0.014358
0.042770 0.082705 0.006732
0.052465 0.122536 -0.005964
-0.051124 0.085442 0.033569
-0.019813 0.060411 0.043529
0.034563 0.179463 0.005086
-0.028741 0.087986 0.040745
0.062951 0.147835 -0.016702
-0.059590 0.087902 0.046721
-0.013907 0.082551 0.052725
0.074528 0.082624 -0.012886
-0.008683 0.087950 0.048761
0.054332 0.157689 0.006453
0.081553 0.142482 -0.052232
-0.027952 0.084356 0.039924
-0.046726 0.071150 0.043664
0.053020 0.157302 0.008936
0.071086 0.082591 -0.007553
-0.052876 0.061165 0.050378
0.000391 0.062072 0.061404
0.046334 0.082587 0.002326
0.061451 0.107337 -0.016669
0.044032 0.081954 0.005440
0.040297 0.082418 0.015792
0.052471 0.169138 0.007460
0.035836 0.082474 0.016002
0.044366 0.073804 0.005640
0.009540 0.081205 0.013950
0.030042 0.067444 0.011672
0.052162 0.057269 0.013894
0.056239 0.172682 0.002499
-0.018816 0.152313 0.047430
-0.056657 0.090703 0.044551
0.069759 0.174380 -0.025893
0.056646 0.054207 0.008258
0.075821 0.076976 -0.031633
0.068693 0.078370 -0.004888
0.067776 0.084303 -0.005476
-0.002841 0.101138 0.039393
0.003859 0.082396 0.035890
-0.035206 0.081211 0.034276
0.061100 0.082485 -0.003147
-0.059239 0.142078 0.060976
-0.045109 0.080351 0.031162
-0.062744 0.111494 0.052075
-0.010560 0.137539 0.050138
-0.049475 0.081935 0.033144
-0.004522 0.102400 0.042265
-0.018832 0.142315 0.053497
0.046572 0.088564 -0.006900
-0.013950 0.107791 0.052446
0.041312 0.091096 0.003631
0.073976 0.077349 -0.015533
-0.045293 0.122798 0.056293
0.062814 0.172509 -0.013226
0.013002 0.079020 0.015031
-0.001008 0.065086 0.060401
0.060391 0.067364 0.001809
0.002796 0.082657 0.038128
-0.018388 0.087055 0.051055
0.007623 0.082455 0.013306
-0.060132 0.082765 0.046222
0.024726 0.132151 0.007056
-0.007241 0.082729 0.048666
0.073808 0.105098 -0.032648
0.008199 0.078954 0.011988
-0.018925 0.082440 0.052560
-0.046411 0.064833 0.049568
0.060588 0.072738 0.001092
-0.022759 0.081820 0.051495
-0.066910 0.079833 0.044798
0.070624 0.077713 -0.007659
-0.056026 0.087823 0.040800
0.068298 0.075446 -0.005283
0.065994 0.077381 -0.002821
-0.063511 0.067959 0.042864
0.056559 0.076382 0.000528
-0.008894 0.147546 0.048068
-0.048852 0.061979 0.051177
0.059185 0.147432 -0.008903
-0.050828 0.146561 0.053112
0.046741 0.077595 0.002899
-0.004540 0.092583 0.046535
0.030859 0.077555 0.015820
0.071324 0.178015 -0.046704
0.021044 0.077545 0.016725
0.002117 0.154243 0.032909
0.014965 0.075715 0.014175
-0.027662 0.065652 0.054973
-0.023856 0.147265 0.051758
0.011010 0.077338 0.012878
-0.002524 0.078851 0.044206
0.006699 0.066761 0.053504
0.075047 0.073074 -0.031617
0.013980 0.085951 0.019545
-0.033800 0.127525 0.056574
0.003958 0.078236 0.035714
-0.037218 0.075717 0.035279
-0.013871 0.137283 0.052159
-0.039339 0.077603 0.032886
0.088182 0.058901 -0.015618
0.036078 0.122529 -0.002050
0.016209 0.087582 0.020723
0.050938 0.082528 -0.002615
-0.001940 0.082164 0.044363
0.056057 0.088965 -0.011805
0.077225 0.139452 -0.046358
0.020150 0.098756 0.025122
0.007078 0.075596 0.044416
-0.041264 0.074769 0.034463
0.074514 0.087313 -0.013296
0.075787 0.083618 -0.016068
-0.038954 0.142267 0.052131
-0.044118 0.057484 0.053545
-0.054255 0.077536 0.037394
0.068721 0.065707 -0.004994
-0.063808 0.102738 0.051965
-0.057443 0.077559 0.042547
-0.059933 0.077889 0.045828
0.020987 0.152426 -0.002173
0.050134 0.122715 -0.004058
-0.066031 0.076566 0.044279
0.071214 0.071967 -0.011887
0.069473 0.073232 -0.008505
0.031790 0.161258 0.007230
0.067551 0.071817 -0.006793
0.031463 0.097740 0.017718
0.046451 0.089673 -0.011318
0.004646 0.076001 0.047118
0.001105 0.076508 0.050699
0.018082 0.122698 0.029394
0.074055 0.073148 -0.028956
0.037703 0.112681 -0.008735
0.020212 0.195706 0.023050
0.018094 0.143798 0.013729
0.010120 0.147075 0.031972
-0.023784 0.077429 0.052076
0.089212 0.065937 -0.016333
0.077619 0.069481 -0.018601
0.001249 0.067384 0.056688
0.052483 0.162335 0.008675
-0.023703 0.066688 0.055564
0.031165 0.087536 0.017355
0.009252 0.090629 0.019352
0.026889 0.122074 0.018466
0.027277 0.054770 0.002349
0.076495 0.168744 -0.041322
0.051104 0.089326 -0.011744
0.086058 0.059278 -0.014498
0.003787 0.057904 0.060024
-0.009013 0.124671 0.037593
0.054994 0.057495 0.011468
-0.057285 0.086999 0.043203
-0.054324 0.063243 0.048928
-0.048285 0.141888 0.054428
-0.033874 0.092650 0.041261
-0.040052 0.058129 0.054377
0.026107 0.077595 0.016653
0.021138 0.092409 0.022788
-0.039334 0.132574 0.054208
0.016406 0.077957 0.015971
-0.056227 0.076278 0.039944
0.070399 0.067315 -0.008146
0.001187 0.122493 0.032602
0.070865 0.092067 -0.012881
-0.064351 0.091342 0.049444
-0.004136 0.067372 0.056166
-0.004240 0.152430 0.042008
0.019367 0.060566 0.004199
0.042473 0.073296 0.013870
-0.009703 0.082355 0.051071
-0.030848 0.139267 0.054638
0.054388 0.061961 0.011029
0.051194 0.092566 -0.014395
0.048692 0.080781 0.000085
-0.004486 0.082661 0.046229
0.055520 0.086316 -0.007993
0.086174 0.062727 -0.013806
-0.010259 0.086246 0.050957
-0.068928 0.077597 0.042956
0.022669 0.059216 0.005028
-0.035206 0.077396 0.034994
0.009515 0.128595 0.035171
-0.053660 0.142754 0.058240
0.069043 0.090075 -0.010096
-0.063521 0.093612 0.050316
0.072783 0.097863 -0.026404
-0.001951 0.065074 0.060264
-0.035454 0.078414 0.034244
-0.024757 0.059096 0.053636
-0.033308 0.061515 0.055198
-0.059100 0.124509 0.059260
0.030244 0.064904 0.010070
0.074424 0.147137 -0.043769
-0.045547 0.132426 0.056916
-0.067893 0.083226 0.045859
0.016153 0.072494 0.012439
0.056155 0.158008 0.002505
0.083150 0.144410 -0.055733
-0.017160 0.112712 0.054364
0.033883 0.096667 0.015223
0.072759 0.077062 -0.012179
-0.034812 0.054492 0.053793
-0.018313 0.055581 0.039302
0.060987 0.102484 -0.016699
0.035945 0.147367 0.006348
0.066708 0.162398 -0.017674
0.061248 0.097760 -0.016892
-0.063869 0.087861 0.048420
0.012438 0.137617 0.033786
-0.010626 0.161519 0.035289
-0.010260 0.097887 0.050409
0.026231 0.064909 0.010125
0.058009 0.133575 -0.015330
0.000920 0.142759 0.042629
0.014208 0.145863 0.025943
0.021409 0.067817 0.011262
0.046228 0.053931 0.013719
0.002864 0.063131 0.053991
-0.070041 0.081963 0.044164
0.063530 0.159804 -0.014723
0.057482 0.068142 0.003966
0.012964 0.064320 0.003511
-0.073527 0.077466 0.038727
0.031080 0.058520 0.006132
-0.013835 0.071548 0.056213
-0.029372 0.096786 0.048319
0.051327 0.077849 -0.001358
-0.061908 0.124801 0.059944
-0.003406 0.075727 0.050340
-0.052169 0.078908 0.034345
0.042344 0.163500 0.022037
-0.034526 0.063396 0.053959
0.050705 0.157651 0.011999
-0.023863 0.072730 0.052184
0.041383 0.087762 0.006659
-0.052140 0.082114 0.034369
0.031223 0.056107 0.003952
0.044108 0.077380 0.005689
-0.001526 0.056006 0.059477
0.042916 0.159089 0.015933
0.002374 0.087685 0.037772
-0.034011 0.067440 0.051524
-0.000595 0.096677 0.038430
0.025675 0.117475 0.022352
0.072563 0.150379 -0.045013
0.026037 0.056615 0.003463
0.041128 0.147144 0.006130
0.003172 0.076989 0.049470
-0.006858 0.056111 0.034561
-0.054083 0.102931 0.052047
-0.028647 0.072485 0.051546
0.021290 0.057869 0.002845
-0.056259 0.084354 0.039891
0.059527 0.061967 0.005701
-0.060408 0.068527 0.044073
0.046354 0.094240 -0.015517
0.060841 0.085242 -0.005203
0.030924 0.082586 0.016687
0.017364 0.137499 0.028074
-0.068682 0.067670 0.037580
0.022565 0.133526 0.011080
0.038047 0.094114 0.008881
-0.047952 0.111940 0.053361
-0.038917 0.054205 0.054311
0.064314 0.085243 -0.005184
0.042319 0.077661 0.014344
-0.050800 0.075891 0.035253
-0.011030 0.117054 0.046164
0.074412 0.070083 -0.013174
0.042855 0.088652 0.002898
-0.056587 0.057878 0.049937
-0.067157 0.069406 0.040371
0.017402 0.059025 0.001451
0.045929 0.147514 0.007062
0.010598 0.112049 0.028891
-0.046445 0.070060 0.045264
0.049222 0.061654 0.015298
-0.056198 0.059944 0.049609
-0.044146 0.107914 0.047588
-0.032169 0.109934 0.054875
-0.052483 0.054154 0.050447
0.067424 0.180814 -0.047651
0.050873 0.072886 0.001983
0.073273 0.081033 -0.010588
0.092137 0.061208 -0.020716
-0.064415 0.146317 0.060445
-0.008806 0.072700 0.052519
-0.048762 0.054292 0.052296
0.028301 0.113533 0.019475
-0.071827 0.069584 0.035608
0.015986 0.082490 0.018328
0.076422 0.179656 -0.055404
-0.028778 0.146851 0.051175
-0.055979 0.073658 0.040307
-0.009105 0.063638 0.058745
-0.049015 0.057523 0.052718
0.073216 0.156130 -0.060846
0.025619 0.128223 0.006119
0.033786 0.058430 0.005514
0.001860 0.131466 0.039056
0.005758 0.151977 0.032196
0.056633 0.062795 0.007977
0.036261 0.072606 0.016973
-0.033203 0.072513 0.049458
-0.004243 0.064994 0.059351
0.035884 0.142367 0.006041
-0.018136 0.070910 0.055503
-0.029008 0.056993 0.053808
0.028892 0.094639 0.019919
-0.004677 0.147417 0.045893
0.051447 0.062775 0.013019
-0.048969 0.071382 0.046385
0.063705 0.121398 -0.020049
0.008366 0.084526 0.014983
0.072656 0.067746 -0.010824
-0.053890 0.057704 0.050911
-0.059800 0.112736 0.053777
-0.039594 0.073126 0.037183
-0.066881 0.063958 0.035679
0.072606 0.063423 -0.011517
0.028087 0.091072 0.019485
-0.044006 0.062575 0.051852
-0.023954 0.112806 0.056631
0.031190 0.054464 0.002476
0.058976 0.159793 -0.002227
-0.013978 0.154616 0.043897
0.039923 0.087232 0.015548
-0.032662 0.103639 0.051096
0.021591 0.074285 0.015089
-0.004184 0.072388 0.051992
0.026194 0.112354 0.022468
0.042850 0.055308 0.014228
0.065250 0.072692 -0.003165
0.070295 0.181057 -0.048606
0.028941 0.098096 0.020116
0.056019 0.136549 -0.011715
0.020973 0.112755 0.027130
-0.003876 0.132586 0.042562
0.055992 0.081864 -0.003698
0.004179 0.054460 0.057826
-0.008095 0.137055 0.048298
0.051008 0.053909 0.013103
0.058696 0.170477 0.000289
-0.042339 0.065852 0.050031
-0.033277 0.149078 0.049249
0.004620 0.067844 0.055747
0.063264 0.174607 -0.015291
-0.018861 0.077644 0.052944
0.010891 0.071555 0.008263
0.026079 0.124712 0.005508
-0.035971 0.134551 0.054774
-0.007237 0.057167 0.035957
0.041075 0.132715 0.002777
-0.030511 0.091279 0.040867
0.069228 0.107509 -0.024149
0.006364 0.137513 0.038436
-0.008192 0.077052 0.048765
0.044463 0.086539 0.001854
0.003070 0.055898 -0.016380
-0.023931 0.117699 0.057248
-0.057157 0.059230 0.049443
0.021217 0.157814 -0.002154
0.048875 0.149873 0.012521
-0.024212 0.062817 0.055720
0.078270 0.157038 -0.065687
-0.057825 0.144151 0.059443
0.011745 0.152586 0.018447
0.072646 0.072404 -0.026850
0.003191 0.102524 0.020998
0.049443 0.119564 -0.004829
-0.030339 0.083954 0.037798
-0.068910 0.137489 0.064065
0.031381 0.137617 0.006183
0.002840 0.078266 0.038159
0.017100 0.084914 0.019981
-0.029734 0.149177 0.049466
-0.053278 0.073895 0.038334
0.066164 0.087353 -0.007193
0.042861 0.077358 0.007364
0.006210 0.053682 -0.017395
0.028768 0.107119 0.020213
0.070614 0.087079 -0.008577
-0.023602 0.057074 0.041413
0.003227 0.109714 0.024857
-0.013500 0.063951 0.056890
0.052167 0.070185 0.005095
0.059502 0.055024 0.003663
-0.061124 0.124797 0.059800
-0.053634 0.071317 0.046037
-0.019642 0.112763 0.055584
0.036181 0.077565 0.016811
0.061268 0.171719 -0.007292
-0.047820 0.106762 0.047666
-0.027716 0.076118 0.050893
0.009622 0.063439 0.049619
0.055255 0.084176 -0.005888
0.041942 0.058263 0.015832
0.038991 0.090823 0.015404
0.073916 0.078841 -0.013978
-0.039038 0.062698 0.052895
0.021676 0.096887 0.023978
0.030897 0.062207 0.008478
-0.038976 0.137395 0.053683
0.038544 0.091030 0.009890
-0.071955 0.093513 0.045313
-0.001772 0.099059 0.039231
-0.050458 0.083676 0.008630
-0.019402 0.064058 0.055622
0.025952 0.092571 0.021275
-0.034094 0.142325 0.052541
-0.072642 0.078290 0.040200
-0.008502 0.128122 0.042691
-0.025975 0.059749 0.055054
0.006069 0.056146 -0.016412
-0.043714 0.069407 0.039468
0.064582 0.142432 -0.018265
0.009962 0.151620 0.021846
-0.044110 0.077498 0.032432
-0.028925 0.053552 0.038838
0.013990 0.141583 0.030613
0.040362 0.077499 0.015994
0.049752 0.057770 0.015458
0.049798 0.172357 0.012235
-0.066525 0.094945 0.049781
0.007125 0.088144 0.016312
0.004404 0.057007 0.058814
0.021268 0.062755 0.007320
-0.034245 0.146904 0.050753
0.085183 0.067950 -0.023936
0.059242 0.127216 -0.014025
-0.009038 0.132308 0.047491
0.061754 0.057837 0.002710
-0.036512 0.119030 0.054856
-0.054097 0.067401 0.047224
0.039448 0.092028 0.006836
0.003900 0.145975 0.040104
0.060864 0.127264 -0.017539
0.057419 0.057708 0.008279
0.056678 0.167711 0.002591
-0.057750 0.125727 0.059471
0.004429 0.077952 0.034617
0.016419 0.061774 0.003450
-0.018851 0.102522 0.053793
-0.030883 0.064572 0.054552
-0.049895 0.127951 0.060349
0.022590 0.137235 0.008698
0.068170 0.060958 -0.005502
-0.048819 0.067568 0.048199
-0.053804 0.128439 0.060608
-0.014491 0.156584 0.041383
-0.047544 0.132626 0.058960
0.006220 0.086237 0.014520
-0.058062 0.072797 0.043291
-0.053691 0.122797 0.057766
-0.046207 0.070569 0.043017
-0.007810 0.097754 0.048878
0.003182 0.054487 0.058103
0.059508 0.057777 0.005918
-0.039225 0.117579 0.053060
0.061316 0.087113 -0.007042
-0.024714 0.069087 0.053221
-0.069857 0.071392 0.039286
-0.044096 0.072170 0.037192
-0.020899 0.090942 0.049468
0.075781 0.087616 -0.016938
0.049297 0.077390 0.000245
0.026154 0.074046 0.015165
0.003667 0.085447 0.035892
0.034154 0.054148 0.001484
-0.070985 0.150180 0.060192
0.008805 0.145937 0.034983
-0.053724 0.117567 0.056490
-0.009917 0.070669 0.055390
0.037479 0.063592 0.015744
0.019643 0.065957 0.009293
-0.039079 0.068460 0.049474
0.047872 0.067812 0.013771
0.017900 0.152880 -0.000482
0.064217 0.062465 0.000641
0.008537 0.072872 0.041208
0.082633 0.059605 -0.014374
0.045764 0.097528 -0.015677
0.002891 0.054369 -0.017020
-0.046531 0.115517 0.054494
0.051153 0.086946 -0.007348
-0.066156 0.066774 0.039724
-0.029129 0.152551 0.047448
0.092172 0.058494 -0.020955
0.009024 0.066135 0.051496
0.081107 0.062786 -0.013434
-0.013710 0.073982 0.052017
0.090245 0.062015 -0.017392
-0.023807 0.157924 0.043485
0.065159 0.058872 -0.001943
0.070106 0.063373 -0.007339
0.088943 0.063063 -0.014916
0.016074 0.107777 0.027982
-0.023970 0.137339 0.055799
-0.007817 0.126231 0.037958
0.036357 0.067892 0.016479
0.040825 0.067725 0.017094
0.001701 0.070559 0.055839
-0.019419 0.073379 0.052190
0.067320 0.069018 -0.006441
-0.018953 0.147238 0.051468
0.012281 0.068521 0.006989
0.045676 0.067457 0.016684
-0.033596 0.151803 0.048687
0.004366 0.070486 0.055632
0.050215 0.067384 0.011683
0.005591 0.070152 0.054739
-0.023050 0.094323 0.050359
-0.062686 0.073257 0.045461
0.053091 0.064864 0.009609
-0.027859 0.093740 0.046943
0.009354 0.150797 0.027112
-0.027964 0.054843 0.039877
-0.013796 0.087388 0.051568
-0.050991 0.104381 0.050452
0.001794 0.118932 0.030332
0.063789 0.059253 0.000510
0.068747 0.064421 -0.004824
0.001126 0.058278 0.060816
-0.068693 0.087683 0.047011
0.045976 0.102588 -0.014125
0.058683 0.104561 -0.015149
0.012419 0.065809 0.004143
0.001027 0.092634 0.038005
-0.045311 0.127456 0.056896
0.015814 0.066915 0.007933
-0.029248 0.067930 0.052630
-0.048854 0.122639 0.058459
0.009149 0.064125 0.050604
0.051327 0.117351 -0.006738
0.025987 0.067563 0.011739
-0.063416 0.077999 0.046239
0.053835 0.070174 0.004968
0.016774 0.063833 0.005994
-0.020653 0.104684 0.054817
-0.047592 0.127236 0.059242
0.069487 0.158907 -0.023463
0.019965 0.137483 0.023042
0.027569 0.087472 0.019301
0.052497 0.067570 0.007635
-0.068430 0.073166 0.041233
-0.063799 0.082818 0.047075
0.055444 0.067010 0.006121
-0.005068 0.078344 0.046323
0.011854 0.147598 0.027653
0.001015 0.072878 0.051249
-0.039818 0.127569 0.054270
-0.018791 0.092720 0.050609
0.071413 0.110823 -0.030526
0.063765 0.065441 0.000061
-0.024091 0.097718 0.051678
0.045274 0.071186 0.015822
-0.027634 0.055789 0.040338
0.011218 0.117401 0.031244
0.065741 0.067017 -0.003100
-0.033655 0.117839 0.056225
0.026116 0.062302 0.008416
-0.019030 0.067428 0.056348
-0.050588 0.097905 0.041793
0.014728 0.146365 0.022701
0.004802 0.072867 0.046618
0.009122 0.053730 -0.018498
-0.063538 0.128504 0.061287
-0.037072 0.130661 0.054875
0.019840 0.132554 0.026569
-0.010447 0.093401 0.050187
0.061157 0.167460 -0.007751
0.015617 0.122347 0.031053
0.075910 0.081463 -0.029988
0.075964 0.067327 -0.012070
0.066075 0.082179 -0.003918
0.080739 0.066860 -0.013282
0.007687 0.094299 0.020212
0.055388 0.152643 0.002325
-0.017003 0.117539 0.054472
0.003284 0.071995 0.049223
-0.009744 0.074622 0.049598
0.039837 0.182447 0.001546
0.065836 0.150918 -0.021584
0.074421 0.091680 -0.017388
0.007128 0.072611 0.043320
0.024960 0.122312 0.022068
-0.052153 0.139125 0.059481
-0.037191 0.122703 0.055146
0.033461 0.068221 0.015527
0.071174 0.172269 -0.043293
0.054686 0.054270 0.010672
0.085451 0.066045 -0.014689
-0.010174 0.123731 0.044147
-0.039256 0.112499 0.051371
0.031493 0.073460 0.015374
0.026163 0.107454 0.022785
-0.072789 0.072949 0.036912
0.056555 0.152225 -0.002842
-0.019461 0.117711 0.055752
-0.048939 0.073364 0.036517
0.086502 0.066997 -0.015689
0.033228 0.103499 0.014115
-0.007278 0.130937 0.044052
0.043996 0.187269 -0.004993
0.055833 0.078591 -0.001269
0.081958 0.068549 -0.021879
-0.013938 0.151812 0.047169
0.041658 0.086079 0.014622
-0.034830 0.102113 0.048134
0.055835 0.092429 -0.014395
-0.073244 0.082212 0.041236
-0.053941 0.132667 0.061778
0.020988 0.071842 0.013564
0.029992 0.072003 0.013875
-0.028848 0.062447 0.055646
0.040507 0.072407 0.016054
0.046932 0.071804 0.013899
0.034185 0.056355 0.003544
0.049448 0.071075 0.011892
0.001518 0.055721 0.059283
0.038094 0.094532 -0.009636
-0.057772 0.082497 0.042317
-0.019239 0.057746 0.041354
0.044790 0.191606 -0.006256
0.056104 0.072479 0.002969
0.012111 0.073599 0.011139
-0.055486 0.098861 0.050691
-0.019687 0.161038 0.040107
0.015700 0.127280 0.031450
-0.028214 0.098808 0.051010
-0.033733 0.122592 0.056697
0.031499 0.147615 0.007220
0.006811 0.097758 0.021145
-0.054538 0.146266 0.056168
0.052925 0.084489 -0.005445
0.026093 0.097365 0.022083
-0.000485 0.092178 0.041741
0.015900 0.096587 0.024087
-0.042898 0.127648 0.054268
0.071900 0.094157 -0.016718
0.067693 0.168064 -0.028093
-0.061823 0.150838 0.055651
0.000800 0.147559 0.041745
0.079215 0.142147 -0.049238
0.004503 0.096894 0.019122
0.035288 0.097324 0.012419
-0.005570 0.129569 0.040418
-0.045774 0.136546 0.055941
0.066804 0.139337 -0.023275
0.038764 0.094139 -0.010025
0.020762 0.122677 0.027027
-0.032978 0.113276 0.055315
0.036656 0.097573 0.008784
-0.043664 0.137202 0.053840
-0.004274 0.087695 0.046346
0.057348 0.094620 -0.015409
-0.007095 0.062977 0.060015
0.065108 0.094685 -0.016162
-0.011031 0.133201 0.050151
-0.053863 0.112729 0.055655
0.006642 0.142758 0.038147
0.037605 0.096178 -0.009887
0.040689 0.096958 -0.014110
0.022621 0.128034 0.023575
0.001472 0.063247 0.057351
0.073196 0.094649 -0.025866
0.074109 0.150609 -0.045041
-0.024025 0.102497 0.053854
-0.033092 0.071242 0.050479
0.016468 0.099061 0.025141
-0.052372 0.147944 0.053080
0.038089 0.097075 -0.012371
-0.068603 0.092669 0.048177
0.043659 0.095671 -0.015190
0.051272 0.097999 -0.015050
0.044215 0.055344 0.014619
0.056662 0.097240 -0.015489
0.065695 0.097545 -0.018645
0.069925 0.095761 -0.018405
0.070499 0.097641 -0.023249
-0.068332 0.102255 0.048812
0.059488 0.167339 -0.002820
0.011585 0.082903 0.016450
-0.049194 0.101967 0.043672
-0.066856 0.102215 0.049880
-0.058906 0.102793 0.053166
-0.052238 0.101054 0.048066
0.056097 0.162491 0.002259
-0.039072 0.102367 0.046378
-0.010566 0.102521 0.050447
-0.007999 0.102726 0.048139
-0.072799 0.087443 0.043437
-0.005842 0.101843 0.045699
0.050764 0.127505 -0.003143
0.074960 0.092949 -0.028570
0.015438 0.147815 0.016054
0.039641 0.178655 0.000726
0.014736 0.151589 0.015556
0.074150 0.097390 -0.028882
0.016274 0.151021 0.014710
0.075386 0.097496 -0.031962
0.046741 0.126510 -0.001034
-0.018977 0.053980 0.038155
0.027544 0.122618 0.003197
-0.050297 0.103222 0.046761
-0.042033 0.102998 0.045997
0.064492 0.107389 -0.019077
0.036320 0.136340 0.004467
0.020286 0.127700 0.027062
-0.002061 0.092728 0.044130
0.046263 0.057856 0.016582
0.054581 0.098493 -0.015050
0.054025 0.152968 0.005431
0.006005 0.102352 0.022679
0.009897 0.101259 0.024281
-0.038058 0.057012 0.054971
0.011558 0.103064 0.025552
0.023966 0.136034 0.007752
0.016132 0.102661 0.026395
-0.028852 0.102959 0.052863
0.020857 0.102737 0.025720
-0.028801 0.137290 0.055784
0.023148 0.101791 0.024575
0.000484 0.133445 0.040766
0.068772 0.146191 -0.029182
-0.028885 0.142375 0.053849
-0.008951 0.067701 0.056898
0.067687 0.098744 -0.020881
-0.063831 0.142492 0.061976
0.046102 0.122584 -0.002459
0.034860 0.101304 0.009012
0.075177 0.151191 -0.046675
-0.021813 0.104333 0.054808
0.016638 0.069215 0.010483
0.039218 0.100928 -0.015544
0.041595 0.102587 -0.014235
0.046167 0.100104 -0.015361
0.051152 0.102464 -0.013794
0.046154 0.062794 0.017216
0.055598 0.102745 -0.014379
-0.005125 0.097399 0.046433
0.057558 0.101178 -0.015633
-0.028827 0.127557 0.057704
-0.023771 0.107824 0.055636
0.060969 0.094039 -0.015963
0.053304 0.140943 -0.005780
0.026589 0.184659 0.015049
0.064857 0.102506 -0.019104
0.081873 0.146986 -0.056282
0.006149 0.112778 0.028095
0.069791 0.102382 -0.023637
-0.028397 0.108624 0.055430
0.023483 0.064885 0.009844
0.072254 0.102604 -0.027297
0.000442 0.155748 0.031483
-0.029679 0.106596 0.054362
0.073690 0.101158 -0.029454
0.057718 0.152294 -0.006557
0.031983 0.132126 0.004145
-0.067429 0.105463 0.049212
0.046997 0.073586 0.002725
-0.066509 0.105492 0.049815
-0.063749 0.107527 0.051683
0.059617 0.117582 -0.013850
-0.058984 0.107549 0.054071
0.054847 0.117619 -0.009077
-0.053796 0.107262 0.054046
0.072399 0.139659 -0.038938
-0.049509 0.108068 0.052115
-0.047384 0.105154 0.044089
-0.068310 0.129216 0.062845
-0.039739 0.107060 0.048681
0.036510 0.093075 0.012268
-0.033919 0.107693 0.052679
-0.025883 0.105731 0.054759
-0.017675 0.107464 0.054409
-0.010953 0.106964 0.050385
0.072152 0.153575 -0.057273
-0.006139 0.105825 0.042456
-0.036097 0.116220 0.054568
0.008148 0.104325 0.024870
0.074247 0.102393 -0.031712
0.069881 0.146412 -0.032639
-0.007435 0.108004 0.043241
-0.038045 0.108758 0.050279
0.002684 0.107451 0.023053
0.004871 0.106367 0.023966
0.064106 0.117106 -0.019498
0.078587 0.152318 -0.056840
0.006712 0.108075 0.025934
0.011031 0.107764 0.027213
0.020974 0.107658 0.026573
0.057316 0.117244 -0.011363
-0.056753 0.149414 0.054754
-0.026683 0.140215 0.054853
-0.011686 0.089320 0.049762
0.000973 0.117118 0.028476
0.023609 0.107979 0.025026
0.032398 0.107283 0.013514
0.073443 0.104091 -0.030512
-0.057183 0.109654 0.054848
-0.054285 0.109667 0.054914
0.061136 0.147510 -0.012669
-0.013936 0.142227 0.051674
0.073217 0.139224 -0.040842
0.041235 0.107645 -0.011793
0.045871 0.107528 -0.011558
0.026200 0.058979 0.005941
0.051223 0.107498 -0.011288
0.056034 0.107639 -0.012957
0.067057 0.107621 -0.021736
0.071269 0.107527 -0.027586
0.066602 0.062445 -0.002480
0.072744 0.107320 -0.030752
-0.057277 0.112256 0.054951
0.060207 0.076343 0.000367
-0.044314 0.110904 0.049252
-0.035064 0.112241 0.053997
-0.028834 0.112868 0.056548
-0.013996 0.112569 0.052085
0.038072 0.176107 -0.001123
-0.010456 0.112206 0.047262
0.046872 0.110013 -0.009944
-0.009120 0.112008 0.043242
-0.029401 0.058991 0.055400
-0.049866 0.113537 0.055512
-0.024095 0.053747 0.038764
0.001495 0.110911 0.023780
0.016463 0.112468 0.029116
0.023763 0.112992 0.025084
0.029698 0.112231 0.017504
-0.011724 0.113793 0.049369
0.002308 0.113495 0.026598
0.031087 0.111214 0.012914
0.018052 0.127360 0.029415
0.037911 0.109643 -0.009969
0.039299 0.109723 -0.009849
0.076033 0.062997 -0.013040
0.004032 0.138387 0.040150
0.050278 0.110007 -0.010059
-0.021612 0.085173 0.050577
0.014634 0.114111 0.030066
0.041032 0.112622 -0.008574
0.004187 0.142516 0.040301
0.046094 0.112727 -0.008208
0.051060 0.112686 -0.008775
0.056637 0.112338 -0.011746
0.064511 0.112358 -0.019309
0.022476 0.174682 -0.007438
-0.063985 0.132605 0.062815
-0.037431 0.127274 0.055085
0.066888 0.112492 -0.022331
0.054310 0.113466 -0.009767
0.045332 0.128537 0.000393
0.028924 0.187699 0.015199
0.068835 0.111735 -0.024766
-0.058189 0.117149 0.054149
0.090460 0.059238 -0.018602
-0.056853 0.116235 0.054957
0.000433 0.082459 0.041962
-0.043950 0.117393 0.053044
-0.029021 0.117724 0.057368
-0.014366 0.117531 0.052172
0.011718 0.113921 0.030083
-0.044306 0.074745 0.034172
-0.051428 0.094994 0.040299
-0.011960 0.117550 0.048735
0.023681 0.130684 0.020299
-0.013921 0.102913 0.052366
-0.045081 0.068654 0.042712
0.015331 0.117777 0.030528
-0.010370 0.117255 0.044434
0.004704 0.116062 0.029513
0.070990 0.158061 -0.027507
0.020279 0.137988 0.018398
0.006245 0.117842 0.030776
-0.017038 0.127698 0.054406
0.059883 0.173128 -0.003957
-0.045207 0.067249 0.047361
0.017699 0.117490 0.029450
-0.005858 0.134224 0.045424
0.028957 0.116440 0.016515
0.029223 0.117550 0.000463
0.032563 0.181447 0.008610
0.030277 0.117594 -0.000940
0.000954 0.125258 0.034643
0.036822 0.116147 -0.005875
0.040953 0.116591 -0.006262
-0.006109 0.150859 0.045120
0.046319 0.116333 -0.006017
0.068477 0.114434 -0.025472
0.069799 0.176186 -0.044969
0.062255 0.117712 -0.016990
-0.021569 0.139504 0.054711
0.024873 0.167419 -0.003992
0.065946 0.117506 -0.022511
0.009424 0.142233 0.035842
0.026790 0.169422 -0.005883
0.061527 0.078228 -0.000900
0.067548 0.117382 -0.026223
0.068838 0.115593 -0.027234
-0.033063 0.055675 0.054257
0.000236 0.078561 0.041740
0.027913 0.117788 0.017969
-0.043047 0.122249 0.053683
-0.028812 0.122626 0.057736
-0.023836 0.122614 0.057350
-0.019281 0.122560 0.055713
0.076338 0.156274 -0.062909
-0.052665 0.092082 0.038913
-0.016835 0.122518 0.054431
-0.003784 0.062523 0.061526
-0.014314 0.122448 0.052265
0.012375 0.132481 0.034064
0.061836 0.062897 0.003096
-0.057723 0.067022 0.046417
-0.011943 0.122185 0.048475
-0.010964 0.122675 0.045927
0.045944 0.118894 -0.004399
0.006037 0.122368 0.033152
-0.017396 0.132585 0.054262
-0.037570 0.099425 0.045056
-0.006935 0.125250 0.034466
0.028299 0.119158 0.001707
0.024724 0.163305 -0.003226
-0.002373 0.120688 0.028974
0.030647 0.107520 0.017569
-0.003573 0.123468 0.032371
-0.020077 0.108036 0.055151
0.006195 0.092661 0.018282
0.029856 0.122016 0.000980
0.032285 0.122286 -0.001301
0.040980 0.122500 -0.002639
0.059667 0.112815 -0.014235
-0.002033 0.119703 0.028349
0.055214 0.122769 -0.008304
0.062132 0.112622 -0.016882
0.057649 0.122156 -0.011165
0.067251 0.103014 -0.021191
0.059610 0.122525 -0.013593
0.062065 0.122458 -0.017381
0.019164 0.145442 0.010954
0.054745 0.166718 0.007302
-0.059105 0.127881 0.060395
0.011169 0.097405 0.023264
0.055022 0.132308 -0.007691
-0.054510 0.126047 0.059432
0.069921 0.112114 -0.027529
-0.023855 0.127545 0.057311
-0.063927 0.137563 0.063486
-0.019440 0.127428 0.055704
-0.014088 0.127448 0.052136
-0.057913 0.062712 0.047896
-0.011808 0.126465 0.049355
-0.007524 0.124482 0.033368
0.057294 0.132588 -0.012647
-0.004040 0.125251 0.034481
0.006890 0.125260 0.034677
0.055227 0.185533 0.005410
-0.017900 0.137789 0.054057
0.037822 0.182179 0.003958
0.005982 0.127697 0.036008
-0.020025 0.136882 0.055176
0.011549 0.127100 0.033831
-0.066913 0.098127 0.050116
-0.055446 0.140910 0.060196
-0.003870 0.127722 0.037428
0.062905 0.176676 -0.015883
0.043549 0.085215 0.005131
0.000951 0.127933 0.036848
0.024234 0.127118 0.021401
-0.059949 0.073079 0.045307
0.025007 0.127596 0.018184
0.063379 0.124111 -0.021080
0.049173 0.138198 0.000513
0.026728 0.125881 0.004123
0.032339 0.127702 0.001908
0.036455 0.125865 -0.000717
0.040780 0.125659 -0.000741
0.053234 0.127601 -0.005332
0.057760 0.127947 -0.011567
0.041163 0.128296 0.000726
0.011836 0.142632 0.032929
-0.062220 0.064634 0.042540
-0.068343 0.132413 0.063229
-0.059034 0.132573 0.062007
-0.044343 0.113170 0.051146
-0.050046 0.132497 0.060617
-0.043520 0.132428 0.054194
-0.037898 0.146728 0.050751
0.040888 0.098622 -0.015384
0.064522 0.121877 -0.022179
-0.034004 0.132411 0.055869
-0.028961 0.132495 0.057024
0.040906 0.119181 -0.004536
0.068217 0.142966 -0.025782
0.030994 0.183611 0.011577
-0.023896 0.132467 0.056797
-0.013989 0.132322 0.052160
-0.001568 0.130491 0.039624
-0.030534 0.087152 0.039030
0.006032 0.132616 0.037811
-0.033138 0.082700 0.035784
-0.010282 0.078196 0.050675
0.009829 0.132537 0.035657
0.015492 0.132235 0.031515
0.074902 0.077269 -0.028828
0.017927 0.132591 0.028985
-0.013819 0.067666 0.057509
-0.047208 0.074787 0.034683
0.035842 0.132689 0.003016
0.045978 0.132802 0.001384
0.048275 0.131489 -0.000286
0.051089 0.132513 -0.002720
0.018715 0.140671 0.021972
0.053287 0.130201 -0.005230
0.021652 0.140644 0.009676
0.058675 0.130852 -0.014770
0.035541 0.138313 0.005227
0.007329 0.153788 0.022971
0.059194 0.131011 -0.016413
-0.058994 0.137626 0.062567
0.040880 0.062644 0.016768
-0.054141 0.137350 0.061178
-0.048735 0.137708 0.057934
0.032317 0.167004 0.005272
-0.032807 0.136514 0.055163
0.029072 0.102239 0.020272
-0.004757 0.138026 0.045935
0.021053 0.117780 0.027114
0.031523 0.102660 0.017392
-0.002514 0.137412 0.043964
0.001002 0.137704 0.041862
0.009910 0.137403 0.035982
0.064562 0.162334 -0.013255
0.014895 0.137239 0.031279
0.072235 0.155371 -0.059672
0.019130 0.136499 0.025917
0.020996 0.082078 0.018823
0.031334 0.134681 0.005041
0.021217 0.084633 0.020016
0.079058 0.139373 -0.049174
0.072683 0.157938 -0.031539
0.021130 0.137906 0.011589
0.048907 0.134817 -0.000181
0.083704 0.140028 -0.053354
0.018850 0.140837 0.015759
0.041692 0.136944 0.004239
0.046096 0.137501 0.002545
0.051373 0.137608 -0.002545
0.054465 0.137376 -0.007892
0.011120 0.122336 0.032849
0.040139 0.138566 0.005116
-0.001219 0.095916 0.040801
-0.042620 0.141446 0.052408
-0.023766 0.142721 0.054048
-0.010859 0.141735 0.050130
-0.008531 0.142366 0.048812
-0.024332 0.140511 0.054925
-0.004391 0.142787 0.046300
0.018225 0.139657 0.024291
-0.001906 0.142424 0.044598
0.017045 0.142703 0.022277
0.015702 0.142214 0.027524
0.081736 0.138783 -0.051426
0.019900 0.142284 0.011748
0.031510 0.142338 0.006610
0.040837 0.142443 0.005452
0.043181 0.141350 0.004676
0.045992 0.142217 0.003511
0.050979 0.142638 0.001698
0.062900 0.139527 -0.016516
0.064593 0.139477 -0.018310
0.035637 0.128129 0.001180
0.068109 0.139632 -0.026222
0.069198 0.139740 -0.028152
0.005922 0.063673 0.052257
0.074790 0.139371 -0.042385
-0.072202 0.148029 0.060965
0.068068 0.149237 -0.046507
0.052374 0.140745 -0.003999
0.059391 0.162349 -0.003829
0.056306 0.142645 -0.006911
-0.048767 0.117690 0.056726
0.062932 0.142410 -0.016074
0.066812 0.142403 -0.022672
-0.009130 0.157836 0.036824
0.083828 0.141741 -0.054307
0.034070 0.101834 0.012890
0.017128 0.143702 0.016263
0.061313 0.142982 -0.012895
0.023124 0.132943 0.009468
0.069320 0.142473 -0.028316
0.022226 0.134769 0.019374
0.072663 0.142766 -0.037524
0.075393 0.142555 -0.042668
-0.008195 0.092549 0.048995
0.022027 0.132741 0.022395
0.071015 0.143031 -0.032606
0.073902 0.142700 -0.039409
-0.033995 0.098909 0.045790
0.055283 0.143952 -0.002022
-0.068971 0.147347 0.060899
-0.058819 0.147369 0.057493
0.044246 0.173989 0.020232
0.076012 0.089309 -0.029629
-0.014594 0.146431 0.050645
0.045933 0.175594 0.019242
0.013343 0.144526 0.029718
-0.009541 0.155815 0.040502
0.084232 0.143511 -0.056628
0.076821 0.087890 -0.032782
-0.013169 0.148286 0.049256
-0.002461 0.148511 0.043966
0.062931 0.125139 -0.020444
0.005883 0.147514 0.037214
0.043923 0.144541 0.004808
-0.000437 0.151197 0.040689
-0.062484 0.147658 0.058344
0.076310 0.092361 -0.032234
-0.034632 0.137964 0.054175
0.017427 0.147148 0.013935
0.045503 0.145453 0.004506
-0.022812 0.060788 0.054132
0.051236 0.147791 0.007709
