0.039688 0.196582 0.013654
0.037899 0.196494 0.014266
0.011161 0.192837 0.029004
0.045336 0.190624 0.010920
0.013290 0.192169 0.028244
0.045875 0.187615 0.011041
0.039502 0.187502 0.012965
0.037198 0.186142 0.015130
0.017758 0.188091 0.026315
0.086247 0.181350 -0.017384
0.082984 0.181067 -0.016046
0.061386 0.180974 0.001829
0.052043 0.182107 0.026054
0.048067 0.182886 0.026284
0.031467 0.183168 0.019645
0.027646 0.183289 0.021401
0.069894 0.179131 -0.006492
0.060849 0.179315 0.004665
0.057967 0.179509 0.006662
0.071028 0.178630 -0.006915
0.063298 0.179415 0.002632
0.070652 0.177987 -0.001833
0.033162 0.178863 0.017390
0.096591 0.177173 -0.017824
0.092313 0.177971 -0.018403
0.088317 0.178613 -0.018168
0.086874 0.177372 -0.014207
0.075384 0.175728 0.002121
0.071188 0.176024 0.004678
0.068130 0.176503 0.006431
0.062773 0.176869 0.011285
0.058824 0.177013 0.012301
0.057198 0.176617 0.022513
0.049885 0.176902 0.023732
0.048140 0.178203 0.024823
0.040508 0.177521 0.014992
0.037650 0.178074 0.015730
0.037301 0.175840 0.033642
0.013097 0.175730 0.007889
0.040943 0.175019 0.015136
0.039530 0.175017 0.014654
0.024714 0.174979 0.001248
0.075589 0.174105 0.003294
0.075258 0.173481 0.004167
0.087569 0.173514 -0.013160
0.097277 0.172610 -0.013740
0.091216 0.170827 -0.009188
0.088039 0.170968 -0.009564
0.037543 0.183203 0.016316
0.077193 0.171828 -0.009775
0.073702 0.171031 0.001770
0.063440 0.173427 0.012522
0.061391 0.172181 0.015441
0.057312 0.173270 0.020039
0.052913 0.173157 0.021559
0.051598 0.171512 0.025008
0.047773 0.172881 0.026586
0.041535 0.172488 0.030157
0.038427 0.172690 0.032520
0.020794 0.170498 0.006638
0.044320 0.169671 0.028037
0.077641 0.169051 -0.007790
0.020699 0.169153 0.006571
0.018692 0.169411 0.007151
0.082440 0.168682 -0.007792
0.034987 0.168769 0.032573
0.092815 0.167816 -0.008903
0.033925 0.183335 0.018212
0.090774 0.166690 -0.005651
0.087745 0.166750 -0.005030
0.078046 0.167415 -0.002825
0.076811 0.166892 -0.000395
0.064372 0.167695 0.013350
0.061884 0.168073 0.015047
0.058978 0.167991 0.017659
0.074685 0.171423 -0.008097
0.095760 0.165142 -0.011270
0.095322 0.165144 -0.010993
0.051609 0.167943 0.024787
0.048187 0.167871 0.026770
0.046064 0.166901 0.029547
0.042580 0.167698 0.031342
0.037912 0.167895 0.032590
0.035942 0.166190 0.034240
0.029566 0.166021 0.037004
0.046183 0.164825 0.029234
0.030872 0.180212 0.018955
0.092197 0.164010 -0.008729
0.010769 0.162691 0.008953
0.065365 0.162023 0.013868
0.087894 0.160849 -0.011592
0.088571 0.161629 -0.007627
0.087324 0.163069 -0.003473
0.083066 0.164170 -0.002208
0.078014 0.163264 0.001937
0.072356 0.162810 0.006779
0.064363 0.164342 0.013266
0.059006 0.163231 0.017662
0.056687 0.162790 0.019848
0.053062 0.162802 0.022184
0.050782 0.163733 0.024569
-0.008574 0.161066 0.023489
-0.012112 0.161525 0.024536
-0.017243 0.161919 0.025894
-0.032272 0.161153 0.028823
-0.032322 0.161514 0.028461
0.038227 0.162808 0.032240
0.032991 0.163102 0.036300
0.087727 0.159587 -0.011537
0.036578 0.159776 0.033945
-0.033541 0.160102 0.028614
-0.035683 0.160234 0.028655
0.094176 0.157155 -0.026821
0.083151 0.158771 -0.002777
0.061012 0.158793 0.014556
-0.022123 0.159241 0.027901
0.100658 0.157378 -0.030543
0.097903 0.157237 -0.028327
0.095252 0.155870 -0.025994
0.067117 0.158500 0.010305
0.069165 0.157065 0.008039
0.066681 0.178408 0.000803
0.063266 0.158115 0.012332
0.030686 0.186653 0.019289
0.054476 0.157925 0.017940
0.052701 0.157939 0.021730
0.047855 0.158183 0.026821
0.045389 0.158014 0.029059
0.042656 0.157967 0.030779
-0.002766 0.157262 0.022435
-0.008355 0.157660 0.024684
-0.012467 0.158136 0.025941
0.096136 0.175873 -0.014945
-0.014791 0.156060 0.029133
-0.017608 0.156352 0.030206
-0.032303 0.158050 0.029913
-0.037300 0.158053 0.029890
-0.045888 0.156561 0.030118
-0.009886 0.155326 0.028591
0.092765 0.172814 -0.013576
-0.022549 0.156584 0.031239
-0.027733 0.157258 0.030691
-0.027284 0.155425 0.033292
0.050382 0.154022 0.023983
0.075969 0.153074 -0.027688
0.026427 0.154334 0.019990
-0.037846 0.154570 0.031772
0.092473 0.153992 -0.023953
0.088306 0.151882 -0.020988
0.068004 0.152613 -0.005361
-0.001398 0.154171 0.022755
-0.006736 0.154337 0.026759
0.095883 0.151499 -0.020006
0.089202 0.153107 -0.022457
0.072414 0.151483 -0.008461
0.069771 0.151879 -0.006394
-0.012133 0.154032 0.031424
0.062937 0.152535 0.012094
0.057625 0.152896 0.016136
0.054461 0.152828 0.018124
0.052099 0.152966 0.021301
0.047745 0.153163 0.026009
0.043972 0.152908 0.028094
0.041539 0.153327 0.029861
0.037913 0.153178 0.031816
0.035715 0.151756 0.034098
0.016067 0.152044 0.007079
0.014732 0.151417 0.007129
0.006969 0.151815 0.019946
0.002730 0.152868 0.021633
-0.002691 0.152404 0.025839
-0.004023 0.151157 0.029411
-0.007673 0.152309 0.030950
-0.042551 0.153630 0.031320
0.017037 0.191159 0.026392
-0.047139 0.152855 0.030688
-0.051035 0.151928 0.030541
0.043841 0.172922 0.028034
-0.076857 0.151453 0.025166
-0.012731 0.151465 0.034946
0.024318 0.154202 0.020022
-0.017415 0.152198 0.035850
-0.022430 0.152589 0.036462
0.083097 0.173670 -0.011697
-0.032265 0.152330 0.036415
-0.037167 0.151779 0.035587
-0.040925 0.151137 0.034510
0.038003 0.149979 0.032028
0.035524 0.150049 0.034149
0.015280 0.149359 0.006614
0.014683 0.149489 0.006936
-0.043913 0.150213 0.033515
0.078599 0.149208 -0.012640
0.060111 0.149173 0.013777
0.039684 0.149156 0.027370
0.023596 0.183543 0.022922
-0.000863 0.149717 0.027624
0.033081 0.176143 0.036323
-0.021338 0.149701 0.038625
-0.032937 0.149606 0.038570
0.094274 0.148995 -0.016746
0.003969 0.149277 0.022437
0.101249 0.147107 -0.022577
0.100612 0.145736 -0.020161
0.095430 0.145533 -0.015898
0.088735 0.148139 -0.012269
0.086397 0.147385 -0.010408
0.080772 0.146514 -0.005582
0.078085 0.147228 -0.003155
0.075781 0.147092 -0.000409
0.073572 0.148172 0.002007
0.071098 0.147987 0.004820
-0.037914 0.148853 0.038034
-0.077045 0.148723 0.027307
0.062770 0.147712 0.011739
-0.090319 0.148412 0.026540
0.060355 0.146404 0.014021
0.057516 0.147770 0.015938
0.048556 0.147059 0.022350
0.047026 0.148438 0.025718
0.036365 0.147055 0.022145
0.070770 0.159843 0.009414
0.032750 0.147113 0.021096
0.025827 0.145661 0.018756
0.011554 0.146692 0.018438
0.037870 0.157848 0.031822
0.010511 0.146948 0.019263
0.005642 0.146109 0.024398
0.002664 0.147855 0.026342
0.001157 0.146467 0.029653
0.021646 0.184877 0.024241
-0.002510 0.148001 0.031371
-0.004480 0.146330 0.034024
-0.047969 0.148925 0.032374
-0.052126 0.148004 0.031444
-0.055314 0.146541 0.030829
0.034883 0.171456 0.033449
-0.072983 0.147635 0.027379
0.017732 0.097883 0.030125
0.034207 0.088562 0.022989
-0.055734 0.061238 0.034398
0.077933 0.157875 0.001894
-0.055421 0.136384 0.034149
-0.013827 0.096789 0.028014
-0.015947 0.098437 0.031895
-0.020255 0.060067 0.053469
0.029040 0.108297 0.011888
-0.018121 0.097738 0.035900
-0.039380 0.095950 0.038757
0.047769 0.067828 0.027473
-0.080434 0.094590 0.019212
-0.069300 0.094478 0.019340
0.013643 0.189068 0.027813
0.086561 0.092917 -0.008117
-0.052143 0.062589 0.036644
-0.020463 0.054857 0.054791
0.076722 0.092369 0.011066
0.075450 0.091170 0.014345
-0.020749 0.098439 0.038032
0.041082 0.090828 0.011017
-0.014132 0.096350 0.030372
0.037041 0.092378 0.016230
0.008952 0.093828 0.029473
0.002959 0.093249 0.025736
-0.056474 0.057654 0.034924
0.008196 0.078001 0.021107
0.042346 0.192497 0.012770
0.016845 0.072079 0.022728
0.012696 0.092820 0.029945
0.017440 0.122671 0.026491
-0.019332 0.091912 0.039161
-0.032225 0.092974 0.040818
-0.038103 0.092256 0.037993
0.093664 0.176127 -0.015460
-0.020923 0.155414 0.032774
-0.073621 0.089652 0.019165
-0.076129 0.089531 0.019154
0.043218 0.089466 0.011944
0.066372 0.142941 0.009701
-0.052389 0.096695 0.023615
0.087144 0.087875 -0.008297
0.021112 0.073006 0.024767
0.037712 0.137741 0.020864
0.047479 0.088583 0.011534
0.021577 0.071046 0.023735
0.019382 0.059854 0.015351
-0.047296 0.112704 0.040927
0.037830 0.093293 0.011689
0.002504 0.097594 0.027385
0.021279 0.132217 0.014890
0.057867 0.086969 0.018702
-0.072210 0.136381 0.034062
0.053919 0.091079 0.009307
-0.068230 0.147395 0.026441
-0.018380 0.070871 0.051921
0.017082 0.089339 0.028931
0.079377 0.088170 0.006727
-0.026616 0.062418 0.056036
0.078112 0.088001 0.011717
-0.062929 0.087685 0.011482
-0.028000 0.064766 0.052481
-0.077911 0.106034 0.023413
0.076161 0.087956 0.015127
-0.081000 0.087724 0.016187
-0.006368 0.158306 0.023226
0.017593 0.092869 0.029555
0.052860 0.088792 0.011684
0.003024 0.088420 0.023575
0.028867 0.180028 0.019254
0.085719 0.150863 -0.011118
0.016128 0.065783 0.018153
0.066003 0.151931 0.009589
0.073586 0.088188 0.017605
0.047596 0.112852 0.012257
0.084312 0.098187 -0.002935
0.058664 0.086265 0.019651
0.037368 0.087661 0.021012
0.032085 0.082801 0.030163
0.055234 0.084810 0.018636
0.079068 0.142902 -0.002472
0.007717 0.147871 0.020856
0.076020 0.116755 -0.002658
0.032233 0.088002 0.025695
0.027990 0.077900 0.030640
0.017833 0.087044 0.028618
-0.058408 0.082095 0.009821
-0.007871 0.071045 0.023730
-0.011053 0.088024 0.031655
0.081197 0.159040 -0.000005
0.062760 0.082959 0.022908
0.033037 0.186427 0.017706
0.029515 0.124844 0.014172
-0.013442 0.087864 0.035429
-0.022327 0.073106 0.046168
0.050873 0.158804 0.024534
0.026047 0.121851 0.012340
-0.067356 0.092752 0.016442
-0.016177 0.087876 0.037873
0.071451 0.086954 0.019677
-0.027521 0.087822 0.040846
-0.032227 0.087941 0.041199
-0.062720 0.092407 0.013265
0.061960 0.093721 0.010315
0.053962 0.057431 0.027836
0.078160 0.107886 0.001827
0.080855 0.083149 0.004489
0.079148 0.082969 0.006009
0.025417 0.106315 0.024100
-0.059022 0.073948 0.012584
0.025747 0.083689 0.028457
0.032869 0.093128 0.021748
0.052450 0.086634 0.014690
0.004261 0.088678 0.024628
-0.065391 0.110815 0.028474
0.078464 0.112691 -0.002828
-0.062352 0.082855 0.010600
-0.027160 0.066662 0.050002
-0.080683 0.083699 0.014796
0.073764 0.149811 -0.008986
-0.014130 0.059232 0.025770
0.039479 0.191939 0.013668
0.071559 0.082931 0.019972
-0.062363 0.071781 0.020974
0.067723 0.082947 0.022020
0.090440 0.065649 0.018650
0.049888 0.174693 0.023741
0.041009 0.085852 0.019430
0.062249 0.089248 0.018111
-0.080490 0.078538 0.012355
0.071883 0.096217 0.010173
0.062057 0.080967 0.023844
-0.047033 0.059520 0.039280
0.080467 0.106585 -0.000546
0.076049 0.149313 -0.010673
0.043563 0.118993 0.014653
0.057826 0.082808 0.022048
-0.071306 0.059457 0.022806
-0.020633 0.070817 0.052228
0.054152 0.082024 0.020686
-0.068324 0.088403 0.015069
0.051612 0.083551 0.017000
-0.037228 0.089314 0.037622
-0.073463 0.068981 0.015757
0.037797 0.083075 0.022515
0.042829 0.129797 0.019065
0.035509 0.082030 0.023862
0.075492 0.150869 -0.010790
-0.072257 0.082929 0.016553
-0.076953 0.082833 0.017055
0.017698 0.082696 0.027503
-0.008581 0.067768 0.023486
0.063387 0.130754 0.003201
0.009535 0.080261 0.023876
0.056422 0.167616 0.020204
0.075039 0.152831 -0.027147
-0.070440 0.090995 0.018188
-0.047590 0.143066 0.037268
-0.010429 0.083393 0.032628
-0.067319 0.112962 0.029958
-0.012808 0.082834 0.035607
-0.024278 0.069996 0.048598
0.028649 0.090915 0.029391
-0.022320 0.082907 0.040042
-0.032086 0.083169 0.042667
0.027390 0.187129 0.021300
0.082188 0.166620 -0.004429
0.038075 0.078089 0.022813
-0.043991 0.144603 0.038496
-0.037123 0.082955 0.040976
0.080767 0.151103 -0.015459
-0.040697 0.081485 0.039160
-0.079705 0.079014 0.012741
0.086632 0.077431 -0.009485
0.039807 0.130390 0.019007
-0.087171 0.132922 0.030468
0.085850 0.078328 -0.004026
0.037745 0.128184 0.017267
-0.069072 0.083430 0.014422
0.080547 0.078809 0.004244
-0.032288 0.097986 0.041549
0.057987 0.141495 0.011824
0.078129 0.077804 0.005967
0.072328 0.112862 0.005533
-0.077305 0.097915 0.022076
-0.062500 0.077802 0.010949
0.045990 0.080984 0.019110
-0.028703 0.053893 0.027397
0.087925 0.067985 0.012764
0.087514 0.142598 -0.009459
0.085812 0.092376 -0.003488
0.102264 0.144647 -0.021744
0.067699 0.077908 0.021590
0.061761 0.078248 0.024089
-0.027296 0.072264 0.044805
-0.009472 0.082498 0.030306
0.045982 0.184563 0.011674
0.080623 0.092189 0.004310
0.046953 0.077795 0.019647
0.042604 0.077900 0.020941
0.035781 0.078046 0.023989
-0.041239 0.093824 0.036668
0.012072 0.076834 0.023092
0.085385 0.074691 -0.004176
-0.001126 0.119271 0.034141
0.050293 0.075270 0.023446
0.011202 0.137070 0.025603
0.024732 0.077853 0.029082
-0.018657 0.087724 0.039303
0.063148 0.057104 0.007220
0.021815 0.077909 0.026790
0.101088 0.143187 -0.018948
-0.008167 0.077884 0.026403
0.014051 0.069489 0.019696
0.100192 0.140254 -0.017324
-0.008777 0.082712 0.026986
-0.010327 0.078021 0.033207
-0.018312 0.103434 0.027860
0.051999 0.147995 0.020441
0.025863 0.112239 0.016075
0.027788 0.112859 0.011617
-0.063132 0.063380 0.027123
-0.010319 0.066427 0.027619
-0.040665 0.078005 0.039576
-0.043024 0.077322 0.037803
0.067580 0.163117 0.011304
-0.027282 0.097949 0.041242
-0.012747 0.077836 0.035576
0.042723 0.137741 0.020595
0.084838 0.071170 -0.008874
0.078392 0.093283 0.006163
-0.012598 0.076102 0.043471
0.072690 0.157788 0.006179
0.033610 0.149801 0.035022
-0.020174 0.060462 0.032021
-0.019292 0.101633 0.034525
-0.082967 0.147034 0.028295
-0.036026 0.093401 0.039508
0.051673 0.058421 0.029491
0.050645 0.114894 0.013906
0.078125 0.174048 -0.012026
0.067934 0.118287 0.007251
0.060871 0.074532 0.024033
0.082046 0.171435 -0.010475
-0.032380 0.155087 0.033156
0.034021 0.083035 0.025728
0.081766 0.151134 -0.016668
-0.040331 0.083197 0.038586
-0.068862 0.073853 0.014502
0.014925 0.124270 0.028610
0.084421 0.069541 -0.009240
-0.021618 0.108522 0.027842
0.086117 0.083136 -0.003796
-0.053528 0.118515 0.038060
0.074297 0.070332 0.006825
0.018481 0.073887 0.024553
-0.059060 0.057979 0.032914
0.084046 0.102597 -0.006655
0.009114 0.074775 0.019592
-0.046636 0.103033 0.037937
0.024914 0.118499 0.013438
-0.032221 0.074466 0.041307
-0.040385 0.074032 0.039126
0.042893 0.188060 0.012828
0.092737 0.062874 0.010304
-0.050843 0.066150 0.034582
-0.062326 0.057662 0.030466
0.079168 0.069628 0.002774
0.087459 0.169006 -0.007221
0.065566 0.060157 0.020726
0.037705 0.071974 0.031542
0.034670 0.094622 0.017301
0.077202 0.073231 0.005442
0.057681 0.143442 0.015714
0.017798 0.063284 0.017394
0.092894 0.156066 -0.025518
-0.070941 0.067010 0.019345
0.007917 0.097986 0.030559
0.036078 0.162313 0.034539
-0.061128 0.062200 0.029608
-0.011866 0.068094 0.031499
-0.031339 0.064157 0.051409
-0.039019 0.062995 0.041598
-0.010174 0.059140 0.000174
0.023906 0.175729 0.001362
0.047452 0.062926 0.030406
-0.057558 0.063249 0.031420
0.083543 0.068975 0.013254
0.007716 0.103045 0.031850
-0.042822 0.072808 0.037815
-0.023052 0.097514 0.039818
-0.051090 0.109128 0.037067
0.067794 0.087750 0.020534
0.021163 0.059218 0.015906
-0.022387 0.087907 0.040296
0.068226 0.054717 -0.002852
0.019127 0.184998 0.024765
0.035848 0.091332 0.019797
-0.043016 0.059978 0.039162
-0.082275 0.138202 0.032267
0.038830 0.093851 0.007616
0.056618 0.089007 0.012054
0.028659 0.064233 0.030492
0.006836 0.081945 0.022786
0.068995 0.072061 0.018074
-0.085768 0.143164 0.029602
0.087458 0.084046 -0.009235
-0.066975 0.071360 0.020454
0.034145 0.074378 0.026770
-0.007854 0.058316 -0.000286
0.070274 0.054908 -0.004518
0.058873 0.069239 0.023305
0.030833 0.092270 0.024461
0.034826 0.085200 0.023660
0.069691 0.062059 0.018187
-0.012885 0.063896 0.049844
0.062762 0.097926 0.009611
-0.012714 0.092930 0.031465
0.062914 0.087091 0.020553
0.075349 0.115932 -0.000405
0.068531 0.056649 0.002905
0.020570 0.089533 0.028856
0.019940 0.125020 0.018213
0.041089 0.057853 0.033999
-0.063834 0.059848 0.028339
-0.029563 0.056536 0.029589
0.070863 0.078570 0.019587
-0.009385 0.065016 0.023604
0.011929 0.127734 0.030129
-0.067543 0.068102 0.021312
0.073598 0.164420 0.002526
-0.020160 0.058693 0.031186
0.052034 0.054566 0.027364
0.042703 0.054155 0.032460
-0.047847 0.068413 0.035532
0.090582 0.164884 -0.005277
-0.040949 0.145694 0.039053
-0.016106 0.056255 0.023035
0.086011 0.087681 -0.003193
-0.071044 0.117849 0.030921
0.055954 0.097333 0.008523
0.008119 0.123050 0.032935
0.099136 0.148879 -0.022135
0.073714 0.139511 0.003001
0.027739 0.093182 0.026303
0.073061 0.077751 0.016728
-0.026556 0.058034 0.055187
0.052645 0.122886 0.015256
-0.069692 0.060419 0.023661
0.021216 0.061305 0.017692
0.013028 0.078916 0.024753
0.039806 0.097551 0.003704
-0.061563 0.068961 0.022810
-0.052292 0.067983 0.032381
-0.016773 0.078351 0.038019
0.048171 0.089849 0.008676
0.022519 0.082840 0.027717
-0.008890 0.061773 -0.000703
0.013481 0.173408 0.008177
0.028936 0.087914 0.030005
0.044494 0.084390 0.018448
-0.019159 0.079630 0.039038
0.061853 0.063019 0.024729
0.012507 0.102954 0.031614
0.027962 0.102962 0.021385
0.034387 0.056815 0.033279
-0.068143 0.064118 0.022774
0.006968 0.092169 0.027718
-0.051514 0.141720 0.034846
-0.066215 0.054951 0.028353
0.019312 0.113161 0.028289
0.042479 0.087504 0.016498
0.042484 0.073355 0.021485
-0.010989 0.063620 0.048498
0.048626 0.137533 0.018020
0.016223 0.127211 0.025533
0.059626 0.056878 0.023648
0.062597 0.059277 0.022767
0.014978 0.064779 0.016818
0.050560 0.055010 0.028991
-0.027338 0.137693 0.040763
0.059513 0.056101 0.007299
0.057417 0.058156 0.025921
0.068291 0.113169 0.007973
-0.016700 0.055393 0.022898
-0.062904 0.133117 0.031875
-0.006323 0.059259 -0.001400
0.032356 0.072881 0.030763
-0.027993 0.074816 0.041782
-0.004994 0.155224 0.023715
-0.021653 0.063319 0.052199
-0.031233 0.054182 0.027674
0.062290 0.055064 0.005910
-0.059422 0.071537 0.015870
0.048401 0.108850 0.010157
-0.009135 0.077925 0.030594
0.002307 0.156158 0.020982
-0.042423 0.062612 0.041211
0.057498 0.073296 0.024870
0.083103 0.069551 -0.002820
0.051629 0.061881 0.029272
-0.051190 0.117584 0.039664
-0.075976 0.077680 0.016980
-0.027317 0.078172 0.041262
-0.019001 0.054811 0.054315
-0.058591 0.054232 0.033285
-0.080230 0.096819 0.020138
0.094500 0.059062 0.009626
-0.037299 0.122760 0.042670
0.084784 0.077845 -0.002002
0.071987 0.072770 0.016057
-0.018778 0.082759 0.039222
-0.054153 0.064754 0.032715
-0.009665 0.069725 0.029003
-0.056475 0.128277 0.034938
0.042931 0.148104 0.027684
0.082690 0.093057 0.001418
0.049053 0.079403 0.018693
0.090949 0.062403 0.019402
-0.031047 0.057291 0.030220
0.091242 0.059364 0.019237
0.054496 0.147796 0.018329
0.025287 0.110846 0.019372
-0.072045 0.073143 0.016342
-0.017009 0.154875 0.032443
-0.013404 0.058929 0.022849
-0.001132 0.108991 0.029764
-0.071447 0.123167 0.032603
0.047569 0.142901 0.021765
-0.016861 0.093028 0.036877
0.029426 0.103606 0.016956
-0.050972 0.054280 0.033803
0.081322 0.069567 0.000262
-0.014118 0.075870 0.044098
0.004486 0.098996 0.029386
0.009236 0.195632 0.029176
-0.023632 0.107413 0.035582
0.065629 0.147885 0.009208
0.072373 0.092284 0.015982
-0.070797 0.113221 0.029545
0.040822 0.196081 0.013079
0.052720 0.072740 0.025516
0.013097 0.137933 0.021068
0.082350 0.162079 0.000200
-0.077201 0.087420 0.018068
-0.007296 0.133270 0.036776
-0.040387 0.066783 0.043855
0.043464 0.057748 0.033362
0.066939 0.073283 0.020149
0.036916 0.062039 0.034104
0.000483 0.093103 0.023691
0.042714 0.132958 0.019581
0.047369 0.086567 0.014942
0.026200 0.087887 0.027761
0.052563 0.128078 0.015880
0.076632 0.112369 0.000987
0.024545 0.073985 0.029275
0.072702 0.107931 0.006305
0.042564 0.062988 0.032172
-0.019155 0.056939 0.054743
-0.072139 0.133171 0.034739
-0.045776 0.066694 0.039957
0.042752 0.127291 0.018156
-0.042270 0.147761 0.037122
0.038446 0.114759 0.009419
-0.032152 0.078141 0.042126
-0.056198 0.066636 0.030026
0.032169 0.078007 0.030173
-0.007840 0.062286 -0.001631
0.076893 0.069975 0.004922
0.083414 0.087891 0.001430
0.012501 0.087070 0.028135
-0.014141 0.073690 0.044158
-0.032373 0.117694 0.040546
0.058343 0.098203 0.009169
-0.023732 0.124725 0.030167
0.097405 0.147535 -0.018720
-0.018428 0.102588 0.031221
0.071571 0.139713 0.004999
-0.082207 0.082167 0.012104
-0.042296 0.067258 0.042289
0.093146 0.058744 0.018047
0.013643 0.143148 0.018241
0.081954 0.098060 0.001083
-0.037335 0.137700 0.041970
0.042335 0.162584 0.030090
-0.067266 0.058160 0.026917
0.067808 0.092466 0.016668
0.020913 0.063900 0.019395
0.044169 0.068793 0.027252
-0.022568 0.161781 0.026945
0.073758 0.072763 0.007597
0.038198 0.054273 0.032387
-0.016950 0.057269 0.026708
0.097236 0.139159 -0.014451
0.068496 0.151388 0.007272
-0.021098 0.076166 0.046466
0.047622 0.057970 0.031431
0.053214 0.063488 0.028223
0.074639 0.156290 0.003542
-0.075331 0.100310 0.023907
-0.023391 0.062062 0.055416
-0.045275 0.075586 0.035818
0.062951 0.072839 0.022400
0.058051 0.077842 0.024432
-0.066357 0.074252 0.013448
-0.082288 0.143145 0.030465
0.090792 0.066697 0.011583
0.077629 0.067259 0.020471
0.053855 0.076653 0.024374
0.087721 0.059491 0.020961
0.072980 0.098276 0.007820
-0.048984 0.064243 0.038467
-0.048875 0.139280 0.038279
0.068762 0.139712 0.007779
0.092290 0.147481 -0.014542
0.079534 0.072090 0.003174
-0.070196 0.058002 0.024338
-0.075284 0.069829 0.015632
0.020494 0.106777 0.028975
0.057793 0.092684 0.009898
-0.009198 0.161073 0.023940
-0.064882 0.054578 0.029403
0.025075 0.142013 0.018435
0.064172 0.062629 0.023148
0.057739 0.157890 0.016421
-0.011792 0.063192 0.026697
0.046448 0.107012 0.007798
0.061402 0.127440 0.009933
-0.036524 0.086892 0.040310
0.034001 0.059195 0.034263
0.089754 0.139485 -0.011404
0.058684 0.054475 0.006689
-0.046506 0.108004 0.040060
0.024315 0.123744 0.013354
0.094583 0.169685 -0.011326
-0.054466 0.101697 0.025354
0.070543 0.058113 0.002311
0.077829 0.063686 0.020548
-0.005949 0.114346 0.029391
0.055832 0.123967 0.014155
0.068537 0.061060 0.006883
0.023073 0.092604 0.028183
0.017662 0.127924 0.021259
-0.009443 0.086852 0.026551
0.070916 0.055644 -0.004389
-0.072358 0.143138 0.030762
0.039336 0.089323 0.017498
0.023249 0.126978 0.013566
-0.037274 0.132689 0.042328
0.057299 0.067446 0.024990
0.007598 0.087973 0.026290
0.064104 0.077903 0.023394
0.047789 0.054199 0.030529
0.030165 0.090616 0.028987
0.081936 0.068394 0.014299
-0.031441 0.066258 0.049876
0.058007 0.122641 0.012896
0.081235 0.107645 -0.004048
0.042067 0.116870 0.012313
-0.017329 0.067917 0.052181
0.038089 0.133249 0.019682
0.016967 0.112741 0.029909
0.031218 0.087209 0.029871
-0.052972 0.143817 0.032565
0.034219 0.077853 0.026004
0.094063 0.152185 -0.019093
0.087946 0.063059 0.021786
0.029890 0.105006 0.012319
0.040608 0.150155 0.029739
0.084748 0.093640 -0.001896
0.092255 0.062347 0.018095
0.072687 0.102898 0.007122
0.004466 0.144828 0.027701
0.009401 0.193499 0.029267
-0.022377 0.092906 0.040155
0.068899 0.178538 -0.001820
0.019362 0.064518 0.019252
0.047767 0.083260 0.017755
-0.059215 0.065764 0.028120
-0.023186 0.111803 0.027987
0.102022 0.158345 -0.032360
0.080979 0.139834 -0.005620
0.067143 0.122725 0.006275
-0.025039 0.125916 0.033220
-0.050427 0.071118 0.032935
-0.027836 0.069051 0.047921
-0.058522 0.078036 0.010435
-0.022387 0.147443 0.039693
0.054839 0.134926 0.013653
0.066060 0.054973 0.003163
-0.009586 0.065078 0.024307
-0.069252 0.077735 0.014522
0.033470 0.067093 0.034283
0.074758 0.076346 0.013061
-0.072861 0.146041 0.029062
0.020423 0.190520 0.024211
-0.014080 0.069853 0.042853
-0.053633 0.128057 0.037931
-0.066700 0.082731 0.012346
0.073038 0.073726 0.011202
0.037609 0.067974 0.032225
0.075492 0.079505 0.014424
-0.015367 0.068317 0.035199
0.020860 0.068126 0.022198
0.049643 0.065109 0.028710
0.025014 0.138006 0.018327
0.037847 0.058394 0.034326
-0.062694 0.066916 0.024285
0.069520 0.099322 0.008679
0.008855 0.073027 0.017762
0.023592 0.118056 0.016082
0.010726 0.071274 0.018026
-0.049940 0.135482 0.038992
0.027949 0.068355 0.030728
-0.000235 0.094921 0.023971
0.032839 0.069000 0.032903
0.026194 0.175729 0.000747
-0.037428 0.065083 0.045782
0.060494 0.144215 0.014067
0.042259 0.067874 0.030231
-0.005794 0.056773 -0.010325
-0.042265 0.142439 0.040120
0.045759 0.065841 0.029004
0.095460 0.059076 0.008647
0.029908 0.179473 0.018774
0.017782 0.068211 0.020880
-0.029251 0.128463 0.039297
0.069978 0.124415 -0.001658
0.061453 0.066267 0.024411
-0.066111 0.087404 0.012924
0.008402 0.083800 0.024949
0.081776 0.073000 0.000974
0.089938 0.066370 0.018790
0.072449 0.067516 0.019815
0.042950 0.097935 0.003251
-0.064920 0.066462 0.023938
-0.027018 0.159646 0.028159
0.068766 0.143434 0.007751
-0.014202 0.068639 0.034342
-0.008337 0.062931 -0.011587
0.072281 0.062837 0.018336
-0.017971 0.059092 0.030089
-0.052864 0.054511 0.034693
0.073269 0.069916 0.017710
0.047852 0.162790 0.026726
0.042100 0.096349 0.004287
-0.081133 0.092053 0.017526
-0.049502 0.055088 0.034928
0.086526 0.159215 -0.010103
-0.060443 0.071926 0.016118
0.067689 0.067909 0.020851
0.017781 0.077899 0.025951
0.064302 0.129284 0.003298
-0.032604 0.068547 0.047542
0.082284 0.067016 0.020491
0.076453 0.159460 0.004702
-0.057373 0.138269 0.032758
0.081675 0.142793 -0.004902
0.019264 0.123599 0.021679
0.022704 0.087631 0.028104
0.032990 0.166549 0.035809
0.091129 0.151042 -0.014892
-0.053135 0.098893 0.025000
-0.037176 0.097977 0.040651
0.060704 0.059327 0.024310
0.013467 0.068039 0.018146
0.072516 0.064330 0.019448
-0.032211 0.112804 0.040987
0.012861 0.132946 0.026599
0.036197 0.131615 0.018425
-0.077498 0.127922 0.031406
0.065695 0.089864 0.018772
0.062354 0.122633 0.010424
-0.044204 0.069769 0.036953
0.028260 0.082640 0.030224
0.033453 0.151494 0.035000
-0.021920 0.058130 0.055840
-0.047751 0.053749 0.020445
0.038490 0.073950 0.022843
0.031756 0.102960 0.010635
0.083315 0.147080 -0.008288
-0.037637 0.074155 0.040191
0.052387 0.092981 0.007551
0.084914 0.081145 -0.001507
0.035985 0.074090 0.024693
0.033746 0.102398 0.008092
0.044494 0.162983 0.028564
-0.065260 0.057135 0.029055
-0.042324 0.137682 0.041588
0.080933 0.149103 -0.014615
-0.036061 0.071699 0.045702
-0.067870 0.098351 0.020827
-0.032474 0.071994 0.045239
0.076034 0.083397 0.015400
-0.017146 0.072925 0.046210
0.083355 0.082784 0.001557
0.060686 0.152879 0.014275
0.065735 0.113089 0.009100
-0.042885 0.059023 0.037724
0.021563 0.187595 0.024636
0.012669 0.162213 0.008512
0.083693 0.059709 0.021816
0.046912 0.074076 0.021850
-0.011951 0.072494 0.042698
-0.032328 0.147197 0.039767
-0.053136 0.133297 0.037298
0.038316 0.193995 0.014178
-0.075725 0.073297 0.016243
0.073956 0.082446 0.017795
-0.079179 0.090807 0.018491
0.077606 0.069570 0.015625
0.073514 0.094525 0.012316
-0.046830 0.062479 0.040080
-0.038611 0.160429 0.029386
0.020747 0.093177 0.029039
0.019173 0.128417 0.017399
-0.009309 0.072879 0.041021
0.012568 0.118000 0.031588
0.005631 0.095592 0.028462
-0.009704 0.085872 0.029280
0.027925 0.073048 0.030734
0.013161 0.073248 0.021429
-0.052098 0.138062 0.036331
0.026031 0.174979 0.000997
0.049854 0.151237 0.023721
-0.037220 0.068053 0.046146
0.044255 0.184719 0.012913
0.082589 0.077706 0.001380
0.055770 0.160283 0.020741
-0.012144 0.065048 0.030037
0.064062 0.091096 0.017071
0.039115 0.112015 0.008360
-0.014966 0.060880 0.028813
0.059465 0.071263 0.023508
-0.010172 0.088742 0.027545
0.042431 0.082681 0.020178
-0.017254 0.076715 0.046046
-0.052161 0.057935 0.037059
0.052677 0.067789 0.026340
-0.047650 0.057263 0.037021
0.033553 0.062898 0.034639
0.037077 0.055978 0.033467
-0.015031 0.070633 0.043773
-0.061849 0.106423 0.022839
0.068636 0.174172 0.007635
0.029500 0.164119 0.037694
-0.012184 0.128895 0.035203
-0.072111 0.097496 0.022746
0.042792 0.123130 0.016496
-0.065852 0.134084 0.033541
-0.066077 0.096618 0.017877
-0.036857 0.146657 0.039756
-0.000646 0.098618 0.025504
-0.040884 0.099003 0.039530
0.031185 0.097460 0.020641
-0.017564 0.127253 0.032285
0.012523 0.108055 0.031955
-0.071475 0.062993 0.020723
0.032898 0.097784 0.016482
0.042668 0.113348 0.010216
0.016172 0.117533 0.029659
-0.022447 0.142684 0.040184
0.068551 0.095269 0.013331
-0.045475 0.098747 0.036361
0.033915 0.098446 0.011138
0.035560 0.096383 0.010125
0.037369 0.097413 0.006731
0.047788 0.097764 0.004377
-0.032231 0.102893 0.041876
0.070282 0.171635 0.009022
0.077236 0.097602 0.005592
0.072537 0.172810 0.006382
0.079686 0.098420 0.003384
-0.062953 0.137468 0.031099
0.085494 0.096109 -0.003955
0.063649 0.127999 0.007084
0.074124 0.143251 0.002812
-0.015413 0.099013 0.028199
0.027675 0.107791 0.016508
0.085528 0.097980 -0.007502
0.045819 0.098137 0.003723
-0.072413 0.100040 0.024179
0.071599 0.151131 0.003242
-0.002081 0.113194 0.031244
-0.044167 0.100793 0.038628
-0.042184 0.102879 0.040301
-0.037284 0.102997 0.041790
0.058184 0.128087 0.012378
-0.027283 0.102867 0.040551
0.099594 0.140024 -0.016601
-0.022035 0.103063 0.036722
-0.052934 0.113284 0.036647
-0.064017 0.100002 0.019155
0.074412 0.119118 -0.001834
0.075718 0.062101 0.018658
0.084190 0.072905 -0.002695
-0.082102 0.128597 0.030349
0.087266 0.151665 -0.011895
-0.055460 0.100375 0.024896
-0.066917 0.122380 0.033371
-0.001470 0.103109 0.026695
0.023331 0.102854 0.027317
0.039693 0.109819 0.007457
-0.020393 0.104768 0.032712
0.052559 0.078466 0.022504
-0.050635 0.113529 0.039264
0.059909 0.156219 0.013032
0.034665 0.099805 0.008640
0.084925 0.099150 -0.006409
-0.006226 0.149727 0.032789
-0.078050 0.102630 0.022851
-0.075923 0.103505 0.024389
-0.072203 0.102880 0.025331
-0.067922 0.103613 0.024982
-0.014071 0.092228 0.034572
0.043483 0.070846 0.025559
-0.062884 0.103261 0.020714
0.052809 0.097817 0.007200
-0.082377 0.133058 0.031795
0.041150 0.071352 0.029930
-0.061712 0.100918 0.018430
0.067193 0.058535 0.005647
-0.055517 0.103159 0.026345
0.030852 0.101755 0.015684
0.015736 0.121325 0.029184
0.014047 0.159947 0.008251
-0.042847 0.097289 0.037177
0.035459 0.100931 0.007252
-0.063858 0.093246 0.014670
0.043361 0.100709 0.003513
0.005016 0.083688 0.022439
-0.016766 0.069858 0.045423
0.047493 0.102669 0.005943
0.012808 0.082856 0.026503
0.052162 0.101975 0.008055
-0.027190 0.161792 0.027479
0.057659 0.103029 0.009722
0.011035 0.131897 0.029715
0.062633 0.103088 0.009705
0.002740 0.113150 0.033287
-0.013220 0.066701 0.050393
0.066513 0.102689 0.009174
0.068836 0.103314 0.008424
0.058802 0.171993 0.017684
-0.017557 0.142731 0.039366
0.017561 0.107795 0.030205
0.076654 0.102555 0.004873
0.070811 0.167767 0.005864
0.079067 0.103009 0.002703
0.081218 0.102908 0.000272
0.083028 0.102841 -0.003535
-0.045529 0.104601 0.038965
0.082725 0.063226 0.022108
0.053360 0.104155 0.009501
-0.048826 0.106851 0.038021
0.066025 0.108095 0.009187
0.022142 0.122859 0.015839
-0.032328 0.122665 0.040634
-0.037165 0.107878 0.042371
0.033377 0.174039 0.035949
-0.032194 0.107898 0.041628
-0.022604 0.078895 0.039774
-0.028176 0.107416 0.039959
0.086102 0.074138 -0.010378
-0.002672 0.117649 0.033085
0.073151 0.167852 0.001818
-0.076227 0.107752 0.025105
-0.067235 0.107658 0.027290
-0.064831 0.105357 0.024118
0.067377 0.063335 0.021152
-0.057158 0.107824 0.027562
-0.046930 0.137422 0.040207
-0.021984 0.107994 0.031556
-0.056227 0.054445 0.034322
0.084155 0.142946 -0.007047
-0.077102 0.092950 0.020196
-0.019700 0.105597 0.028075
-0.002899 0.107441 0.027648
0.007642 0.108023 0.032779
0.079683 0.109735 -0.002663
-0.072083 0.077975 0.016744
0.026189 0.107657 0.020933
0.049972 0.105161 0.008849
0.003349 0.103226 0.030461
-0.042270 0.107963 0.041732
0.030642 0.107680 0.009578
0.000967 0.101605 0.027908
0.031785 0.106454 0.008528
0.076168 0.139668 0.000559
0.042774 0.108145 0.006816
0.013455 0.089328 0.029114
0.081022 0.088109 0.004692
0.067421 0.097820 0.009544
0.052773 0.107881 0.011048
-0.027253 0.083131 0.041591
0.057848 0.108052 0.011031
0.036138 0.175844 0.034703
0.062572 0.108210 0.010069
0.047427 0.092937 0.005381
0.075867 0.107062 0.004429
0.082823 0.106137 -0.006554
-0.016742 0.124622 0.029761
-0.037364 0.112869 0.042473
0.052571 0.133187 0.015725
0.056350 0.137733 0.010730
-0.029314 0.111910 0.039353
0.026646 0.156848 0.019706
0.057778 0.137767 0.007209
-0.027210 0.113027 0.036518
-0.005487 0.109843 0.027133
0.019860 0.109929 0.028644
0.042611 0.092928 0.005799
-0.034377 0.064290 0.048165
-0.075480 0.112270 0.026201
-0.037143 0.078096 0.041216
0.049188 0.141319 0.017967
-0.073050 0.112265 0.027896
0.076200 0.078590 0.011895
-0.015432 0.069563 0.043562
-0.062322 0.111956 0.027595
-0.058693 0.111612 0.028316
-0.045660 0.141461 0.039247
-0.024803 0.111314 0.034191
0.087808 0.066445 0.020741
-0.053743 0.123080 0.038192
-0.023995 0.112204 0.031324
-0.050923 0.122537 0.040298
-0.005814 0.111766 0.027873
0.070629 0.150867 0.004868
-0.004157 0.111176 0.028539
0.007639 0.113048 0.033320
0.043867 0.103283 0.004686
0.012671 0.112973 0.031937
-0.056539 0.142824 0.031476
0.085910 0.159696 -0.005109
-0.062447 0.073835 0.012974
-0.058419 0.113385 0.029176
0.023338 0.097896 0.027902
0.015370 0.130590 0.024044
-0.025940 0.108488 0.037429
0.057583 0.112840 0.012141
-0.063195 0.114147 0.029391
0.053959 0.167472 0.022813
-0.042411 0.112880 0.042520
0.002838 0.108061 0.031847
0.030231 0.111767 0.009739
0.041663 0.111253 0.008337
0.077675 0.082767 0.011898
0.018586 0.117991 0.027033
0.036351 0.173758 0.034566
0.062698 0.113013 0.010355
0.069572 0.168530 0.007703
-0.012290 0.132918 0.036985
-0.025368 0.114471 0.032350
0.024664 0.114252 0.017319
0.074591 0.114000 0.003046
0.042667 0.142905 0.021801
0.062894 0.068479 0.022280
-0.046836 0.072291 0.035596
0.080344 0.110995 -0.005163
0.026810 0.117560 0.011900
-0.047210 0.117833 0.041812
-0.032321 0.132644 0.041387
-0.029982 0.117592 0.038543
-0.028183 0.118048 0.036386
0.096904 0.142443 -0.015186
0.067254 0.167833 0.010970
-0.024866 0.114945 0.028687
-0.073699 0.116152 0.027794
0.002741 0.128105 0.034715
-0.067171 0.117996 0.031949
-0.024064 0.101547 0.039298
-0.062552 0.117917 0.030633
-0.058953 0.117795 0.030535
-0.042368 0.117813 0.042906
0.034372 0.119035 0.011023
-0.067100 0.144043 0.027743
-0.026135 0.117886 0.031455
-0.025602 0.118193 0.028398
-0.021869 0.067551 0.052333
-0.008082 0.115665 0.028765
-0.007236 0.118047 0.030515
0.001581 0.116024 0.033717
0.002781 0.118328 0.034136
-0.010190 0.061361 0.000008
0.007956 0.117894 0.033281
0.002260 0.132968 0.034581
-0.032297 0.142715 0.041196
0.020816 0.116732 0.024922
-0.068244 0.142635 0.030068
0.049204 0.114895 0.013911
0.021757 0.118106 0.021229
-0.017679 0.063713 0.050349
0.045772 0.115847 0.013614
-0.063085 0.097782 0.017219
0.047858 0.118017 0.014915
-0.039655 0.061066 0.038756
0.015713 0.141580 0.017126
0.023695 0.188128 0.023120
-0.012026 0.074632 0.034512
0.048263 0.071862 0.025302
-0.066359 0.102064 0.022451
0.052433 0.118239 0.014483
0.016158 0.159689 0.007702
0.053829 0.116152 0.013656
-0.027356 0.092967 0.041196
0.057771 0.117735 0.012667
-0.006161 0.054931 -0.010005
0.062696 0.117782 0.010452
-0.056167 0.118561 0.034212
0.024612 0.147397 0.019045
0.005730 0.119085 0.033987
-0.064836 0.128820 0.033830
0.037560 0.117927 0.011081
0.071069 0.117454 0.004839
0.073136 0.118083 0.001629
-0.047160 0.122731 0.042047
0.017637 0.102878 0.030412
-0.077710 0.124652 0.030079
-0.030002 0.122567 0.038510
0.017208 0.171613 0.007502
-0.062508 0.122950 0.031943
-0.058811 0.123278 0.032153
-0.027882 0.123296 0.036267
-0.069399 0.136017 0.033922
0.056088 0.140954 0.007896
-0.025805 0.122606 0.031626
-0.025360 0.121810 0.028424
-0.012027 0.123276 0.031232
0.034019 0.158508 0.031731
-0.007929 0.122175 0.032553
0.012703 0.097945 0.030980
-0.002333 0.123210 0.034760
0.002674 0.123077 0.034521
-0.011552 0.092656 0.027480
0.012646 0.122926 0.030741
-0.057190 0.123079 0.034100
-0.029817 0.149808 0.038810
0.020569 0.121810 0.020108
0.051840 0.176939 0.022563
-0.042343 0.122773 0.042956
0.032912 0.122899 0.012881
0.036658 0.121803 0.012748
0.014889 0.139288 0.018555
-0.073856 0.127109 0.032664
0.056596 0.180955 0.005502
-0.006599 0.124290 0.034416
0.077815 0.151234 -0.013053
0.038245 0.123785 0.014883
0.070984 0.121890 0.000797
0.071637 0.122423 -0.002107
-0.022470 0.124130 0.027781
0.078833 0.177224 -0.014200
0.064743 0.123860 0.008445
0.062309 0.163045 0.015434
0.069006 0.123923 0.001954
-0.026895 0.127840 0.036695
-0.067608 0.124584 0.034103
-0.027340 0.152605 0.036831
-0.047179 0.127728 0.042004
0.098804 0.174418 -0.016425
-0.080377 0.124812 0.029974
-0.041949 0.157312 0.029766
-0.066799 0.078085 0.012783
-0.070250 0.124869 0.033969
-0.018794 0.124251 0.028177
-0.050786 0.127424 0.040481
-0.017140 0.061254 0.030938
-0.042329 0.127823 0.042806
0.057678 0.062811 0.026686
-0.037254 0.127700 0.042604
-0.032260 0.127633 0.040898
0.095484 0.167307 -0.011006
0.008898 0.143526 0.022183
-0.071586 0.128707 0.034594
-0.067337 0.128130 0.034550
-0.064921 0.127662 0.033674
-0.017299 0.158680 0.027006
-0.062647 0.128064 0.032216
-0.009104 0.068222 0.026062
-0.058778 0.128143 0.032841
-0.022355 0.126989 0.032101
-0.002275 0.128239 0.035617
0.024466 0.157326 0.019648
0.005654 0.126126 0.033935
0.007862 0.128179 0.032604
0.014295 0.128408 0.027558
0.053327 0.179512 0.024855
0.033060 0.125078 0.013963
0.038495 0.063904 0.033191
0.021632 0.128053 0.015260
0.021075 0.097516 0.029172
0.016013 0.132218 0.020733
0.047645 0.123061 0.016571
0.029015 0.128464 0.015334
0.052751 0.112691 0.012945
0.032509 0.128012 0.015243
0.029704 0.095270 0.023817
0.032682 0.125801 0.013797
0.016050 0.160959 0.007821
0.047621 0.128221 0.017753
-0.006103 0.059172 -0.011539
0.055668 0.127663 0.014189
0.065862 0.176279 0.009679
0.076192 0.161205 0.004704
-0.062330 0.054668 0.031144
0.065805 0.126176 0.005351
-0.022924 0.129466 0.034885
0.066696 0.127064 0.001935
0.055759 0.094693 0.008486
-0.086971 0.129155 0.029857
-0.017307 0.129819 0.034835
0.004969 0.129535 0.033728
0.082673 0.178035 -0.013960
-0.050811 0.132123 0.039723
-0.047382 0.132687 0.041234
-0.042350 0.132747 0.042387
-0.027875 0.133043 0.039843
-0.010582 0.074540 0.033011
-0.026202 0.131491 0.038332
0.096841 0.168344 -0.012226
0.007073 0.142700 0.026212
-0.075649 0.133788 0.034175
-0.067762 0.132823 0.034331
-0.008367 0.072574 0.026547
-0.058177 0.133105 0.033013
-0.022274 0.132784 0.037616
-0.017298 0.132899 0.037061
0.056267 0.079726 0.023505
-0.002225 0.133215 0.035919
-0.087340 0.137853 0.030823
0.004442 0.133967 0.033433
0.007718 0.133111 0.031748
0.014435 0.133726 0.022442
0.005657 0.123074 0.033944
0.018425 0.133282 0.017027
0.015319 0.135486 0.019093
0.020943 0.102610 0.029150
0.028092 0.133094 0.016965
0.045918 0.133545 0.019058
-0.072369 0.138880 0.033003
0.048288 0.132823 0.018018
0.055386 0.131658 0.014139
0.057558 0.133000 0.011479
0.060523 0.130916 0.009181
0.061530 0.131953 0.006194
-0.009289 0.074034 0.030474
-0.055320 0.134141 0.035060
0.032411 0.132827 0.017290
-0.024012 0.134483 0.039110
0.067136 0.172275 0.010427
-0.013020 0.126407 0.033064
0.059585 0.134284 0.007279
-0.090752 0.135161 0.030169
-0.032361 0.137723 0.041624
-0.020522 0.135944 0.038581
-0.017023 0.136747 0.038396
-0.012428 0.137629 0.037966
0.083753 0.181831 -0.016813
-0.007294 0.138004 0.037124
0.034677 0.134760 0.019124
0.087268 0.139383 -0.009749
0.068570 0.108112 0.008147
-0.091134 0.137435 0.030047
-0.077525 0.138403 0.033019
0.096490 0.152487 -0.024190
0.009138 0.138893 0.027149
-0.027218 0.147643 0.039989
-0.016211 0.082901 0.038134
-0.075884 0.136327 0.033980
-0.067304 0.138230 0.032243
-0.066689 0.062160 0.025328
-0.002289 0.138283 0.035626
-0.010496 0.119468 0.029654
0.001271 0.137327 0.034354
0.003369 0.138591 0.032842
0.097446 0.154591 -0.027366
-0.007355 0.128215 0.035682
0.007088 0.137702 0.030469
0.017059 0.137559 0.016951
0.022725 0.107770 0.026521
0.027675 0.137264 0.018170
0.025914 0.102645 0.024987
-0.022473 0.137757 0.039623
0.031121 0.136524 0.018371
-0.059427 0.069215 0.020374
0.033237 0.138103 0.019919
0.046249 0.137944 0.019428
0.026866 0.097711 0.025642
0.052107 0.137925 0.015572
0.029168 0.098598 0.022722
0.054535 0.138501 0.012999
-0.017851 0.139036 0.039007
0.092780 0.139442 -0.013084
-0.054228 0.139964 0.033675
0.024617 0.109440 0.022970
0.027883 0.139627 0.018937
0.066307 0.139638 0.009729
-0.037312 0.142724 0.041070
-0.027467 0.142633 0.040836
0.073074 0.176278 0.001814
0.060038 0.175012 0.013599
-0.015122 0.142240 0.038712
-0.037349 0.117796 0.042574
0.064161 0.140068 0.010752
0.027709 0.147250 0.019354
-0.012284 0.142645 0.038223
-0.007355 0.142882 0.036697
0.083594 0.139437 -0.007524
-0.077347 0.143120 0.030931
0.055738 0.178543 0.024170
-0.002905 0.142790 0.034883
0.002511 0.142997 0.031327
0.005667 0.141357 0.029354
0.065503 0.116726 0.009084
0.011484 0.142189 0.020030
0.021554 0.112552 0.026034
0.025921 0.143135 0.018648
0.023705 0.113165 0.021506
0.028339 0.142704 0.019228
-0.059595 0.070674 0.019323
0.032542 0.142804 0.020518
0.037651 0.142776 0.021573
-0.072033 0.087616 0.017539
0.052695 0.142445 0.016731
-0.063021 0.108419 0.025441
0.078492 0.139921 -0.002538
-0.001016 0.144332 0.033162
0.068052 0.147928 0.007331
0.054572 0.141085 0.012070
0.062788 0.142907 0.012050
0.071664 0.142939 0.005321
0.076660 0.142837 0.000434
0.092585 0.143027 -0.013151
0.000670 0.150896 0.024594
0.098780 0.143621 -0.017050
0.051358 0.144220 0.020368
-0.087585 0.144798 0.028446
0.089630 0.144293 -0.011482
-0.046265 0.146890 0.035199
-0.072362 0.093069 0.020340
-0.018506 0.146405 0.039143
-0.078117 0.132811 0.032977
-0.016827 0.148183 0.038207
-0.012200 0.147719 0.037034
0.070496 0.162262 0.009259
0.034391 0.154237 0.031598
-0.007747 0.147574 0.035253
-0.087428 0.147594 0.027317
-0.072210 0.107691 0.027133
-0.081800 0.145951 0.029081
-0.077308 0.146360 0.029181
