0.032851 0.195798 0.027959
0.029767 0.196586 0.028251
-0.003277 0.195617 0.030460
-0.003604 0.194040 0.030661
-0.000453 0.192649 0.030992
0.001098 0.189277 0.031230
0.033446 0.186019 0.044588
0.038301 0.187093 0.027889
0.009655 0.187642 0.030964
0.036088 0.184209 0.029544
0.084839 0.181563 0.018967
0.081790 0.180952 0.019554
0.038369 0.181677 0.045102
0.031991 0.182402 0.043228
0.019678 0.182839 0.030600
0.056146 0.180217 0.026642
0.060640 0.179911 0.026052
0.054696 0.179581 0.028434
0.049423 0.179545 0.029395
0.044661 0.179409 0.030067
0.023606 0.179184 0.029423
0.094027 0.178983 0.020367
0.085331 0.179016 0.020516
0.064703 0.178868 0.024838
0.059205 0.178613 0.028248
0.045743 0.177624 0.032967
0.015497 0.176618 0.046668
0.094977 0.176751 0.023666
0.030407 0.193274 0.028574
0.089007 0.178436 0.019278
0.084627 0.176853 0.022665
0.069547 0.177706 0.021385
0.068567 0.177522 0.022646
0.054697 0.177213 0.035010
0.047545 0.175856 0.037528
0.038422 0.176643 0.041171
0.034503 0.178210 0.042290
0.015387 0.176137 0.046822
0.015435 0.174730 0.046888
0.097400 0.173961 0.024452
0.034378 0.183091 0.044153
0.074660 0.173896 0.020871
0.067915 0.174101 0.032922
0.067827 0.175834 0.032283
0.055092 0.174229 0.036289
0.015801 0.173244 0.046405
0.089140 0.173615 0.024158
0.095764 0.173560 0.025971
0.094249 0.172164 0.027340
0.030154 0.186339 0.028762
0.089485 0.171152 0.027462
0.085868 0.171194 0.028147
0.079748 0.172738 0.023299
0.074353 0.171523 0.022559
0.059807 0.173092 0.035382
0.054330 0.171853 0.037539
0.049336 0.173021 0.038891
0.044615 0.172254 0.040465
0.039861 0.173338 0.040936
0.034606 0.173156 0.043615
0.029404 0.172887 0.043669
0.024622 0.173054 0.044696
0.020096 0.173121 0.045981
0.095902 0.169932 0.026513
0.041733 0.170066 0.041237
0.023568 0.186084 0.029131
0.078000 0.169264 0.024950
0.093588 0.168307 0.027887
0.030348 0.183883 0.029666
0.089365 0.167745 0.029025
0.084004 0.166180 0.032111
0.040969 0.180072 0.028918
0.081587 0.165839 0.032127
0.080006 0.167291 0.029635
0.070609 0.165595 0.032111
0.065617 0.167669 0.031221
0.063225 0.167656 0.032937
0.060122 0.168091 0.035436
0.057772 0.166967 0.036951
0.054671 0.167926 0.037836
0.049563 0.167844 0.039004
0.042601 0.167442 0.041920
0.039649 0.167927 0.042975
0.034565 0.167685 0.044019
0.024733 0.168062 0.045853
0.019802 0.167433 0.045520
0.066154 0.164853 0.031341
0.075334 0.164632 0.031234
0.083051 0.164029 0.032245
0.019530 0.186563 0.029958
0.011740 0.163620 0.047230
0.060779 0.163826 0.036305
0.040752 0.163445 0.041397
-0.025530 0.162499 0.016386
0.017993 0.161900 0.046917
0.014424 0.163286 0.047156
-0.017157 0.160969 0.017566
-0.025174 0.161278 0.017073
-0.034940 0.161706 0.014581
0.084446 0.160944 0.025510
0.082007 0.160380 0.026459
0.084731 0.162964 0.030000
0.044329 0.181034 0.028051
0.080311 0.161113 0.030680
0.069694 0.162570 0.033915
0.062360 0.160798 0.036838
0.074543 0.169208 0.024501
0.059004 0.162167 0.037394
0.054654 0.162881 0.038290
0.049626 0.162821 0.039285
0.034641 0.162840 0.043410
0.024595 0.162907 0.044749
0.019846 0.162909 0.045668
0.081962 0.159643 0.026376
0.083827 0.159281 0.025261
-0.046626 0.159680 0.011492
0.079089 0.159235 0.030226
0.053067 0.158823 0.036932
-0.035845 0.158873 0.015389
0.107846 0.158194 0.010869
0.058946 0.176620 0.033319
0.106904 0.158273 0.011518
0.073552 0.158959 0.032558
0.051899 0.156832 0.031691
0.095839 0.156176 0.014934
0.064583 0.157992 0.034632
-0.011040 0.157242 0.019094
-0.015806 0.157811 0.018793
-0.020429 0.157978 0.018729
-0.034540 0.156536 0.019005
-0.039802 0.156040 0.017442
-0.005759 0.156201 0.020229
-0.045120 0.157650 0.012717
-0.050287 0.156837 0.010534
-0.053821 0.156148 0.009493
0.044567 0.157689 0.038475
0.038276 0.158827 0.042471
0.034563 0.157722 0.043430
0.024710 0.158002 0.045465
0.071445 0.174127 0.021271
0.020331 0.158241 0.044614
-0.019573 0.155174 0.021326
-0.023349 0.155181 0.021641
-0.045395 0.155030 0.014442
0.053619 0.155007 0.027147
-0.035635 0.155008 0.021100
0.089641 0.153102 0.016372
0.065556 0.153504 0.020862
0.055651 0.154445 0.025769
0.037305 0.154175 0.041897
0.067326 0.164854 0.031374
-0.015090 0.154435 0.020687
0.080514 0.153199 0.005787
0.052541 0.152868 0.036845
-0.040807 0.154173 0.019770
0.049300 0.158124 0.037814
-0.049218 0.153305 0.013416
0.059527 0.153611 0.024152
-0.010151 0.153614 0.020289
-0.025337 0.153402 0.024418
-0.080463 0.151013 -0.008078
0.099523 0.153177 0.014338
0.074230 0.102840 0.033030
-0.030490 0.156971 0.018630
0.048048 0.101713 0.031208
-0.074041 0.069886 -0.015529
0.024634 0.167639 0.046809
-0.064888 0.056695 0.010355
0.022434 0.100750 0.027000
-0.025206 0.157872 0.018731
0.013948 0.102770 0.032928
0.032875 0.090502 0.027431
-0.071563 0.112860 0.000489
-0.000502 0.103113 0.034132
0.019187 0.102539 0.028861
0.082309 0.100809 0.023266
0.068620 0.121844 0.023945
-0.045427 0.102547 0.025164
0.059155 0.122533 0.032804
-0.070995 0.097146 -0.009343
0.081988 0.099040 0.026440
-0.093910 0.133801 -0.008534
0.021616 0.077627 0.036472
-0.054509 0.122597 0.022518
0.083773 0.097869 0.021006
0.058780 0.055188 0.029221
-0.018463 0.077997 0.020946
0.059259 0.127395 0.029003
0.074570 0.143068 0.029227
0.040899 0.098008 0.022249
0.069807 0.069589 0.034946
-0.005305 0.128024 0.032812
-0.022381 0.095974 0.017583
0.020899 0.128100 0.026141
0.069651 0.102870 0.034914
-0.075588 0.096741 -0.009144
0.025291 0.123083 0.025344
-0.049428 0.098177 0.022862
0.019030 0.176091 0.046210
0.054420 0.098231 0.034377
0.010440 0.184162 0.030763
0.025769 0.098398 0.024714
0.020549 0.098413 0.030464
-0.003958 0.098478 0.032342
0.046090 0.097660 0.028693
0.044818 0.055656 0.031262
-0.060277 0.127755 0.018932
0.018555 0.097324 0.032560
-0.005585 0.097687 0.030932
0.046610 0.056234 0.032064
-0.036162 0.096316 0.026908
0.034514 0.127963 0.035038
0.056300 0.139670 0.035622
0.074565 0.098000 0.034106
0.021867 0.095101 0.031686
0.014552 0.098022 0.033995
-0.023445 0.094492 0.020910
0.056479 0.094596 0.041344
0.018211 0.122157 0.022387
-0.068899 0.090838 -0.013545
-0.070875 0.092956 -0.011639
-0.003933 0.094238 0.030703
0.020068 0.071551 0.044484
0.080836 0.064388 0.046110
0.032958 0.139708 0.036776
0.014942 0.093406 0.035167
0.082675 0.092358 0.027418
0.088613 0.162958 0.023767
0.015010 0.091144 0.037954
0.036410 0.090313 0.024865
-0.071566 0.118223 0.002614
0.034221 0.092314 0.023368
0.000692 0.139006 0.025765
0.025231 0.093621 0.030163
0.029207 0.067886 0.044173
0.004487 0.093052 0.034215
0.083020 0.061685 0.046302
-0.029375 0.093323 0.026148
0.082217 0.095840 0.026861
-0.035365 0.092725 0.027440
0.069816 0.097719 0.035891
0.073763 0.117069 0.021088
-0.041410 0.092717 0.026329
0.031791 0.180228 0.042591
-0.035658 0.063606 0.038737
0.054218 0.132608 0.029139
-0.048652 0.090008 0.020729
-0.054154 0.112948 0.022421
0.034805 0.187624 0.029034
-0.019308 0.092839 0.015150
0.070619 0.076827 0.036358
0.074723 0.092827 0.034994
-0.084869 0.132881 -0.001609
-0.018204 0.150216 0.026399
0.079378 0.062581 0.047571
0.019177 0.074191 0.039132
0.034802 0.137430 0.036288
0.009537 0.092489 0.035075
0.067049 0.090135 0.041674
-0.078980 0.093403 -0.012682
0.055301 0.091754 0.044421
-0.070064 0.087265 -0.014151
-0.071745 0.099200 -0.007639
-0.075788 0.086719 -0.014096
-0.047727 0.090056 0.021378
0.081009 0.176344 0.022144
0.054361 0.089268 0.045959
-0.070780 0.106179 -0.003522
0.047998 0.093893 0.031020
0.021624 0.074948 0.036612
0.042872 0.088030 0.032626
0.074699 0.166698 0.029751
0.005512 0.123407 0.030668
0.049605 0.128204 0.034361
-0.017030 0.087653 0.014717
0.034449 0.192436 0.028350
0.069183 0.082980 0.038455
-0.021805 0.087710 0.022990
0.050098 0.093955 0.032570
0.080076 0.097934 0.029396
0.017267 0.175896 0.046741
0.082935 0.087434 0.027920
0.064706 0.102694 0.035784
-0.075029 0.112678 -0.000544
0.053007 0.095088 0.034045
0.016834 0.060313 0.045971
0.004538 0.088139 0.033443
-0.092708 0.130829 -0.008437
0.086153 0.152169 0.016974
0.016311 0.067411 0.045247
0.073710 0.112212 0.028567
-0.006096 0.091711 0.026535
-0.027142 0.086636 0.027031
0.069471 0.158079 0.033389
0.049799 0.072334 0.045675
0.027527 0.128364 0.031507
-0.030310 0.087728 0.027787
0.045285 0.103200 0.029852
0.015909 0.147470 0.028035
0.054219 0.127676 0.032891
0.072557 0.087193 0.036931
0.067257 0.087689 0.042061
-0.045315 0.087526 0.024868
0.039796 0.086690 0.033694
0.020283 0.088136 0.035579
0.009613 0.097906 0.034939
0.018206 0.087000 0.038204
0.064684 0.087786 0.044098
-0.030409 0.159497 0.016348
0.049999 0.103484 0.032705
-0.056803 0.127688 0.021230
0.058716 0.086713 0.047120
0.049724 0.087654 0.044902
0.072522 0.084461 0.036787
-0.019495 0.087906 0.019524
-0.014247 0.067571 -0.005725
0.095498 0.154294 0.015826
-0.075140 0.082879 -0.014351
0.067187 0.084865 0.041926
-0.023563 0.099170 0.015269
-0.074712 0.098871 -0.007635
-0.001989 0.083165 0.026578
0.073047 0.107104 0.032450
-0.015898 0.082874 0.014638
-0.055915 0.107749 0.020556
0.037570 0.094247 0.021537
-0.047845 0.090761 0.021159
0.081019 0.082912 0.030544
0.068777 0.078605 0.037288
-0.021237 0.082799 0.023760
0.058128 0.131379 0.024142
0.067984 0.176455 0.030576
-0.023792 0.082796 0.026186
-0.004173 0.087380 0.026434
0.012057 0.075165 0.039233
-0.026344 0.082566 0.027179
0.082968 0.097804 0.024276
-0.020909 0.077861 0.024040
-0.030331 0.082711 0.027992
0.043653 0.177026 0.043291
0.069619 0.108088 0.033701
0.078392 0.092819 0.032658
0.014934 0.183222 0.030667
0.024018 0.053896 0.046439
-0.017661 0.086139 0.017287
-0.048134 0.066262 0.033836
0.029741 0.147811 0.043091
0.009659 0.127806 0.024423
-0.071508 0.102825 -0.005473
0.018788 0.122567 0.021089
-0.049389 0.082626 0.023806
0.039500 0.092876 0.022960
0.064754 0.139708 0.032837
-0.044976 0.093102 0.024788
0.071619 0.081484 0.036639
-0.074527 0.089123 -0.012752
0.069829 0.172797 0.023412
-0.031649 0.069204 0.032931
0.009617 0.108064 0.033471
0.066728 0.081927 0.041172
-0.040883 0.081762 0.026847
0.001217 0.088836 0.032287
0.075537 0.113067 0.024589
0.034531 0.082945 0.035475
0.065353 0.069998 0.036332
0.021505 0.083000 0.036337
-0.045427 0.107590 0.024781
0.009068 0.083023 0.034236
0.058525 0.083313 0.047153
0.083591 0.058598 0.046374
0.078994 0.107623 0.024231
-0.025318 0.148105 0.028598
0.055801 0.180952 0.025997
0.029680 0.157844 0.044862
0.049932 0.082580 0.047554
0.085304 0.077884 0.020753
-0.053715 0.108580 0.022195
0.045035 0.082536 0.045483
0.040115 0.157407 0.040216
0.080854 0.102988 0.024394
-0.038938 0.142677 0.026925
0.041663 0.080458 0.043853
0.029653 0.057728 0.048336
0.069042 0.092258 0.038023
0.064136 0.147404 0.032673
0.054483 0.108215 0.034643
0.067245 0.054760 0.023720
-0.007159 0.102362 0.031294
0.071644 0.120318 0.021182
-0.071786 0.089201 -0.012939
0.034565 0.057645 0.047932
0.071894 0.150098 0.021611
-0.074659 0.078153 -0.014518
-0.028775 0.055506 0.016390
0.075158 0.108120 0.029657
-0.031669 0.112145 0.013796
0.008119 0.079127 0.032821
0.042425 0.096628 0.022631
-0.022463 0.091351 0.022199
-0.013814 0.071644 -0.003161
0.040157 0.185727 0.026422
-0.015570 0.147427 0.028054
-0.035202 0.078759 0.027178
-0.024700 0.087947 0.025616
-0.030509 0.143045 0.028936
0.051880 0.090981 0.043538
0.078513 0.083045 0.032941
-0.052318 0.077771 0.020943
0.080765 0.077690 0.029923
-0.030344 0.077912 0.027712
0.007814 0.116145 0.032122
-0.041022 0.077689 0.026313
0.054153 0.078474 0.047371
-0.045168 0.077699 0.025522
0.037494 0.090303 0.024733
0.034057 0.078150 0.036500
0.029581 0.077743 0.036379
0.057829 0.063343 0.045581
-0.045201 0.122565 0.023535
0.019333 0.078024 0.039102
-0.075160 0.127522 0.004347
-0.012440 0.062732 -0.005106
0.023781 0.126436 0.025935
-0.047219 0.149266 0.021011
-0.031270 0.091993 0.027182
0.048025 0.084575 0.046254
0.081009 0.066240 0.021377
0.070160 0.066527 0.054456
-0.071424 0.143631 -0.004027
-0.018166 0.089240 0.016195
0.075120 0.087644 0.035373
0.016428 0.138011 0.027633
-0.012465 0.059918 -0.005034
-0.078954 0.136286 0.002165
0.059082 0.055997 0.029485
0.062428 0.064625 0.051181
0.013879 0.127487 0.022496
-0.032530 0.150222 0.026602
-0.039927 0.079291 0.026817
0.084083 0.092782 0.024409
-0.022693 0.065213 0.021791
-0.037789 0.061586 0.036710
-0.050286 0.117559 0.023667
0.066599 0.171276 0.031201
0.055379 0.133774 0.025204
0.059560 0.064291 0.047959
0.019237 0.082789 0.038989
0.043551 0.089588 0.030551
0.057359 0.079773 0.046929
-0.024689 0.061860 0.020616
0.063947 0.176266 0.032585
0.059755 0.157783 0.035312
-0.035453 0.068006 0.039905
0.062493 0.125657 0.027268
-0.046190 0.066483 0.033519
0.064853 0.069566 0.045634
0.039657 0.127855 0.035748
-0.025321 0.053702 0.010072
0.049593 0.113151 0.034518
0.102093 0.144299 0.021950
-0.016882 0.072818 0.018402
0.099595 0.142989 0.023740
0.036506 0.055466 0.046580
0.070022 0.149605 0.022212
-0.056586 0.065855 0.021032
-0.024883 0.056491 0.015249
-0.035472 0.143036 0.027727
0.005243 0.074870 0.028879
0.063890 0.091964 0.042939
-0.038461 0.060866 0.036532
0.065889 0.056121 0.025493
-0.005803 0.147589 0.023622
0.065525 0.054861 0.024818
0.019031 0.058038 0.046329
0.040636 0.178999 0.044662
-0.022295 0.059838 0.017159
-0.021717 0.097036 0.014745
0.019533 0.092896 0.033996
-0.019414 0.123783 0.029094
-0.074210 0.073112 -0.014945
0.059597 0.118136 0.033934
-0.040163 0.083349 0.026508
0.067371 0.070734 0.044947
-0.005810 0.132528 0.032246
0.044588 0.062506 0.047970
0.064594 0.096322 0.037789
0.045439 0.074782 0.046878
0.023766 0.091966 0.032620
0.046696 0.081242 0.047055
0.081771 0.102766 0.021006
0.074631 0.062863 0.054735
-0.027095 0.075439 0.034043
0.054328 0.054331 0.029465
0.060042 0.096231 0.039079
-0.015344 0.143100 0.030285
0.087810 0.181163 0.018015
0.069793 0.062584 0.055649
0.035321 0.094663 0.021291
-0.027843 0.159470 0.016483
-0.000955 0.137360 0.028137
0.046104 0.086015 0.043169
0.054691 0.072912 0.045083
0.037275 0.079883 0.036731
-0.038614 0.114191 0.021197
0.004036 0.073747 0.026409
-0.092790 0.129707 -0.008598
-0.037196 0.077893 0.026676
0.059176 0.054270 0.025484
-0.021069 0.058433 0.013903
0.084413 0.173488 0.023628
0.034600 0.067889 0.045220
0.052791 0.155767 0.029497
0.028421 0.097180 0.023042
0.035261 0.117529 0.031243
0.042450 0.182055 0.026400
0.079408 0.162948 0.032770
0.080854 0.092953 0.029945
0.029521 0.073904 0.036389
-0.013455 0.059638 -0.004937
0.041182 0.090453 0.026770
0.040400 0.077129 0.044984
-0.072299 0.073441 -0.014318
0.068409 0.151305 0.022186
0.050331 0.055424 0.030931
-0.057041 0.064390 0.020492
0.042402 0.092800 0.024469
0.076823 0.109549 0.026157
0.085166 0.168054 0.030353
-0.055947 0.138015 0.020129
0.049252 0.059357 0.045415
0.016297 0.063347 0.045800
0.068942 0.168063 0.029814
-0.030191 0.053919 0.014136
0.077936 0.106427 0.027715
-0.041620 0.072536 0.030068
0.029663 0.168015 0.045143
-0.035182 0.053981 0.014919
0.038864 0.162608 0.042193
0.015411 0.082833 0.040471
0.044681 0.132953 0.034945
0.053945 0.064369 0.047102
0.041033 0.183891 0.026446
0.082090 0.075531 0.026616
-0.049824 0.071634 0.027788
-0.017792 0.090939 0.013661
0.049632 0.054290 0.029912
0.038147 0.054442 0.045257
0.082456 0.078568 0.027442
-0.046328 0.058140 0.040225
0.012894 0.116547 0.027327
-0.039602 0.058596 0.040638
-0.038478 0.058539 0.017533
0.078503 0.069050 0.028853
-0.013510 0.123596 0.032092
0.045643 0.077448 0.047050
-0.014288 0.076429 0.011586
-0.050828 0.058335 0.010169
-0.048655 0.086470 0.023954
-0.040828 0.098099 0.026428
0.044677 0.057549 0.045898
0.029443 0.064894 0.046023
-0.022870 0.055085 0.011794
0.070714 0.169224 0.024560
-0.028117 0.052941 0.011706
-0.020915 0.073031 0.023533
-0.017419 0.132910 0.031663
0.059238 0.139474 0.034723
0.056328 0.053805 0.026149
-0.058545 0.151440 0.008149
0.024551 0.152718 0.044404
-0.054004 0.099799 0.019740
0.082526 0.060689 0.047030
0.047976 0.136951 0.032348
-0.025397 0.132998 0.029030
-0.040227 0.158570 0.014432
-0.079531 0.091092 -0.014400
-0.093233 0.134811 -0.007956
0.049339 0.074827 0.046967
0.054712 0.062523 0.045657
0.059293 0.072750 0.043663
0.022334 0.111341 0.021801
0.029621 0.062246 0.047576
-0.031609 0.107217 0.018482
-0.034894 0.098441 0.026164
0.077843 0.061640 0.053754
-0.040351 0.055054 0.042151
-0.036923 0.070917 0.038867
-0.013332 0.120106 0.031760
-0.020303 0.143128 0.030410
-0.025699 0.058763 0.018592
0.024221 0.064404 0.045878
0.034691 0.123121 0.033674
0.017682 0.174572 0.046798
0.054777 0.082882 0.047865
-0.022429 0.054480 0.007777
0.094674 0.143029 0.025240
-0.010168 0.148693 0.025031
-0.035271 0.102807 0.024510
0.025574 0.054449 0.047284
0.021571 0.054728 0.046183
0.039509 0.123181 0.034880
0.049919 0.057237 0.032971
-0.053712 0.136900 0.022108
0.059435 0.151786 0.033931
0.054798 0.055888 0.030852
0.101920 0.142111 0.021629
0.029733 0.162779 0.044565
0.048506 0.098320 0.030994
0.034975 0.078829 0.036750
0.039956 0.055899 0.045964
-0.070479 0.058012 0.001289
0.054467 0.066849 0.047283
0.059574 0.098546 0.035918
0.039620 0.072771 0.045581
-0.040268 0.107699 0.024149
-0.054744 0.073777 0.017178
0.060912 0.154696 0.021581
-0.078934 0.088696 -0.014872
-0.016946 0.077610 0.018485
0.020936 0.058143 0.047031
0.019965 0.133335 0.027432
0.078309 0.078249 0.032496
-0.051402 0.074248 0.020725
-0.048796 0.055317 0.006516
0.075245 0.158176 0.031268
-0.071514 0.127792 0.003826
0.082871 0.069315 0.021075
-0.000418 0.142880 0.023923
0.059679 0.077651 0.044976
0.011922 0.110089 0.031466
0.040577 0.114024 0.032609
-0.070668 0.115730 0.001491
-0.025820 0.063823 0.022581
-0.075217 0.092979 -0.011073
0.069616 0.069414 0.045902
0.039012 0.089000 0.028990
0.083448 0.142413 0.027062
0.067482 0.055811 0.024375
0.060765 0.124218 0.030662
-0.000421 0.147157 0.022258
-0.071247 0.082995 -0.014745
-0.023980 0.077252 0.026379
-0.029099 0.063096 0.023142
0.029565 0.082619 0.035735
0.052394 0.060176 0.044457
0.082682 0.058926 0.046982
0.060672 0.082244 0.046181
0.079629 0.108584 0.021045
0.037313 0.190740 0.027389
0.014533 0.073196 0.040247
0.029667 0.054119 0.047446
0.069488 0.087855 0.038971
0.063219 0.150930 0.032355
-0.019585 0.057996 0.010665
-0.035155 0.058087 0.018380
-0.018786 0.083060 0.020374
0.065087 0.072058 0.036362
0.102161 0.149544 0.013989
-0.041214 0.087410 0.025996
0.039673 0.132494 0.035851
0.059767 0.092413 0.044203
0.084038 0.077750 0.024567
-0.043942 0.059055 0.042207
0.049391 0.069159 0.045739
0.014917 0.117771 0.024359
0.005008 0.188168 0.031266
-0.038035 0.053834 0.013664
-0.065163 0.054864 0.009370
0.059630 0.067771 0.048358
0.054423 0.069458 0.046054
0.059578 0.070053 0.045929
0.077484 0.112394 0.021289
0.074809 0.059197 0.054624
0.083059 0.073175 0.023590
-0.035439 0.082714 0.027549
0.078024 0.066742 0.047705
0.036458 0.140655 0.036482
-0.084073 0.141122 -0.002632
0.039687 0.182793 0.028517
-0.049143 0.074185 0.023547
-0.043663 0.150833 0.021986
0.053508 0.180952 0.027104
0.077808 0.074286 0.032189
0.040210 0.065768 0.047122
-0.019324 0.067544 0.019984
-0.043106 0.082261 0.026776
0.059414 0.102832 0.035493
-0.036152 0.123296 0.018490
-0.039572 0.067464 0.040084
0.024364 0.071867 0.043706
-0.016978 0.063734 0.013550
0.044757 0.066258 0.047376
0.054344 0.155996 0.026023
-0.014118 0.062824 -0.005527
0.030519 0.098491 0.020731
0.035349 0.054014 0.046036
-0.036784 0.055722 0.016169
-0.045488 0.072021 0.028395
0.015332 0.166687 0.046336
-0.062487 0.114974 0.015434
-0.038038 0.060714 0.019022
-0.004715 0.103318 0.032855
0.073721 0.066467 0.054045
0.024848 0.061846 0.047445
0.008952 0.137135 0.022261
0.038451 0.171594 0.042955
-0.027919 0.070533 0.026037
0.049732 0.066548 0.047492
0.085601 0.087374 0.020866
0.078649 0.088106 0.033046
0.050709 0.097833 0.032608
-0.048107 0.065022 0.035772
-0.039051 0.118177 0.020612
0.068285 0.171960 0.029503
-0.027309 0.105931 0.012883
-0.031635 0.066493 0.039774
-0.015143 0.077957 0.014427
-0.044739 0.060781 0.041832
-0.025533 0.092763 0.024302
-0.039095 0.092475 0.027042
0.013260 0.165782 0.046829
0.065400 0.066470 0.052352
0.084620 0.087916 0.024353
0.081084 0.087870 0.030513
0.009462 0.087716 0.034842
0.064389 0.162814 0.034700
0.054524 0.103134 0.034465
-0.025416 0.067625 0.024417
0.079638 0.072912 0.029454
0.032251 0.115482 0.025234
0.077423 0.111206 0.022968
0.004422 0.077795 0.029773
0.034683 0.062622 0.047602
0.000124 0.093180 0.032896
-0.038311 0.071968 0.034661
0.021681 0.061100 0.046937
-0.017265 0.082367 0.017949
0.004634 0.113133 0.033868
-0.032122 0.125104 0.017341
-0.028246 0.104882 0.016279
0.034289 0.088919 0.029448
0.015795 0.088047 0.039565
0.050802 0.175124 0.036604
0.089589 0.142959 0.025634
0.033205 0.054293 0.047151
-0.034938 0.061150 0.020247
0.024608 0.067924 0.044871
0.059710 0.095075 0.041449
0.003468 0.122257 0.032336
0.039508 0.068411 0.045583
-0.049554 0.078011 0.023407
0.080112 0.065265 0.022398
0.080458 0.065134 0.020890
0.064124 0.177150 0.029213
0.059720 0.159832 0.037120
0.063506 0.126676 0.023939
0.019663 0.067931 0.044954
-0.038613 0.070664 0.040023
-0.029952 0.067538 0.025396
0.069609 0.072749 0.035580
-0.033284 0.118754 0.011218
0.044513 0.068913 0.045575
-0.045260 0.097564 0.025081
0.037833 0.081386 0.036832
-0.039231 0.054647 0.041548
0.044576 0.137866 0.033882
0.069256 0.067913 0.048409
-0.038513 0.056196 0.016173
0.080568 0.067830 0.024487
0.067764 0.095940 0.036899
-0.025079 0.098068 0.019415
-0.016814 0.062245 0.011343
-0.021593 0.068506 0.022673
0.059653 0.142520 0.034870
-0.035355 0.087662 0.027775
-0.054521 0.117847 0.022470
0.039503 0.062667 0.048024
0.084696 0.147970 0.025199
-0.000584 0.087715 0.030717
0.074794 0.082553 0.035494
0.061224 0.072801 0.039403
0.004637 0.102994 0.034944
-0.046423 0.069034 0.030694
-0.003217 0.086874 0.026872
-0.045421 0.142848 0.024506
0.034318 0.086533 0.032954
-0.015634 0.152148 0.023713
0.006416 0.079654 0.032148
0.019363 0.063013 0.046008
0.016379 0.124679 0.021480
0.043354 0.078053 0.046289
0.078198 0.151302 0.018829
0.074278 0.069540 0.046108
0.060312 0.088289 0.046123
-0.024447 0.072565 0.025699
0.079072 0.067727 0.045768
-0.079968 0.151658 -0.008385
0.084002 0.072947 0.021066
-0.075106 0.102827 -0.005642
0.034688 0.142588 0.038840
-0.054470 0.075484 0.017418
0.074021 0.069221 0.032973
0.029510 0.069748 0.041631
-0.075425 0.137017 0.002612
0.030483 0.089550 0.030856
0.062533 0.121063 0.031837
0.076561 0.069476 0.031255
-0.035374 0.152557 0.024010
-0.019129 0.061923 0.015275
0.079619 0.143025 0.027813
0.027476 0.070774 0.042685
0.028731 0.071383 0.039023
-0.026335 0.127232 0.024999
-0.075188 0.132745 0.003978
-0.049021 0.092190 0.020987
-0.080210 0.142868 -0.001836
-0.020410 0.148092 0.028519
0.063879 0.070897 0.043868
-0.046183 0.074401 0.024343
-0.059486 0.112976 0.018722
0.030373 0.093819 0.024469
-0.031019 0.061186 0.021343
0.074546 0.072669 0.033619
-0.021131 0.092553 0.018990
0.085770 0.083295 0.021039
0.049304 0.063016 0.047481
-0.093382 0.130078 -0.008628
0.069385 0.147889 0.029923
0.029016 0.092029 0.028706
0.076734 0.071014 0.031711
-0.050214 0.068508 0.029337
0.081563 0.071935 0.025892
-0.018573 0.072614 0.020847
-0.015085 0.133155 0.032015
-0.049234 0.150972 0.017696
0.024909 0.074328 0.036474
0.045028 0.092235 0.028966
-0.000989 0.151733 0.020963
0.023708 0.097288 0.028281
0.075181 0.067355 0.048402
-0.045226 0.117581 0.023482
0.014496 0.187128 0.030601
0.070177 0.059421 0.054728
-0.025250 0.054940 0.013033
-0.013762 0.070835 -0.004200
0.026065 0.103812 0.021085
-0.074531 0.146493 -0.002650
-0.026280 0.077927 0.027229
0.049608 0.077995 0.047605
0.015906 0.127455 0.021161
0.038791 0.083681 0.036001
-0.040233 0.161271 0.013292
0.046834 0.140252 0.031424
0.044824 0.167871 0.040637
0.016081 0.113261 0.025614
0.082549 0.140107 0.026965
0.054100 0.060656 0.034186
0.055642 0.076583 0.046331
0.063300 0.078358 0.042915
0.016257 0.143029 0.027931
-0.072621 0.145832 -0.002968
0.035043 0.147221 0.040329
-0.034806 0.076491 0.034947
0.077978 0.175050 0.021608
0.078699 0.102475 0.028774
-0.054886 0.102855 0.019895
-0.002345 0.140828 0.026919
0.082413 0.069534 0.022607
-0.029617 0.103476 0.019859
-0.027090 0.101685 0.018044
0.020553 0.179825 0.029589
-0.074277 0.118642 0.002481
-0.025752 0.102597 0.014460
-0.008487 0.103548 0.030958
-0.030870 0.076223 0.034061
0.070397 0.143467 0.031015
0.082719 0.082906 0.027954
0.016155 0.103575 0.031038
0.028542 0.102104 0.020207
0.039680 0.152684 0.040067
0.039704 0.102719 0.023004
0.076504 0.103673 0.031077
-0.085693 0.143241 -0.004710
0.082544 0.101420 0.021011
0.044678 0.113111 0.033735
0.021246 0.103898 0.025600
-0.079561 0.100422 -0.009871
0.034000 0.065173 0.046615
-0.002233 0.091913 0.031343
0.021535 0.129975 0.026785
-0.078536 0.102830 -0.007627
-0.025289 0.103627 0.011552
0.044621 0.162697 0.040614
0.038736 0.097471 0.021077
-0.056507 0.113216 0.021152
0.034808 0.132572 0.035810
-0.053137 0.104514 0.022088
0.018005 0.106776 0.027628
-0.058212 0.104417 0.016562
-0.028645 0.108939 0.011230
0.049334 0.132857 0.033082
0.074707 0.077659 0.034714
-0.088993 0.142822 -0.006350
0.000657 0.083016 0.029378
0.046808 0.105116 0.031916
0.059535 0.108071 0.035088
-0.075114 0.142803 -0.000542
0.064627 0.108002 0.035009
-0.050311 0.107848 0.023676
-0.039059 0.122523 0.020954
0.099885 0.156874 0.014355
-0.036232 0.107194 0.022838
-0.003991 0.149318 0.021278
-0.010300 0.108078 0.030666
-0.008544 0.108377 0.032059
0.070625 0.113546 0.030546
-0.057085 0.122538 0.021347
-0.005458 0.108082 0.033284
-0.000557 0.108215 0.034340
-0.041017 0.057407 0.042420
0.004528 0.108130 0.034598
0.084524 0.082755 0.024549
0.050334 0.060992 0.046330
0.043867 0.059202 0.047233
-0.082602 0.124498 -0.004132
0.012943 0.106804 0.032289
0.015047 0.108115 0.029722
0.004459 0.142370 0.022313
-0.015116 0.136630 0.031841
-0.021002 0.063299 0.018928
0.085110 0.093074 0.020627
0.082079 0.145159 0.026617
0.037630 0.106753 0.023403
-0.059089 0.137009 0.018077
0.068535 0.112453 0.032555
-0.027260 0.106751 0.011115
0.022527 0.107454 0.022062
0.024387 0.107844 0.020647
0.104417 0.157594 0.012852
-0.050222 0.122608 0.023792
0.040853 0.109133 0.030025
-0.078388 0.107943 -0.005245
-0.076206 0.106812 -0.004286
-0.071678 0.107992 -0.002026
0.018339 0.117155 0.022049
0.072963 0.116846 0.023786
0.004167 0.191495 0.030769
-0.074418 0.108424 -0.002298
0.065354 0.063794 0.053236
-0.058994 0.109338 0.018247
0.046170 0.176314 0.039848
-0.057020 0.117886 0.021336
0.072052 0.110098 0.031627
-0.005144 0.152784 0.020806
-0.050294 0.112522 0.023641
-0.045241 0.112604 0.024055
-0.040819 0.112530 0.022753
-0.009276 0.113154 0.032540
-0.005485 0.113152 0.033714
-0.000431 0.113100 0.034279
0.076453 0.064057 0.049355
-0.033101 0.120563 0.011026
0.011016 0.113338 0.030766
0.038804 0.112385 0.030187
0.054644 0.113123 0.034702
0.059835 0.113123 0.034693
0.064409 0.082817 0.043821
0.016177 0.151719 0.045917
0.053575 0.058341 0.033041
0.064765 0.113147 0.033951
-0.035689 0.112789 0.019221
0.007323 0.076989 0.031469
-0.032772 0.110714 0.017005
0.017217 0.125379 0.020889
0.011786 0.076881 0.038728
-0.030834 0.112804 0.010998
-0.002495 0.131380 0.031862
0.023257 0.112648 0.020653
0.080770 0.058954 0.047336
0.035103 0.071814 0.044260
-0.033619 0.113910 0.015535
-0.013667 0.114072 0.030227
0.067320 0.115831 0.031964
0.010878 0.123180 0.025513
0.076140 0.114348 0.021247
-0.035176 0.072711 0.035124
-0.014876 0.118157 0.030385
0.024760 0.138084 0.033684
-0.012206 0.116932 0.031549
0.019702 0.152571 0.045138
-0.010053 0.118206 0.032679
-0.005380 0.118180 0.033669
0.064630 0.172892 0.034435
-0.020197 0.152988 0.024312
0.070959 0.118827 0.025250
-0.000313 0.118078 0.033811
0.055462 0.158247 0.036181
0.004402 0.117876 0.032900
0.079678 0.139793 0.027060
0.009787 0.117968 0.029542
-0.030301 0.148048 0.027953
0.029694 0.117614 0.024776
-0.045451 0.082677 0.026144
0.044602 0.118175 0.034685
0.033621 0.148759 0.042365
0.044458 0.072445 0.046068
0.049537 0.118119 0.034876
0.054628 0.118110 0.034680
0.044680 0.054290 0.030336
0.034343 0.096966 0.020179
0.024614 0.057737 0.048024
-0.087171 0.147369 -0.008925
-0.030797 0.161612 0.015464
0.069196 0.117444 0.028953
0.016132 0.164272 0.046446
-0.017305 0.068282 0.017693
-0.062568 0.116433 0.015644
-0.015794 0.067903 0.014521
-0.059780 0.118209 0.019330
-0.036842 0.117798 0.018124
-0.011810 0.112839 0.030938
-0.034541 0.117857 0.014415
-0.071840 0.078300 -0.014195
-0.004284 0.134483 0.031334
-0.078315 0.124605 0.002937
-0.032719 0.115536 0.012266
-0.032585 0.116409 0.011055
0.020583 0.118310 0.020997
0.022373 0.116279 0.019728
0.027004 0.145424 0.035890
0.064742 0.098785 0.036465
0.049649 0.108076 0.033687
-0.075942 0.117088 0.000960
0.035858 0.119231 0.032464
0.053337 0.136379 0.025249
0.006548 0.119286 0.031418
-0.020107 0.119424 0.025040
0.080941 0.138650 0.026659
0.014993 0.078072 0.040405
0.011812 0.119849 0.026427
-0.048870 0.146235 0.021974
0.026670 0.119732 0.023985
-0.041454 0.122739 0.022184
-0.050408 0.148012 0.019596
0.065395 0.077482 0.039525
-0.021391 0.121708 0.025163
-0.031510 0.102110 0.022911
-0.015983 0.122818 0.030766
0.024857 0.142615 0.034473
-0.010346 0.123019 0.032778
-0.066909 0.137219 0.005884
0.063667 0.073964 0.037836
-0.005478 0.123042 0.033275
-0.000363 0.123095 0.033018
0.008626 0.122447 0.028300
0.097253 0.176040 0.022918
0.014353 0.122428 0.023090
0.049746 0.176894 0.035565
0.027742 0.121689 0.025254
0.044566 0.123134 0.035299
0.089587 0.139661 0.025614
0.023826 0.102539 0.023538
-0.030274 0.097770 0.024686
0.049629 0.123123 0.035052
-0.035847 0.129249 0.022273
0.054657 0.123145 0.034183
0.064284 0.122535 0.029015
0.067377 0.120785 0.027228
-0.014907 0.072910 0.014214
-0.060437 0.122939 0.018818
-0.034220 0.121897 0.014734
0.050477 0.156195 0.034604
-0.051039 0.154183 0.011116
-0.075283 0.122903 0.003461
-0.071241 0.122801 0.003801
0.072192 0.165591 0.031834
0.065919 0.124088 0.025179
0.064224 0.068084 0.050145
-0.031942 0.123630 0.014267
0.000820 0.078932 0.027139
0.089656 0.147932 0.024162
0.031226 0.124691 0.032670
-0.024104 0.124453 0.024587
0.065639 0.119092 0.030832
-0.083831 0.124399 -0.004280
0.012984 0.069458 0.039882
0.084534 0.151769 0.024725
0.067314 0.124689 0.021719
-0.054326 0.127375 0.022509
-0.005903 0.142323 0.028006
-0.055210 0.152495 0.009352
-0.045291 0.127628 0.023971
-0.040588 0.127745 0.022814
-0.038368 0.125694 0.021453
-0.035511 0.126885 0.020507
0.098697 0.146607 0.022298
0.039349 0.058349 0.047649
-0.020371 0.128031 0.029895
-0.082184 0.133252 0.001187
-0.016706 0.127585 0.031359
-0.014564 0.128483 0.032129
-0.010464 0.128092 0.032798
-0.000866 0.127658 0.032213
0.030145 0.128235 0.033421
0.044731 0.128021 0.035418
0.057411 0.126101 0.031972
0.102455 0.154815 0.012917
-0.078902 0.128186 0.003142
0.043582 0.107037 0.030865
-0.030274 0.128698 0.023377
-0.024514 0.128915 0.027980
-0.027034 0.074515 0.027148
-0.085425 0.127946 -0.004187
-0.082570 0.126965 -0.002641
0.056037 0.129338 0.030495
0.060450 0.129026 0.024683
-0.026051 0.072751 0.033549
-0.083916 0.128431 -0.003022
0.023660 0.129064 0.027722
-0.045227 0.147706 0.022935
0.018636 0.112448 0.023156
-0.089947 0.128954 -0.007019
-0.093051 0.137537 -0.007980
-0.039127 0.096760 0.026830
0.018898 0.137964 0.028380
-0.059881 0.132248 0.018559
-0.036243 0.149575 0.026070
-0.056606 0.132706 0.020778
-0.054116 0.132508 0.022325
-0.050355 0.132745 0.023530
-0.045228 0.132719 0.024619
0.020822 0.113724 0.021264
-0.030421 0.137974 0.028475
0.035548 0.109116 0.023370
-0.040460 0.132680 0.024705
-0.035534 0.132861 0.025211
-0.031355 0.131785 0.025913
0.079972 0.177972 0.020796
0.054865 0.086899 0.047411
-0.034993 0.147390 0.027396
0.049494 0.180952 0.027694
-0.029848 0.133698 0.027501
-0.020296 0.133106 0.030851
0.036804 0.176807 0.041643
-0.010352 0.133093 0.032381
-0.015455 0.139081 0.031356
0.003294 0.132227 0.027849
0.005454 0.133256 0.025323
0.009591 0.132690 0.023133
0.024588 0.077700 0.036304
0.013578 0.131689 0.022333
0.013737 0.132944 0.021428
0.008326 0.190658 0.030037
-0.078918 0.098086 -0.010010
-0.000251 0.098166 0.033691
0.019327 0.131738 0.026482
0.005123 0.144429 0.021422
0.045312 0.108685 0.032363
-0.031740 0.126708 0.019539
0.023418 0.132577 0.029384
0.065394 0.093781 0.040390
-0.034406 0.108861 0.020469
-0.020335 0.138077 0.031060
-0.040295 0.102642 0.025724
0.026113 0.133650 0.033170
-0.045118 0.152607 0.019039
-0.032117 0.155177 0.021441
-0.059194 0.062986 0.017966
0.051641 0.138106 0.025853
-0.050230 0.127679 0.023772
0.029696 0.132972 0.034690
0.052658 0.131088 0.032072
-0.040630 0.062632 0.038807
0.057302 0.130718 0.027270
0.029299 0.087282 0.033426
-0.079487 0.132640 0.002827
0.020078 0.107983 0.024187
-0.090089 0.132721 -0.005903
-0.062583 0.144219 0.006623
-0.087126 0.132479 -0.003730
-0.045482 0.137801 0.024936
0.008689 0.112746 0.032689
-0.061556 0.133576 0.016632
-0.022580 0.161694 0.016604
0.052459 0.075090 0.046756
-0.067354 0.134624 0.005199
0.009661 0.103198 0.034461
0.029715 0.137550 0.035799
0.077786 0.097284 0.032271
0.007788 0.141837 0.021291
0.075178 0.148248 0.024868
0.039640 0.137551 0.035695
0.033737 0.112365 0.024377
-0.040445 0.137754 0.026084
-0.036335 0.135933 0.026526
-0.035250 0.138301 0.027278
-0.025433 0.138120 0.029877
0.074447 0.162304 0.033383
-0.033747 0.069354 0.034845
-0.010066 0.138833 0.031123
-0.005340 0.138077 0.030168
-0.028588 0.074896 0.027479
-0.056097 0.149525 0.010317
0.004502 0.137776 0.023872
0.010222 0.138249 0.021486
0.058213 0.171665 0.036841
-0.010318 0.143105 0.029413
-0.010969 0.136557 0.031896
0.012199 0.135925 0.021206
0.036778 0.151426 0.041547
0.023455 0.182720 0.030347
0.024645 0.082711 0.036004
0.016872 0.135758 0.026695
-0.071081 0.132887 0.003397
0.034436 0.152852 0.042813
0.022669 0.135914 0.031048
0.052562 0.136151 0.027575
-0.090148 0.137688 -0.005429
-0.085135 0.137627 -0.001689
-0.051983 0.098445 0.021086
-0.080698 0.138200 0.000487
-0.071155 0.136951 0.002777
-0.030430 0.072572 0.034119
0.044724 0.143471 0.037688
-0.094577 0.137199 -0.008907
0.001036 0.129133 0.031092
-0.014869 0.149771 0.025945
0.094723 0.139102 0.026171
-0.011036 0.151299 0.022665
-0.060139 0.147733 0.008154
-0.071037 0.139331 0.000944
-0.053757 0.146967 0.017702
0.044070 0.141006 0.033664
0.058679 0.180952 0.024637
-0.065160 0.139098 0.007208
0.019640 0.149591 0.045020
0.013847 0.112494 0.028525
0.084737 0.139527 0.026098
0.024613 0.087856 0.034498
-0.075458 0.139512 0.001259
-0.028109 0.100146 0.021378
0.031492 0.139706 0.036733
0.007380 0.141031 0.021902
-0.087544 0.138407 -0.003701
0.074853 0.149308 0.020993
-0.030826 0.063764 0.039929
0.067776 0.140033 0.032076
0.097917 0.139794 0.024758
-0.019784 0.161433 0.017647
-0.038791 0.140101 0.026784
-0.050541 0.137808 0.023176
0.028339 0.142217 0.036129
-0.025454 0.143161 0.029874
0.030740 0.142828 0.037480
0.100009 0.152279 0.011229
0.039795 0.141452 0.035807
0.054748 0.142841 0.035970
0.064610 0.142869 0.033255
0.074449 0.140154 0.028428
-0.059093 0.141485 0.015509
-0.055312 0.142541 0.018955
-0.049956 0.142405 0.022581
-0.041362 0.143157 0.025995
0.018625 0.143073 0.029416
0.021453 0.142791 0.032000
0.046506 0.141210 0.031348
0.068267 0.142461 0.032091
0.045126 0.174428 0.042539
0.085447 0.143378 0.026334
-0.072363 0.142707 -0.002168
-0.029701 0.107997 0.014561
0.051256 0.134509 0.030742
-0.051806 0.143779 0.021345
0.050944 0.142623 0.036550
-0.064288 0.142672 0.006457
-0.004522 0.144151 0.025683
0.032622 0.074688 0.036307
0.039048 0.143883 0.038574
0.037036 0.174785 0.041619
0.074338 0.147113 0.027954
0.102851 0.144103 0.020961
-0.063288 0.143710 0.006817
-0.041649 0.117549 0.022196
-0.090967 0.144705 -0.008817
-0.048815 0.094594 0.022377
-0.082180 0.144706 -0.003604
0.007579 0.126290 0.027279
0.031192 0.145675 0.040471
0.039609 0.147708 0.039559
0.044676 0.147640 0.038157
0.088930 0.164117 0.028820
0.048990 0.147364 0.037168
0.051235 0.148279 0.036438
0.054609 0.147545 0.035382
0.063959 0.117467 0.032675
0.059638 0.147549 0.033983
0.095364 0.152423 0.019879
-0.010955 0.146430 0.027396
0.002134 0.145747 0.021802
0.003350 0.146551 0.021127
-0.026833 0.096973 0.022792
-0.030398 0.057898 0.019148
0.018144 0.147293 0.029127
0.006763 0.129418 0.026425
0.025157 0.149201 0.043048
0.071008 0.093961 0.036413
0.066513 0.148513 0.031322
0.078352 0.146185 0.027096
0.080088 0.147148 0.026090
0.070055 0.139821 0.030652
0.094447 0.147812 0.023114
0.003062 0.082239 0.030958
0.099829 0.148535 0.019956
-0.038646 0.087766 0.026976
0.102835 0.146966 0.019266
0.072494 0.090476 0.036740
-0.046225 0.065047 0.036053
-0.090765 0.147477 -0.010563
-0.045075 0.062856 0.040608
-0.088348 0.145720 -0.007823
0.005331 0.083389 0.032668
0.101232 0.149757 0.015219
-0.085389 0.146333 -0.006534
-0.000194 0.133147 0.030013
-0.080374 0.148010 -0.005674
0.049729 0.138079 0.029537
-0.075909 0.147834 -0.005114
-0.071853 0.147336 -0.004529
0.000076 0.148904 0.021387
-0.021994 0.150952 0.026868
0.004721 0.097856 0.034800
0.024893 0.073020 0.038792
-0.093032 0.148116 -0.011772
0.078060 0.149187 0.020047
0.016342 0.149703 0.045935
0.004580 0.127822 0.029259
0.025510 0.149166 0.041714
0.096244 0.149847 0.021262
-0.050367 0.103251 0.023286
0.051127 0.152011 0.036389
0.051256 0.086113 0.046994
0.029451 0.152783 0.043520
0.044533 0.152594 0.038176
-0.052517 0.101592 0.021443
0.049329 0.152832 0.037504
0.054584 0.152597 0.035453
0.064941 0.151053 0.031062
0.048336 0.140907 0.029377
0.066304 0.150133 0.023030
0.039837 0.118151 0.033819
-0.039767 0.152129 0.023059
-0.030388 0.153111 0.024453
-0.029548 0.150949 0.026777
0.088100 0.176037 0.022180
0.048963 0.143775 0.037284
-0.025387 0.150955 0.027001
0.064413 0.152190 0.023007
0.070041 0.152070 0.020915
-0.040384 0.147915 0.025393
0.074617 0.151532 0.019845
-0.070050 0.056361 0.002718
0.089951 0.151110 0.023464
0.088816 0.151752 0.016941
0.093493 0.151163 0.022291
0.078343 0.058903 0.054106
0.098324 0.151297 0.018141
