0.014240 0.195155 0.037842
-0.015305 0.194539 0.026895
0.017701 0.193705 0.039132
-0.012756 0.192875 0.028094
-0.011329 0.189809 0.029384
0.025494 0.187037 0.039184
0.022497 0.188247 0.040700
0.018267 0.188091 0.040079
0.014336 0.186047 0.038042
0.007088 0.186847 0.035206
-0.002681 0.187510 0.032639
0.011252 0.185324 0.036601
0.006817 0.184857 0.036328
-0.002400 0.184647 0.033036
0.069716 0.182339 0.051773
0.000998 0.184029 0.034092
0.029139 0.182548 0.023489
0.026983 0.183622 0.040216
0.008838 0.183474 0.037237
0.080543 0.180953 0.048467
0.073357 0.181733 0.051141
0.068880 0.181242 0.052847
0.046959 0.180953 0.047208
0.046467 0.180953 0.046291
-0.060130 0.113292 -0.003354
-0.047691 0.112932 0.004132
0.042182 0.078265 0.063729
-0.035150 0.109871 0.001519
0.037210 0.118391 0.054323
0.031776 0.158035 0.054134
0.007146 0.112958 0.028566
0.083089 0.156367 0.053580
-0.049565 0.137332 0.006568
0.055046 0.110730 0.057057
-0.042698 0.102966 0.008078
0.014306 0.071452 0.055334
0.041761 0.113619 0.056333
-0.035859 0.110366 0.001641
0.012080 0.092491 0.038415
0.006579 0.121990 0.027135
0.071367 0.163634 0.057778
-0.006433 0.164090 0.048871
-0.055214 0.108421 0.001799
-0.056604 0.108760 0.000507
0.024300 0.081826 0.062375
-0.043718 0.068981 0.018393
-0.034621 0.107220 0.002804
-0.043099 0.105773 0.006891
0.001470 0.064191 0.050851
-0.010842 0.093700 0.032079
0.074451 0.180185 0.051473
0.012370 0.107909 0.028933
0.007594 0.108147 0.030435
-0.002669 0.108167 0.034254
-0.054652 0.134881 0.001786
-0.054725 0.104749 0.001613
0.032949 0.113345 0.052719
0.078793 0.179810 0.055859
-0.044268 0.066435 0.022813
0.060164 0.106399 0.057021
0.009631 0.057139 0.056842
0.043071 0.107791 0.057669
0.040655 0.108433 0.056455
0.006901 0.118223 0.027390
-0.007650 0.127907 0.028435
-0.035661 0.139783 0.017024
0.073445 0.166589 0.058246
0.024054 0.114792 0.047250
0.083253 0.143106 0.061360
0.037323 0.108092 0.054825
-0.033259 0.103147 0.005244
-0.005667 0.174814 0.049178
0.010782 0.101531 0.032437
0.042444 0.097918 0.059445
-0.043401 0.082905 0.011074
0.002265 0.103174 0.034928
0.067496 0.064102 0.045063
-0.002657 0.103229 0.035591
0.042577 0.180953 0.047112
-0.011839 0.102960 0.032656
0.037654 0.086659 0.066896
-0.003139 0.176201 0.049487
-0.054537 0.071067 0.007079
0.031887 0.163434 0.056006
0.068594 0.103505 0.045672
-0.000648 0.089938 0.041418
-0.029972 0.098986 0.006304
0.052290 0.103216 0.060333
0.042721 0.102997 0.058199
0.092202 0.158248 0.053772
0.037403 0.103061 0.054935
0.045358 0.131205 0.043144
0.078879 0.154302 0.056450
0.014240 0.099910 0.031487
-0.007442 0.098271 0.034914
-0.029270 0.096562 0.007795
-0.032840 0.097745 0.008913
0.057742 0.078014 0.061472
0.066159 0.107925 0.049152
0.034179 0.103861 0.052340
0.036819 0.098898 0.054416
0.008972 0.104643 0.031495
0.047822 0.128980 0.044858
0.012143 0.098054 0.033953
0.016331 0.055067 0.056946
-0.041522 0.158347 -0.001970
0.009715 0.153401 0.051915
0.027482 0.113388 0.049539
0.022253 0.147933 0.052581
0.067185 0.143086 0.058877
0.082482 0.153219 0.054795
-0.042665 0.098007 0.009816
0.002046 0.083073 0.043194
0.057225 0.098184 0.060976
0.056989 0.159034 0.059351
0.052258 0.098297 0.061393
0.021198 0.094371 0.033355
0.042085 0.152073 0.054737
-0.042594 0.108247 0.005659
0.059545 0.087582 0.061717
-0.001156 0.071390 0.048532
0.017520 0.093739 0.034855
0.060593 0.140248 0.056637
-0.007248 0.093356 0.034877
0.063230 0.146294 0.057158
-0.021988 0.113975 0.025975
-0.012721 0.122939 0.030138
0.008169 0.148170 0.050961
-0.042339 0.152465 0.007735
0.016294 0.091551 0.038058
0.063342 0.139953 0.057693
0.047244 0.155593 0.041339
0.016326 0.127901 0.045351
0.020786 0.098612 0.030770
0.007482 0.098527 0.035707
0.081789 0.177745 0.044445
0.062183 0.093238 0.059891
0.034543 0.098635 0.052978
0.002174 0.078342 0.043372
0.056509 0.092051 0.062168
0.047068 0.092462 0.062825
-0.037620 0.078040 0.013564
0.037494 0.092874 0.064383
0.002527 0.113167 0.030651
-0.049647 0.087298 0.005672
-0.003146 0.099054 0.036327
0.047331 0.113011 0.057536
-0.011616 0.112909 0.032220
0.051931 0.112026 0.057486
0.012170 0.167551 0.053857
0.012190 0.089202 0.041115
0.070973 0.164789 0.062551
0.042375 0.092976 0.064167
0.017220 0.180816 0.056943
-0.037710 0.113490 0.001149
0.072293 0.093016 0.046104
0.012298 0.146624 0.050849
0.032359 0.153079 0.054327
-0.043879 0.088063 0.010923
-0.060437 0.118462 -0.002804
0.008861 0.086883 0.042283
0.021533 0.096426 0.032395
0.006806 0.088335 0.041039
0.027186 0.168010 0.055478
0.086277 0.152904 0.052971
-0.029352 0.087241 0.012244
0.067230 0.151660 0.057050
0.068508 0.088412 0.055339
0.016437 0.177317 0.053135
0.057088 0.088109 0.062372
0.023129 0.118227 0.047765
0.005847 0.085197 0.041684
0.042356 0.088232 0.066082
-0.027076 0.088212 0.010656
0.079919 0.174814 0.060279
0.012881 0.094945 0.036063
-0.037713 0.107798 0.004366
-0.004798 0.191210 0.029807
-0.047830 0.083099 0.008027
-0.002262 0.078165 0.043562
0.046917 0.094933 0.061544
0.069002 0.054326 0.016437
0.030311 0.116809 0.051635
-0.012767 0.137891 0.024950
0.014450 0.197025 0.037694
0.042240 0.173289 0.056016
-0.052047 0.083027 0.005897
0.057385 0.068522 0.059064
0.067317 0.107524 0.046133
-0.040713 0.121689 0.001535
0.031987 0.167680 0.056138
0.017716 0.099102 0.031312
0.055601 0.079501 0.062049
-0.032593 0.083032 0.014065
-0.047173 0.098028 0.008235
-0.041338 0.082893 0.012288
0.041660 0.095652 0.061945
0.015537 0.084351 0.045048
0.071861 0.083002 0.049530
-0.056902 0.059287 0.020790
0.033382 0.108791 0.052294
0.061518 0.167558 0.060255
0.070385 0.083537 0.053047
-0.052241 0.078783 0.005348
-0.032739 0.073041 0.013665
0.027103 0.179355 0.045318
0.066133 0.083231 0.057782
0.055061 0.066738 0.072533
-0.019598 0.105145 0.026524
0.059282 0.082939 0.061642
0.056844 0.083270 0.062374
0.047076 0.083269 0.063270
0.058154 0.093791 0.061506
-0.014438 0.108319 0.030978
0.042209 0.083203 0.065692
-0.026724 0.128720 0.023047
0.058879 0.063549 0.055394
-0.052653 0.128210 0.003078
0.023971 0.174565 0.057199
0.070020 0.101157 0.045100
0.032345 0.083032 0.066106
0.027409 0.083054 0.064032
0.071459 0.181339 0.052431
-0.046772 0.102701 0.007447
-0.025434 0.078281 0.011595
-0.043312 0.117876 0.002737
-0.027823 0.077901 0.012959
-0.040899 0.118310 0.001388
0.010703 0.186368 0.035881
0.030368 0.113283 0.051226
0.078242 0.177220 0.059940
-0.032468 0.078073 0.014312
0.018210 0.072980 0.058106
0.023611 0.066374 0.062289
0.037463 0.082478 0.066492
0.055258 0.066432 0.067912
0.066217 0.159698 0.057105
-0.052436 0.112965 0.003129
-0.032667 0.063088 0.009756
-0.041219 0.063037 0.005818
0.045992 0.056055 0.050606
0.031866 0.103850 0.050061
-0.035919 0.060236 0.007652
0.034056 0.055952 0.048799
-0.017105 0.132052 0.027404
-0.037940 0.094564 0.011536
0.056185 0.067123 0.065783
0.066012 0.068745 0.053481
-0.016320 0.098460 0.028502
0.032269 0.123336 0.052614
0.073182 0.063269 0.014684
-0.020592 0.126515 0.027064
0.057631 0.065122 0.057430
0.071145 0.063111 0.018551
0.042282 0.154201 0.046385
0.052347 0.067822 0.074122
0.005668 0.106668 0.032279
0.042740 0.059752 0.079050
0.015720 0.072025 0.056403
-0.052290 0.098662 0.004239
0.007301 0.093186 0.038776
-0.041373 0.088073 0.012300
0.052561 0.059855 0.075106
-0.032538 0.053605 0.000155
0.071096 0.066463 0.018319
-0.028932 0.060027 0.007315
-0.036447 0.069159 0.012219
0.049950 0.094948 0.061802
-0.047297 0.069540 0.019898
0.068185 0.093357 0.054927
-0.047732 0.123156 0.003499
-0.056025 0.104128 0.000689
-0.050782 0.059096 0.016815
-0.040551 0.057335 0.001699
0.068460 0.083018 0.055502
0.084192 0.150141 0.056494
0.065242 0.106405 0.052591
0.057003 0.173119 0.049537
0.031382 0.108184 0.051025
-0.039610 0.075639 0.019312
0.072449 0.067602 0.014894
0.039630 0.100943 0.056850
0.058092 0.168806 0.054061
-0.023862 0.083079 0.009812
0.033457 0.054460 0.047603
0.063223 0.062027 0.050493
0.072687 0.088556 0.045219
0.070582 0.073503 0.048871
0.074979 0.064923 0.008640
-0.004204 0.093932 0.036452
0.061774 0.063669 0.053573
0.002098 0.074512 0.043238
0.011001 0.063821 0.056101
-0.029810 0.054895 0.002398
0.003240 0.062433 0.052809
0.002285 0.093053 0.038842
-0.048949 0.103556 0.006427
0.006997 0.172771 0.051024
-0.023539 0.078249 0.010276
0.071577 0.078109 0.049528
0.017885 0.067926 0.058044
0.026858 0.059172 0.060468
-0.039686 0.056259 0.001700
-0.043905 0.158556 -0.005094
-0.057141 0.062735 0.018967
-0.020768 0.109449 0.026502
0.054517 0.069028 0.071526
0.070323 0.087822 0.052866
-0.042855 0.073333 0.018539
-0.038816 0.111949 0.002769
-0.052843 0.062648 0.018687
-0.002136 0.128392 0.026186
-0.037938 0.102441 0.007922
-0.000765 0.160039 0.050730
0.070354 0.092227 0.052606
0.049083 0.063858 0.076222
-0.042597 0.068343 0.016200
0.011709 0.112755 0.028176
0.015652 0.068621 0.056378
0.050187 0.125821 0.047425
0.046533 0.066861 0.078464
0.007191 0.067047 0.052204
-0.057361 0.133506 -0.000515
0.026371 0.060387 0.061933
0.046750 0.077354 0.061272
-0.032773 0.054879 0.002247
0.012680 0.137704 0.044949
-0.055538 0.070333 0.006829
0.022122 0.152876 0.052547
-0.043274 0.154344 0.004608
0.039110 0.072758 0.061198
0.067515 0.057837 0.020111
0.040651 0.073035 0.063063
0.072250 0.058265 0.015468
0.073512 0.171652 0.063036
0.083107 0.176598 0.041264
0.030902 0.063854 0.064303
-0.026122 0.124028 0.023175
0.016921 0.196825 0.037967
-0.061013 0.123297 -0.003601
0.075881 0.169129 0.062896
0.042966 0.070340 0.059817
-0.008239 0.191874 0.029311
0.022417 0.123095 0.048340
0.007023 0.152949 0.051019
0.076063 0.167504 0.056278
0.040472 0.053603 0.046637
0.041041 0.126218 0.052225
0.021659 0.142461 0.049609
0.046620 0.054677 0.048756
-0.041285 0.059210 0.002527
0.046777 0.176662 0.055170
0.052421 0.083308 0.062820
-0.028047 0.073117 0.012772
0.087712 0.157162 0.054013
-0.027833 0.063314 0.009185
-0.036873 0.073863 0.013504
0.002121 0.162918 0.050165
0.016909 0.054406 0.056097
0.062319 0.113215 0.049400
0.042220 0.054300 0.047590
0.042453 0.128307 0.049963
-0.028925 0.057724 0.005290
0.056903 0.107514 0.057963
0.012718 0.067848 0.054985
-0.012528 0.092774 0.030848
0.076160 0.164863 0.039871
0.047522 0.115605 0.056723
0.064094 0.112850 0.045748
0.024375 0.074893 0.061992
0.052756 0.076344 0.061772
0.057238 0.065347 0.065972
-0.056420 0.071664 0.005675
-0.041274 0.077575 0.013636
0.080493 0.179044 0.048855
-0.001981 0.067947 0.048564
-0.017460 0.112888 0.029273
0.017240 0.062939 0.059913
-0.033432 0.091844 0.012322
0.019243 0.076266 0.058886
0.007351 0.167702 0.053290
0.068767 0.062370 0.020839
0.064399 0.058382 0.022017
-0.034489 0.161731 0.001092
-0.037735 0.082998 0.013626
0.022965 0.054421 0.042886
0.013137 0.062700 0.057792
0.042593 0.134581 0.040445
0.009336 0.137727 0.041740
0.073064 0.083215 0.045237
-0.055651 0.057090 0.022092
0.017244 0.167939 0.054978
0.052334 0.088078 0.062947
0.063314 0.166528 0.063422
0.053308 0.166256 0.058168
0.070104 0.075288 0.052198
-0.053247 0.055082 0.022092
0.066088 0.087996 0.057997
0.047950 0.059355 0.081086
0.047315 0.108134 0.058804
-0.001606 0.093060 0.038767
-0.049461 0.143178 0.005833
-0.038039 0.067532 0.010962
0.022070 0.058279 0.060023
0.089944 0.149212 0.049441
0.012251 0.083313 0.044478
-0.037640 0.092153 0.012256
-0.041493 0.065245 0.007416
-0.049514 0.085326 0.006709
0.059064 0.115191 0.051287
0.021929 0.077603 0.060766
0.027664 0.067615 0.063457
0.070674 0.054913 0.015558
0.002747 0.058155 0.053603
-0.039445 0.061700 0.006084
0.060521 0.059354 0.068287
0.015504 0.107036 0.028168
0.061339 0.102472 0.057759
-0.032145 0.093807 0.011003
-0.057038 0.065317 0.014822
-0.003322 0.189839 0.031177
-0.047504 0.078964 0.008224
0.000042 0.058887 0.051388
0.072405 0.147989 0.058657
-0.043482 0.078474 0.010450
-0.009658 0.147461 0.019980
0.021935 0.053590 0.041505
-0.001269 0.059262 0.050632
-0.046527 0.143000 0.008864
0.007443 0.069180 0.051015
-0.056373 0.070292 0.006345
0.071534 0.073078 0.044893
0.005839 0.096549 0.037147
0.037700 0.056169 0.050339
-0.037660 0.072831 0.019828
0.092195 0.056265 0.124725
0.032313 0.148004 0.054170
0.037488 0.054581 0.048804
-0.050279 0.079617 0.006914
0.028618 0.177961 0.049015
0.010093 0.058740 0.056641
-0.017880 0.142445 0.023029
0.072698 0.160569 0.037655
-0.049808 0.077461 0.006723
-0.024618 0.065308 0.009242
0.026328 0.054654 0.045387
0.003907 0.109885 0.031460
0.047201 0.173647 0.057927
-0.024569 0.087466 0.009277
0.062496 0.088041 0.060283
0.047304 0.103183 0.059687
-0.001515 0.088030 0.042849
-0.011276 0.088732 0.030898
0.003684 0.054956 0.053769
-0.037596 0.153259 0.009987
0.038940 0.159879 0.057873
0.042457 0.155755 0.044179
-0.011398 0.098202 0.032522
0.065928 0.102430 0.053345
0.039687 0.053717 0.046609
0.056800 0.059188 0.076102
0.023346 0.063310 0.062481
-0.036265 0.054002 0.000704
-0.046408 0.076870 0.017789
0.080547 0.140343 0.061781
0.043519 0.066758 0.079416
0.060315 0.061407 0.068003
0.065720 0.092953 0.057717
0.052366 0.092866 0.062436
-0.047638 0.067243 0.022731
0.074225 0.074235 0.006551
0.022004 0.068552 0.059854
0.047208 0.063238 0.080089
-0.037648 0.097999 0.010177
-0.042928 0.123207 0.003101
0.027993 0.108702 0.048090
-0.013054 0.141756 0.022810
0.062306 0.098179 0.058733
0.068495 0.151906 0.056299
-0.002490 0.163121 0.049595
-0.034295 0.101199 0.007254
0.024619 0.060384 0.061897
0.043766 0.112377 0.057140
0.005382 0.124165 0.026241
0.026009 0.181831 0.042422
-0.007411 0.133288 0.025837
-0.037767 0.143576 0.015342
0.031856 0.068464 0.064965
0.052112 0.063147 0.075315
-0.007302 0.188761 0.030899
0.041716 0.181073 0.046404
-0.041022 0.091302 0.011990
0.054660 0.055112 0.046540
0.018164 0.123602 0.045543
-0.047249 0.072901 0.018186
-0.050079 0.093321 0.006206
0.004209 0.084913 0.041642
-0.039760 0.127436 0.004706
0.042228 0.179072 0.049684
0.012448 0.057777 0.057715
0.042345 0.055874 0.050895
0.062174 0.108002 0.054312
0.041063 0.131567 0.047854
0.052288 0.151850 0.047917
0.052713 0.056335 0.049807
-0.032670 0.056970 0.005023
-0.037611 0.057974 0.004286
0.018685 0.179379 0.057308
-0.018183 0.134022 0.026508
0.016951 0.102809 0.029667
0.074128 0.064122 0.009774
-0.050228 0.060513 0.016767
0.077775 0.151787 0.057935
0.047318 0.073379 0.060487
0.017232 0.057992 0.059088
-0.051742 0.067990 0.021124
0.066831 0.054608 0.018385
0.002350 0.158930 0.051237
0.070738 0.058772 0.017890
0.002557 0.088352 0.040848
0.007378 0.073959 0.044196
-0.039444 0.131894 0.010783
0.016879 0.096847 0.032547
0.046100 0.069161 0.070558
-0.046760 0.064720 0.023522
0.047436 0.098114 0.060741
-0.001897 0.083314 0.043611
0.012204 0.086889 0.042696
-0.052084 0.055035 0.021570
-0.052501 0.058812 0.020091
-0.037126 0.063459 0.009003
-0.014174 0.113211 0.031061
-0.032604 0.087971 0.013204
-0.028189 0.092684 0.009478
0.087819 0.148919 0.054643
0.063011 0.054398 0.019796
-0.031769 0.161234 0.004486
0.042553 0.063010 0.079935
0.068244 0.077982 0.055097
0.037441 0.177223 0.054328
-0.013422 0.097831 0.031220
0.071246 0.140039 0.059636
0.020819 0.062911 0.061421
0.053167 0.095648 0.061874
-0.036833 0.055151 0.002096
0.058969 0.059488 0.068748
0.042166 0.073169 0.059903
0.037290 0.123234 0.053668
0.063323 0.103546 0.055534
0.040289 0.070445 0.066631
0.042348 0.162978 0.058062
0.069890 0.055546 0.016833
0.040948 0.067907 0.073503
0.007362 0.058199 0.055858
0.042402 0.069191 0.069621
-0.060877 0.131836 -0.004448
0.044740 0.165067 0.056636
-0.027299 0.067472 0.011013
-0.047322 0.093305 0.008420
-0.040244 0.160689 -0.002875
0.032042 0.173024 0.055416
0.040260 0.104140 0.056538
0.007146 0.054321 0.055001
0.067929 0.068061 0.049752
0.034554 0.068476 0.067715
0.072665 0.078344 0.045443
0.055689 0.169635 0.051333
0.068800 0.066654 0.045055
-0.050965 0.094013 0.005597
0.062145 0.143161 0.057914
0.027375 0.153013 0.053689
0.052857 0.069194 0.060247
0.026859 0.071549 0.061303
0.050161 0.061414 0.080329
0.025846 0.069594 0.060924
0.057284 0.113008 0.054705
0.090432 0.147983 0.044732
0.037284 0.070386 0.065914
-0.052194 0.103023 0.004334
-0.012822 0.118051 0.031020
-0.041389 0.067382 0.009184
0.065629 0.059705 0.022013
0.037174 0.073017 0.063442
-0.028468 0.082808 0.012721
-0.049903 0.098454 0.006559
0.002090 0.097315 0.037202
0.037786 0.179620 0.048906
0.070541 0.069152 0.045186
0.062807 0.161468 0.060400
0.067213 0.164468 0.062356
0.060890 0.069402 0.057618
0.020155 0.100858 0.029595
0.075483 0.072612 0.006338
0.067210 0.139903 0.058359
0.052726 0.114492 0.055974
0.072183 0.143215 0.060021
0.032251 0.073034 0.063208
-0.028988 0.069174 0.012210
-0.042679 0.112957 0.003750
0.028770 0.086952 0.063967
0.062819 0.059468 0.045345
0.062252 0.163809 0.062770
-0.049671 0.062719 0.018519
-0.054976 0.072021 0.005675
0.023585 0.114486 0.046804
0.052275 0.073081 0.061049
0.075303 0.068447 0.007621
0.063510 0.056513 0.021312
0.027127 0.123185 0.050767
-0.032718 0.068723 0.012484
0.057342 0.073420 0.060713
0.038488 0.067176 0.073634
0.068918 0.171419 0.060909
0.007019 0.071890 0.048928
0.060636 0.112190 0.052774
0.061408 0.059674 0.048669
0.022216 0.073132 0.060271
-0.039820 0.070240 0.018392
0.044173 0.156302 0.040993
0.046130 0.070624 0.068787
-0.047596 0.107932 0.005596
-0.002389 0.073955 0.043137
-0.039200 0.117638 0.000378
0.037278 0.113212 0.054633
0.070822 0.098142 0.045178
0.010221 0.150799 0.051793
-0.002359 0.173870 0.049923
0.047440 0.079454 0.062270
-0.014069 0.103049 0.031065
0.073266 0.165935 0.039779
0.078891 0.172135 0.044429
0.075965 0.069955 0.006583
-0.035038 0.072085 0.019232
0.047359 0.162205 0.058839
0.010282 0.075060 0.044294
0.037364 0.167856 0.057120
0.069198 0.072283 0.050722
-0.025659 0.072358 0.011561
-0.023602 0.073075 0.010395
0.037312 0.077862 0.065016
0.065041 0.075184 0.056841
0.047971 0.124572 0.050748
0.064434 0.072101 0.056478
0.067524 0.170756 0.062184
0.062835 0.067581 0.055315
0.017391 0.142702 0.050065
0.022392 0.162770 0.054885
0.044200 0.076612 0.061247
-0.007679 0.113073 0.033077
0.050406 0.059096 0.080907
0.048436 0.175942 0.057430
0.042756 0.158961 0.057887
0.011583 0.078735 0.044875
-0.037705 0.088004 0.013222
-0.002955 0.132785 0.024892
0.047076 0.088137 0.063855
0.038916 0.097162 0.059564
0.064922 0.111509 0.043997
0.046829 0.127079 0.048636
-0.002547 0.166754 0.049201
0.062372 0.078168 0.059625
0.058465 0.109332 0.056202
-0.012512 0.127898 0.028996
0.036968 0.173812 0.055766
0.052314 0.078591 0.062258
-0.032575 0.059723 0.007565
-0.017814 0.108002 0.028694
0.032287 0.077860 0.065026
0.027487 0.118311 0.050407
-0.027993 0.143119 0.020716
0.042363 0.118354 0.055497
0.047304 0.118391 0.055320
0.052156 0.118150 0.053993
0.052295 0.162962 0.059799
0.055745 0.117126 0.052603
0.017270 0.152938 0.053019
0.057644 0.118303 0.049580
0.060700 0.116183 0.047828
0.024129 0.078671 0.062494
0.060599 0.117541 0.044822
-0.029370 0.133661 0.021366
-0.003108 0.137661 0.023440
-0.017563 0.117998 0.029038
0.013272 0.133135 0.044311
-0.010900 0.116190 0.032005
-0.007552 0.116297 0.032242
0.062054 0.073349 0.058468
-0.004146 0.116105 0.032084
0.017419 0.157849 0.053692
-0.002524 0.118195 0.030569
0.002316 0.117921 0.028697
-0.023369 0.118421 0.024938
0.047625 0.069952 0.060320
-0.020708 0.118451 0.027170
-0.012989 0.147080 0.019258
-0.016545 0.103083 0.029222
0.010302 0.117331 0.027720
0.056374 0.142553 0.056489
-0.006108 0.166254 0.048546
0.016817 0.147336 0.051170
0.021044 0.118947 0.046736
-0.057209 0.117970 0.000020
0.002104 0.187444 0.033862
-0.052427 0.117987 0.002772
-0.031112 0.099972 0.006179
-0.047776 0.118017 0.003408
0.022353 0.081308 0.059963
0.055313 0.177034 0.047570
-0.007802 0.118729 0.031450
0.050914 0.176528 0.053925
0.059243 0.119300 0.045953
-0.060783 0.116225 -0.003497
0.015907 0.132715 0.046200
0.010729 0.170112 0.051630
0.070080 0.097437 0.048371
0.012467 0.152964 0.052797
-0.060147 0.116230 -0.003381
-0.002742 0.090854 0.041823
0.053886 0.120107 0.051321
0.019967 0.121874 0.046523
0.070661 0.171768 0.060384
0.029795 0.121726 0.051744
0.042339 0.123186 0.053639
-0.031611 0.129046 0.018759
0.047035 0.122409 0.052942
0.050487 0.121179 0.052191
0.034267 0.139030 0.046459
0.052106 0.158508 0.058970
-0.001692 0.097373 0.037059
0.052137 0.122938 0.049464
-0.020541 0.122844 0.027188
-0.026528 0.120368 0.022238
0.076876 0.172989 0.062854
0.067063 0.098008 0.054466
0.056130 0.062979 0.075179
-0.017612 0.122904 0.028473
-0.002704 0.122832 0.028679
0.001090 0.122003 0.027414
-0.023263 0.123354 0.025301
0.002784 0.123969 0.026376
0.065882 0.078285 0.057479
-0.057304 0.122958 -0.000025
0.059406 0.066137 0.056562
-0.052437 0.123204 0.002936
0.052066 0.139975 0.056236
-0.027103 0.133277 0.022851
0.065091 0.097457 0.056949
0.057784 0.063036 0.067941
0.037358 0.137536 0.044599
-0.039662 0.122122 0.000901
-0.027773 0.123750 0.021385
0.075252 0.167408 0.057310
0.019623 0.124376 0.046956
0.044471 0.125256 0.051660
-0.007846 0.143206 0.021196
-0.039833 0.124827 0.002371
0.018892 0.128335 0.047380
0.022274 0.128022 0.049165
0.036214 0.156072 0.048489
0.027233 0.128109 0.050850
0.031758 0.129128 0.051489
0.022686 0.178423 0.055338
0.037232 0.088875 0.066332
0.032916 0.127084 0.052189
0.021656 0.177125 0.057344
0.037143 0.127181 0.052397
0.050959 0.126744 0.044052
-0.017615 0.127933 0.027844
-0.003838 0.126750 0.027484
0.001939 0.127921 0.025772
-0.042760 0.127971 0.004837
0.032437 0.162672 0.057310
-0.028980 0.127994 0.021158
0.070089 0.069787 0.047525
0.037482 0.162734 0.057789
0.043726 0.152626 0.046988
0.000116 0.136043 0.024536
-0.022882 0.128287 0.025582
-0.032874 0.154452 0.010754
0.053929 0.124227 0.044938
0.004886 0.126321 0.025910
0.050862 0.127769 0.040869
-0.047679 0.128236 0.004547
-0.018639 0.154332 0.013649
0.014505 0.129025 0.044578
0.037711 0.129523 0.051125
-0.032582 0.066175 0.011496
-0.055229 0.127508 0.001795
0.070131 0.078339 0.052591
-0.051062 0.071031 0.020756
0.044134 0.130049 0.046357
0.018277 0.132946 0.047583
-0.002885 0.112869 0.032728
-0.061186 0.128012 -0.004293
0.056147 0.122995 0.041235
0.022320 0.133179 0.049241
-0.042857 0.093158 0.010906
0.032369 0.133082 0.050286
0.017299 0.172867 0.053949
0.037133 0.132846 0.048996
0.007028 0.102917 0.033378
0.046881 0.130556 0.041247
0.027585 0.073894 0.062612
0.059409 0.170829 0.051950
0.073531 0.068591 0.009126
-0.022639 0.132936 0.025243
0.033596 0.156470 0.051044
-0.012693 0.132145 0.027677
-0.046577 0.158096 -0.007198
-0.008855 0.131313 0.027260
0.027505 0.157666 0.054000
0.037265 0.147959 0.054687
0.037458 0.069254 0.068791
0.067357 0.173908 0.055665
0.000744 0.132229 0.025040
-0.043665 0.064041 0.023618
0.045866 0.131887 0.040965
-0.022835 0.147830 0.019170
-0.043873 0.130631 0.006556
-0.042809 0.132979 0.008810
-0.032140 0.133580 0.019108
0.022744 0.182645 0.042245
-0.052870 0.132928 0.003283
0.067035 0.073090 0.054297
0.038954 0.134598 0.046055
-0.012438 0.134561 0.026591
0.015287 0.137183 0.046598
0.023022 0.144656 0.052149
0.017524 0.138107 0.047691
0.057371 0.103218 0.059461
0.012327 0.162906 0.053463
0.012472 0.103209 0.030570
0.022187 0.137984 0.048932
0.027284 0.138067 0.049235
0.002453 0.173076 0.050629
0.032108 0.137660 0.048343
-0.054535 0.143929 -0.000091
0.040155 0.135914 0.043014
0.035745 0.136303 0.047341
0.045475 0.155626 0.042885
0.027517 0.173128 0.055790
-0.026612 0.137663 0.022716
0.073567 0.072459 0.008488
-0.022571 0.137966 0.024260
-0.020367 0.113316 0.027259
0.075193 0.071595 0.007291
0.076604 0.144478 0.060878
0.057573 0.140238 0.056098
-0.017691 0.137907 0.025308
-0.007832 0.137756 0.023820
0.040669 0.136978 0.039707
-0.007642 0.122886 0.030328
0.025273 0.174015 0.056905
-0.026026 0.083270 0.011272
-0.052760 0.137836 0.003540
0.056830 0.153105 0.045082
-0.047377 0.138152 0.007755
0.027407 0.063166 0.063436
-0.043357 0.137920 0.010605
-0.046968 0.088382 0.008539
-0.040985 0.138818 0.012612
-0.032723 0.138503 0.018945
-0.029237 0.138310 0.021165
0.054912 0.055055 0.045935
-0.038926 0.159002 -0.000883
-0.075827 0.135256 -0.033332
-0.057093 0.137841 -0.000767
0.039175 0.138194 0.040473
0.048478 0.067447 0.074543
0.077040 0.139458 0.062441
-0.022461 0.142333 0.022785
-0.076415 0.137595 -0.034991
0.063833 0.109836 0.050678
0.042337 0.132939 0.044453
0.009206 0.139524 0.042032
0.047498 0.139891 0.056453
0.079394 0.139639 0.061783
-0.023193 0.144674 0.021387
0.069272 0.098607 0.050202
0.038175 0.140232 0.055794
0.071758 0.087951 0.049389
0.008884 0.143055 0.042272
0.042373 0.140237 0.056070
0.080086 0.140347 0.061984
0.013432 0.144361 0.048584
0.000571 0.111487 0.032180
0.027172 0.141163 0.048611
0.030236 0.141061 0.047551
0.050530 0.150818 0.053641
0.037334 0.143182 0.055534
-0.060600 0.114886 -0.003823
0.046748 0.143522 0.056618
-0.050332 0.068060 0.021945
0.047901 0.142575 0.056940
0.052394 0.142848 0.057185
-0.053800 0.056976 0.022135
0.052303 0.143781 0.056585
0.077946 0.142339 0.062526
0.081395 0.143209 0.062312
0.084298 0.140354 0.034557
0.090169 0.145607 0.042271
0.034254 0.170793 0.056969
-0.025869 0.141482 0.022126
0.032619 0.088150 0.065556
-0.008247 0.140938 0.022237
0.007195 0.083047 0.042639
-0.036715 0.151440 0.012581
-0.003505 0.142298 0.022618
0.084027 0.141324 0.034949
0.085914 0.141584 0.035595
-0.051732 0.142733 0.003970
-0.043779 0.143391 0.010921
-0.041274 0.143196 0.012957
0.064088 0.060904 0.044752
-0.035610 0.141972 0.017116
-0.032825 0.143304 0.018406
0.027452 0.143772 0.053412
-0.023955 0.068597 0.009815
0.032262 0.143783 0.054435
0.000911 0.086779 0.042603
0.047293 0.158357 0.058340
-0.028748 0.159918 0.006557
0.086029 0.144257 0.059975
-0.012355 0.144041 0.021133
0.008226 0.142734 0.041814
0.087967 0.143718 0.038906
-0.077612 0.142685 -0.040025
0.090477 0.144971 0.040871
-0.017248 0.144787 0.021460
0.019034 0.145128 0.052072
0.017549 0.148882 0.052271
-0.002165 0.063190 0.049286
0.027248 0.148008 0.053390
0.012375 0.054304 0.056246
0.021982 0.172109 0.054246
0.047232 0.148046 0.055826
0.052173 0.148007 0.055424
0.016092 0.087120 0.043115
0.057145 0.147352 0.055648
0.061713 0.147346 0.056163
0.067427 0.148047 0.057542
0.077286 0.148033 0.059524
-0.023866 0.150711 0.016934
-0.043208 0.076688 0.017819
0.082221 0.148125 0.059441
0.067243 0.159195 0.056624
0.057199 0.175171 0.046400
0.086397 0.147374 0.058694
0.021489 0.192603 0.039409
0.007409 0.063075 0.054742
0.089150 0.146229 0.044617
-0.031818 0.147087 0.017673
-0.037514 0.133849 0.014166
-0.017640 0.147088 0.020093
0.091089 0.146294 0.041293
-0.052873 0.147283 0.000476
-0.047919 0.148390 0.006387
-0.046533 0.147262 0.007826
0.050233 0.156071 0.029682
-0.043065 0.148636 0.010253
-0.041001 0.147185 0.012258
-0.057195 0.112965 -0.000080
0.007093 0.078278 0.042925
-0.037863 0.148408 0.013844
-0.051325 0.156317 -0.012058
-0.007674 0.103191 0.034689
0.035591 0.164828 0.056624
-0.033564 0.148818 0.016008
0.009687 0.148317 0.051875
0.071374 0.093168 0.049404
0.042263 0.143008 0.056310
0.012580 0.148997 0.052277
0.089418 0.148928 0.050637
0.002077 0.107850 0.033143
0.016828 0.089354 0.040339
0.057405 0.149448 0.049527
0.060418 0.149359 0.049876
0.067258 0.149436 0.056667
0.052737 0.149844 0.048783
-0.001951 0.150062 0.049170
0.002362 0.150067 0.049648
0.069850 0.150137 0.056147
-0.028903 0.149976 0.016692
-0.002070 0.151808 0.049326
0.002383 0.152573 0.050166
0.032435 0.179200 0.047506
0.037260 0.152755 0.054539
0.067679 0.177854 0.054418
0.046782 0.151298 0.054399
0.060537 0.151388 0.048757
0.053073 0.055050 0.048261
-0.045514 0.151209 0.007244
0.072759 0.151350 0.057904
0.081422 0.151260 0.057351
0.087401 0.152530 0.050777
-0.032587 0.151961 0.013891
-0.027592 0.152798 0.014260
-0.022863 0.153048 0.014156
-0.048273 0.132786 0.005833
0.072136 0.152211 0.051018
-0.047347 0.151874 0.003660
0.064434 0.100242 0.056810
0.065291 0.152177 0.048086
0.051963 0.153854 0.044247
0.072664 0.162954 0.038322
0.037082 0.154769 0.048574
0.039141 0.154367 0.046555
0.047428 0.154421 0.044673
0.042705 0.168536 0.055994
0.027293 0.133015 0.050302
0.051897 0.154641 0.041404
-0.057264 0.128175 -0.000032
-0.038652 0.155227 0.006200
-0.007553 0.108060 0.034094
0.037048 0.158553 0.055915
0.048180 0.155119 0.030162
-0.052355 0.108050 0.003751
0.002089 0.068324 0.049865
0.062178 0.159806 0.059106
-0.046238 0.134335 0.007451
-0.052071 0.155019 -0.012353
-0.023754 0.154974 0.011752
-0.027634 0.147677 0.018602
0.006212 0.155763 0.051334
0.033549 0.091682 0.064158
0.007418 0.158091 0.052742
0.022040 0.158063 0.052785
0.038606 0.156052 0.046226
0.037865 0.171428 0.057170
0.051031 0.154962 0.030335
-0.044348 0.155500 -0.000129
-0.009651 0.084759 0.031595
-0.032037 0.156274 0.008147
0.011117 0.142040 0.044226
-0.060056 0.121759 -0.003189
0.012229 0.157905 0.053422
-0.027886 0.157420 0.008435
-0.023234 0.157388 0.010551
-0.018478 0.156244 0.013349
0.047976 0.156236 0.029900
-0.034373 0.130279 0.016207
0.048051 0.171750 0.055728
-0.036860 0.157468 0.003529
0.032439 0.118358 0.052644
0.004149 0.158251 0.052068
0.040972 0.157723 0.056579
-0.009183 0.085138 0.031931
-0.033143 0.158690 0.004079
0.037002 0.084711 0.066907
0.095207 0.158754 0.053000
0.008127 0.162310 0.052580
0.047366 0.152113 0.047442
0.017328 0.163057 0.053976
0.053776 0.169526 0.051184
0.002591 0.072027 0.049426
0.027163 0.162932 0.055593
0.056777 0.162401 0.060803
0.067029 0.162313 0.059051
-0.041889 0.161055 -0.003849
-0.036662 0.161722 0.000256
0.065895 0.064065 0.048787
-0.028931 0.160996 0.005983
0.006211 0.163422 0.051315
0.058327 0.163078 0.062156
0.046143 0.164557 0.056131
-0.015621 0.095560 0.028005
0.036059 0.180953 0.046263
0.001963 0.167677 0.050653
0.002471 0.099645 0.036351
0.022112 0.167997 0.055283
0.037184 0.168273 0.056638
-0.038023 0.138184 0.014911
-0.056120 0.142470 -0.000868
0.041569 0.166463 0.057295
-0.034763 0.131858 0.016196
0.047135 0.167842 0.055255
0.056376 0.166683 0.057631
0.067315 0.167747 0.062982
0.074232 0.139295 0.062183
0.031870 0.180033 0.046185
0.027247 0.077929 0.063799
0.072442 0.167861 0.063177
-0.005685 0.175896 0.049143
0.077425 0.167410 0.040620
0.003638 0.167950 0.052494
0.051501 0.168813 0.054371
0.077257 0.169206 0.042368
0.010482 0.171121 0.051396
0.034285 0.169505 0.056923
0.079980 0.169516 0.040717
0.007423 0.170114 0.051401
0.062461 0.083003 0.060213
0.069527 0.170047 0.061645
0.052373 0.108043 0.059097
0.042239 0.147969 0.055539
0.012605 0.173610 0.053663
-0.050256 0.084614 0.006939
0.042558 0.172399 0.058067
0.055884 0.121143 0.048016
0.051070 0.173113 0.053844
-0.001041 0.114857 0.031546
0.055942 0.122377 0.044228
0.053302 0.173047 0.050362
0.063173 0.172970 0.053775
0.079437 0.171035 0.041405
0.081395 0.173310 0.040591
-0.036740 0.104548 0.006211
0.060120 0.173638 0.049761
0.079032 0.173395 0.061327
0.080582 0.173940 0.043389
0.070263 0.174522 0.056421
0.039004 0.095646 0.061844
0.001103 0.175887 0.049913
0.013341 0.178012 0.052575
0.057456 0.143261 0.057259
0.026910 0.176515 0.053893
0.032635 0.176777 0.053902
-0.039837 0.129918 0.007088
-0.051412 0.087165 0.005150
0.042087 0.176613 0.054546
0.052655 0.178010 0.049073
0.067552 0.103263 0.049585
0.055992 0.177765 0.045808
0.031918 0.100295 0.049036
0.064153 0.176084 0.053515
0.071589 0.178517 0.053557
0.076381 0.175745 0.062013
0.080060 0.177069 0.058826
-0.011740 0.108011 0.032581
0.047272 0.179117 0.049410
0.022902 0.179685 0.042860
0.068447 0.161129 0.056707
0.052746 0.180231 0.046697
0.013227 0.183120 0.054173
0.016954 0.182190 0.055854
0.020050 0.180850 0.054808
0.010958 0.183366 0.037756
0.017947 0.183699 0.040709
0.057256 0.151502 0.048511
0.021515 0.184532 0.041671
-0.008532 0.088266 0.033265
0.032332 0.180953 0.045233
0.038549 0.180953 0.047138
