-0.020571 0.195776 -0.032721
0.010018 0.193347 -0.027991
0.007157 0.192570 -0.027516
0.002476 0.191569 -0.027349
-0.023538 0.193339 -0.031465
-0.027430 0.192575 -0.030814
-0.031221 0.187665 -0.029761
-0.024997 0.188646 -0.030981
-0.026276 0.186369 -0.014201
0.001642 0.188112 -0.027448
-0.003136 0.187746 -0.026994
-0.008151 0.187047 -0.027048
-0.022045 0.186062 -0.028403
-0.000097 0.184775 -0.028423
-0.008387 0.183135 -0.027384
-0.022268 0.182914 -0.027366
-0.024332 0.183292 -0.015700
-0.032238 0.181903 -0.012794
-0.075351 0.181144 -0.030809
-0.076937 0.181579 -0.030113
-0.078545 0.181327 -0.029128
-0.081280 0.181142 -0.030545
-0.048251 0.179971 -0.026290
-0.081929 0.180118 -0.030684
-0.086017 0.179966 -0.025044
-0.060937 0.179091 -0.029885
-0.034049 0.179404 -0.013267
-0.025990 0.177292 -0.026788
-0.005366 0.175743 -0.012202
-0.006850 0.175743 -0.011710
-0.018449 0.178573 -0.028419
-0.023045 0.178072 -0.027668
-0.019094 0.175913 -0.013031
-0.022660 0.175744 -0.012723
-0.028178 0.178000 -0.015431
-0.038126 0.176368 -0.015503
-0.048077 0.176775 -0.018759
-0.053435 0.177087 -0.020403
-0.057070 0.176131 -0.018568
-0.057943 0.177023 -0.020305
-0.074117 0.176952 -0.028044
-0.087246 0.177685 -0.022126
-0.029000 0.174987 -0.014991
-0.070284 0.174995 -0.029897
-0.078801 0.174714 -0.025183
-0.081335 0.174801 -0.025186
-0.087541 0.174685 -0.019799
-0.083043 0.174505 -0.021206
-0.005045 0.173802 -0.012563
-0.072811 0.174121 -0.026091
-0.076837 0.173549 -0.022652
-0.086325 0.173314 -0.019215
-0.018380 0.173158 -0.013118
-0.028227 0.172711 -0.013813
-0.032921 0.172216 -0.014915
-0.037009 0.172168 -0.014427
-0.038936 0.173469 -0.015376
-0.043327 0.173016 -0.016163
-0.048249 0.173183 -0.016953
-0.052968 0.173285 -0.017621
-0.057086 0.174164 -0.018690
-0.058461 0.172308 -0.019981
-0.061230 0.171177 -0.020508
-0.064976 0.172694 -0.027784
-0.033810 0.170432 -0.014786
-0.055612 0.170417 -0.019668
-0.064893 0.170400 -0.025483
-0.059896 0.170226 -0.019863
-0.061224 0.169908 -0.020111
-0.011223 0.168083 -0.029723
-0.038220 0.169053 -0.014849
-0.082486 0.169445 -0.017783
-0.058345 0.168322 -0.017309
-0.063240 0.168456 -0.016313
-0.013890 0.168438 -0.013058
-0.018340 0.168137 -0.013067
-0.023441 0.168160 -0.013678
-0.028126 0.168161 -0.013387
-0.033223 0.167809 -0.013980
-0.038507 0.166641 -0.013908
-0.043216 0.166614 -0.013566
-0.048153 0.166642 -0.013831
-0.053245 0.166239 -0.014082
-0.063583 0.166283 -0.014110
-0.068299 0.166843 -0.014297
-0.073460 0.168424 -0.015714
-0.082386 0.166522 -0.021116
-0.006614 0.164899 -0.044168
-0.067058 0.165121 -0.014297
-0.005364 0.164508 -0.044570
-0.081931 0.164745 -0.021139
-0.018327 0.182974 -0.027339
-0.053379 0.164424 -0.014075
-0.058262 0.164364 -0.014026
-0.063061 0.164553 -0.014097
-0.073200 0.164020 -0.016874
0.028211 0.161863 -0.007833
0.024521 0.161729 -0.011859
0.023035 0.161703 -0.011061
-0.008158 0.163312 -0.011042
-0.018283 0.163200 -0.012490
-0.023235 0.163238 -0.012683
-0.028316 0.163160 -0.013283
-0.034931 0.161322 -0.014692
-0.033236 0.163464 -0.013538
-0.038322 0.163226 -0.013979
-0.042588 0.163912 -0.014300
-0.044057 0.162354 -0.014725
-0.053033 0.162185 -0.014803
-0.058256 0.162110 -0.014946
-0.076657 0.161077 -0.039091
-0.068304 0.163362 -0.015567
0.036592 0.162173 -0.004952
0.034002 0.161048 -0.004504
0.030727 0.162005 -0.007783
-0.004930 0.160593 -0.011870
-0.075219 0.171188 -0.016187
-0.061292 0.160556 -0.015444
-0.077855 0.160505 -0.020239
0.024430 0.160219 -0.011465
-0.074401 0.159908 -0.039803
-0.100506 0.159636 -0.029666
0.044890 0.159770 -0.000942
-0.007631 0.159256 -0.043339
-0.008635 0.160019 -0.011582
-0.075090 0.159526 -0.039430
-0.033905 0.159740 -0.014753
-0.040443 0.159040 -0.015121
-0.067684 0.158866 -0.042663
-0.058364 0.158669 -0.041231
-0.063183 0.158418 -0.042049
0.041516 0.158683 -0.000543
-0.048256 0.162460 -0.014786
0.032913 0.158521 -0.003835
0.055061 0.156624 0.004879
0.041898 0.156529 0.001483
0.036210 0.156489 0.001557
0.032446 0.156430 0.001832
0.021978 0.158594 -0.010433
0.001504 0.103408 0.001163
-0.009669 0.103337 -0.000045
-0.018292 0.101860 -0.005385
0.068373 0.054062 0.025105
0.068416 0.127677 0.021037
0.036858 0.102745 0.014895
-0.008696 0.078677 0.001064
0.076757 0.103249 0.033090
0.059102 0.100703 0.040859
0.045316 0.099967 0.015584
0.034549 0.100700 0.040830
0.027242 0.102517 0.042438
-0.012038 0.147434 -0.025822
0.056746 0.152162 0.007266
-0.022710 0.096769 -0.006199
-0.002791 0.163601 -0.045490
0.057695 0.138822 0.014290
-0.048172 0.098098 -0.012078
-0.053101 0.098471 -0.010783
-0.053537 0.096068 -0.008651
0.031194 0.074561 0.028300
-0.056865 0.096119 -0.007811
0.069642 0.066169 0.028715
-0.092541 0.151731 -0.021029
-0.068570 0.098255 -0.015895
-0.011498 0.068162 -0.001348
-0.036727 0.095076 -0.020378
-0.016526 0.102341 -0.003944
-0.043249 0.108162 -0.017083
-0.015742 0.095049 -0.001269
-0.012923 0.167832 -0.015328
0.066964 0.099281 0.044630
-0.033209 0.058523 0.014385
-0.047256 0.094790 -0.010240
-0.010398 0.099904 0.000180
0.048689 0.076080 0.050392
0.077003 0.098342 0.034152
0.067627 0.123370 0.023592
0.072004 0.123353 0.023519
0.066570 0.097009 0.046046
0.058054 0.096804 0.044095
-0.096737 0.154894 -0.028190
0.026895 0.098541 0.044672
0.068077 0.067708 0.038057
-0.055474 0.140310 -0.043059
-0.063056 0.118290 -0.021444
-0.043182 0.064990 0.009878
0.036276 0.094638 0.040274
-0.023006 0.142830 -0.016988
-0.019083 0.093688 -0.002120
0.056740 0.068190 0.051683
-0.026840 0.091180 -0.004388
0.042070 0.063328 0.046911
0.070161 0.062743 0.028369
-0.064048 0.093552 -0.011704
-0.052842 0.077947 0.009294
-0.063139 0.098099 -0.012822
0.056726 0.078321 0.052349
-0.030003 0.090409 -0.004937
0.037570 0.093071 0.013867
-0.047831 0.089762 -0.000674
0.073725 0.082151 0.039960
-0.060342 0.089508 -0.005223
0.074729 0.092807 0.041337
-0.071131 0.059868 0.009530
0.046548 0.056802 0.044197
0.035264 0.093126 0.042366
-0.041748 0.137323 -0.018690
-0.012920 0.068614 0.008629
-0.066431 0.096880 -0.014237
0.031448 0.106649 0.036237
-0.073593 0.088364 -0.016331
0.056653 0.094739 0.044693
-0.002380 0.087812 0.000248
0.062749 0.057910 0.032508
-0.043663 0.091708 -0.007989
-0.028276 0.088228 -0.003142
-0.033056 0.087265 -0.003628
0.008945 0.084915 -0.012703
-0.004129 0.088236 0.001105
-0.008366 0.087922 0.001885
-0.015207 0.059064 0.011923
0.026830 0.088418 0.046214
-0.006830 0.122757 -0.003116
-0.043603 0.086371 0.001447
0.075772 0.113455 0.028149
0.027480 0.156228 -0.000828
0.050764 0.141896 0.015875
-0.051438 0.086710 0.000811
0.061340 0.098801 0.044170
0.058034 0.086261 0.050600
0.032311 0.063019 0.038696
0.034678 0.089164 0.042215
-0.048069 0.087179 0.001445
-0.021148 0.084486 0.005141
0.016835 0.147793 0.003037
-0.018082 0.084822 0.005026
-0.037399 0.084821 -0.001055
0.074504 0.088354 0.041217
0.032806 0.087868 0.044054
0.023182 0.088804 0.045676
-0.013137 0.063746 0.009048
-0.078077 0.083697 -0.021100
-0.076925 0.092700 -0.021237
0.070674 0.088178 0.046773
-0.048746 0.091830 -0.002857
0.065024 0.086416 0.050596
0.062541 0.102176 0.041727
-0.053618 0.088643 -0.000773
0.075269 0.102961 0.037088
-0.060239 0.120006 -0.020973
-0.065293 0.081604 -0.010230
-0.028095 0.092720 -0.006215
0.068516 0.071928 0.043745
-0.055382 0.124394 -0.020276
0.076434 0.119303 0.019559
-0.026247 0.195754 -0.031381
-0.028175 0.138006 -0.016219
-0.033294 0.083387 -0.001530
-0.052098 0.083097 0.000891
-0.003251 0.098098 0.001576
-0.054445 0.083564 -0.000476
0.054707 0.084807 0.050329
-0.008348 0.082981 0.001643
-0.013381 0.082971 0.003227
-0.086471 0.150705 -0.019562
-0.018160 0.082501 0.006285
0.035165 0.097648 0.041778
0.070211 0.092880 0.046125
0.021844 0.116168 -0.009872
-0.036732 0.178097 -0.013960
-0.038465 0.082685 0.002766
-0.052797 0.158506 -0.015666
-0.013668 0.158400 -0.012179
-0.065143 0.080171 -0.009930
-0.033237 0.069346 0.009294
-0.057887 0.079997 -0.002424
0.072714 0.078744 0.040020
-0.056844 0.079241 0.001928
0.002046 0.137849 -0.002013
-0.033653 0.173561 -0.014396
-0.013220 0.153249 -0.012268
0.072867 0.083231 0.042966
0.032676 0.082255 0.040007
0.031313 0.083396 0.042966
-0.008547 0.068211 -0.002874
-0.023215 0.173113 -0.012941
-0.075940 0.082917 -0.017588
0.024139 0.096783 0.045649
-0.032608 0.103614 -0.025601
-0.018274 0.176531 -0.029807
0.057402 0.092661 0.046864
0.026649 0.133181 0.007809
-0.043176 0.073772 0.008230
-0.064155 0.078879 -0.008040
0.027002 0.068041 0.029948
-0.011972 0.070510 0.000492
-0.013158 0.092857 0.001769
0.026720 0.093292 0.046154
-0.077741 0.078292 -0.020577
-0.043495 0.178274 -0.020149
-0.032984 0.177597 -0.015881
-0.041225 0.095404 -0.015519
0.065355 0.082876 0.050927
0.073541 0.138709 0.026018
0.061846 0.083162 0.051788
-0.062447 0.141333 -0.041229
0.024018 0.085489 0.045413
-0.072481 0.068274 0.012110
0.053263 0.081692 0.050730
-0.077722 0.075308 -0.021109
-0.047814 0.078618 0.003436
-0.008263 0.097966 0.001110
-0.014706 0.143315 -0.023216
0.049814 0.080010 0.050008
-0.004584 0.162918 -0.011685
0.001843 0.108409 0.001576
0.066753 0.093184 0.047685
-0.009181 0.157524 -0.028708
-0.013331 0.182973 -0.027197
-0.012630 0.078071 0.003185
-0.062434 0.083232 -0.006525
-0.011943 0.073517 0.002934
0.036738 0.143496 0.014127
-0.018041 0.078325 0.008173
-0.044314 0.179970 -0.025925
-0.043129 0.094074 -0.011522
-0.013879 0.149198 -0.012996
-0.058073 0.076959 0.009755
-0.025389 0.075309 0.000585
0.046950 0.059420 0.046516
-0.024213 0.094482 -0.005694
-0.058254 0.075616 0.010345
-0.014869 0.077711 0.006591
0.013387 0.061222 0.030671
0.054568 0.110008 0.017303
-0.048394 0.178495 -0.019806
-0.066085 0.150744 -0.017491
0.013540 0.097262 -0.010775
0.030484 0.093090 0.045804
-0.053792 0.076444 0.010512
0.062285 0.104692 0.039258
0.067142 0.088260 0.049122
0.001365 0.133492 -0.000832
0.031559 0.076104 0.024974
-0.053268 0.103215 -0.012508
0.031283 0.076150 0.025537
0.041984 0.107978 0.017282
-0.063390 0.162364 -0.015247
0.031743 0.058806 0.036314
-0.088458 0.152358 -0.020935
0.042328 0.076790 0.044731
-0.003227 0.093068 0.001366
-0.043330 0.148141 -0.013757
0.013275 0.098980 -0.009289
-0.043164 0.128198 -0.016142
0.037845 0.112755 0.016089
-0.070004 0.093783 -0.015316
0.030500 0.077607 0.039009
-0.004024 0.083166 0.000054
0.028864 0.075923 0.039891
0.034029 0.063056 0.040577
0.026397 0.128483 0.003352
0.036193 0.089293 0.013481
-0.018410 0.153017 -0.012404
-0.017287 0.074807 0.009567
-0.038271 0.103262 -0.022677
0.079576 0.142374 0.030140
-0.014539 0.063082 0.012912
-0.013428 0.138138 -0.025932
0.071105 0.073167 0.034363
0.071468 0.078277 0.042905
-0.037913 0.063206 0.012438
-0.028240 0.066224 0.011094
0.072660 0.093340 0.043959
0.036314 0.098712 0.039233
0.031856 0.098098 0.043796
0.024934 0.122767 -0.005593
-0.052964 0.063089 0.013473
-0.063488 0.054846 0.009181
-0.042582 0.068475 0.011094
-0.067398 0.058867 0.011240
-0.049841 0.065604 0.009915
0.026549 0.064045 0.032672
0.022775 0.074753 0.040918
0.035457 0.113601 0.014304
-0.061345 0.091885 -0.006783
0.034099 0.060519 0.040489
-0.008061 0.073085 -0.000968
-0.087630 0.154282 -0.026652
-0.016867 0.063982 0.015086
-0.050959 0.073758 0.010281
0.002642 0.128018 0.001173
-0.075976 0.098220 -0.022208
-0.012172 0.156858 -0.015027
-0.033642 0.143592 -0.013149
-0.044197 0.078197 0.004956
-0.066703 0.055273 0.008651
-0.033450 0.089631 -0.005585
0.059734 0.151741 0.007540
0.051676 0.059382 0.046817
0.037128 0.062954 0.043602
-0.016497 0.091651 0.002943
0.022001 0.083182 0.044073
-0.001087 0.121374 0.000667
0.029405 0.062135 0.034969
0.016976 0.063247 0.033122
-0.063188 0.063044 0.013097
0.086869 0.137721 0.031452
0.030153 0.079306 0.041480
-0.061104 0.121561 -0.022079
-0.022371 0.072397 0.012814
0.061414 0.137978 0.012619
0.070275 0.072490 0.036852
0.056881 0.083058 0.051288
0.042411 0.099773 0.015627
-0.034214 0.094940 -0.021569
-0.062205 0.102466 -0.013989
-0.056251 0.054649 0.010917
-0.011156 0.168784 -0.043416
-0.007235 0.103176 0.000836
-0.005222 0.060566 0.025308
0.074173 0.100639 0.039892
-0.021259 0.082348 0.006317
0.015179 0.150038 0.000088
0.065599 0.063507 0.037541
-0.032342 0.141658 -0.016206
0.022217 0.063166 0.034208
-0.010923 0.116556 -0.004250
-0.028144 0.153074 -0.012667
0.002386 0.099547 0.000342
-0.033540 0.066921 0.011849
-0.014521 0.067722 0.012278
0.000550 0.098627 0.000930
0.051914 0.068099 0.051676
0.081706 0.127825 0.025812
0.066597 0.073210 0.048053
0.039821 0.061778 0.045129
0.089796 0.139492 0.030253
-0.006292 0.058812 0.025469
-0.048512 0.055182 -0.008960
-0.019395 0.143418 -0.018527
0.023583 0.059793 0.034161
-0.013109 0.186553 -0.027406
0.074681 0.135705 0.025216
-0.028160 0.186773 -0.029254
-0.033145 0.063253 0.013777
0.037042 0.054581 0.037594
-0.057984 0.160405 -0.015296
-0.034937 0.081425 0.001594
0.063266 0.056710 0.028963
-0.025000 0.179293 -0.015927
0.034720 0.107341 0.032669
-0.063275 0.067961 0.012075
-0.013710 0.179702 -0.028677
-0.052668 0.059175 0.015430
-0.052073 0.079604 0.001180
-0.048511 0.108306 -0.013859
-0.002988 0.128030 -0.002312
0.056759 0.058068 0.043050
-0.083847 0.150707 -0.019510
0.026919 0.082715 0.044654
-0.018057 0.097632 -0.003187
-0.081999 0.140095 -0.015344
0.021605 0.072509 0.039367
-0.049518 0.065072 0.003906
-0.063066 0.076031 0.011062
0.065342 0.069004 0.046831
0.060676 0.142321 0.011090
0.064557 0.074876 0.050628
-0.033071 0.099744 -0.025279
-0.068130 0.169006 -0.017161
0.018163 0.142652 0.006027
-0.068407 0.072874 0.012277
0.038408 0.133433 0.016068
-0.068199 0.148018 -0.016951
-0.027956 0.112760 -0.025635
0.050918 0.157791 0.002959
-0.020171 0.138802 -0.019164
0.006724 0.062827 0.029322
-0.044724 0.067310 0.009870
-0.048321 0.082950 0.002609
-0.031599 0.054781 0.014681
-0.052975 0.122758 -0.017520
0.054748 0.055629 0.040770
-0.035077 0.093195 -0.011354
-0.005549 0.067869 -0.005078
-0.028438 0.058355 0.016474
-0.015471 0.081520 0.005646
-0.028453 0.077185 0.001442
-0.001546 0.062892 0.028931
-0.092969 0.147732 -0.018168
0.077516 0.151413 0.027251
-0.029040 0.079040 -0.000049
-0.077230 0.152525 -0.020080
0.048447 0.073026 0.050637
0.041634 0.057770 0.043476
0.051512 0.064732 0.050694
-0.000446 0.094788 0.000437
-0.068748 0.057823 0.009963
-0.038171 0.089028 -0.005988
0.035242 0.102598 0.037534
0.070018 0.078570 0.046501
-0.004964 0.078095 -0.001006
-0.058397 0.073104 0.011007
-0.048399 0.073794 0.009940
-0.048601 0.056937 -0.008110
0.011818 0.095274 -0.009569
-0.048696 0.077092 0.007810
0.061702 0.078259 0.052324
0.022273 0.058436 0.038043
-0.071309 0.083161 -0.014137
0.000378 0.065678 0.027133
-0.028434 0.146304 -0.014950
-0.083230 0.177864 -0.025871
0.076698 0.137996 0.027182
-0.022080 0.053735 0.014526
0.029660 0.070177 0.032932
-0.042847 0.098429 -0.016814
-0.078222 0.148072 -0.018160
0.037748 0.098297 0.014520
-0.006515 0.126036 -0.004283
0.039219 0.064495 0.045734
-0.023619 0.088673 -0.001529
0.051965 0.056745 0.043744
0.045936 0.073223 0.049284
-0.003846 0.166327 -0.045269
0.073406 0.114813 0.029581
-0.048476 0.144372 -0.012889
0.011703 0.142759 0.002233
0.021820 0.055048 0.040824
-0.043211 0.113128 -0.015856
0.060177 0.148449 0.008537
-0.071790 0.170415 -0.020456
0.061818 0.086901 0.050794
0.018625 0.116856 -0.005709
-0.014499 0.058898 0.009845
0.070589 0.083210 0.046944
-0.064380 0.143877 -0.014770
0.060863 0.064040 0.047001
-0.025368 0.078439 0.000808
-0.009397 0.064758 -0.003855
0.046716 0.107875 0.017951
-0.058616 0.055659 0.010272
-0.029622 0.114603 -0.024324
0.073593 0.119983 0.024710
-0.043430 0.169290 -0.015541
-0.072309 0.072594 0.013315
-0.008271 0.093024 0.001514
0.011831 0.128231 0.003401
0.066999 0.057835 0.028492
-0.074420 0.099686 -0.020985
-0.025846 0.081285 0.000425
-0.027652 0.062132 0.016002
-0.042403 0.156624 -0.014286
-0.072976 0.093330 -0.017094
-0.053328 0.073087 0.011054
0.068429 0.121238 0.025420
0.032175 0.118003 0.027451
-0.023172 0.174994 -0.028636
-0.011165 0.071734 0.000085
0.067102 0.063091 0.032867
0.041093 0.053979 0.039762
0.069457 0.096077 0.045642
0.068597 0.062502 0.029913
0.040481 0.073539 0.044968
0.001705 0.058815 0.029588
-0.078287 0.143307 -0.016179
-0.065466 0.088538 -0.011023
-0.066267 0.111376 -0.019544
-0.028659 0.064180 0.013254
0.021011 0.061101 0.036003
-0.018370 0.072567 0.012096
0.047203 0.054367 0.041981
0.060271 0.144927 0.009986
-0.053624 0.054863 0.012477
-0.052987 0.092477 -0.002888
0.057858 0.054416 0.035271
-0.040954 0.100336 -0.019929
-0.020883 0.097051 -0.004582
-0.046207 0.113101 -0.014683
0.061932 0.093020 0.048190
0.016548 0.122527 -0.000102
-0.039044 0.094873 -0.017085
0.067895 0.129266 0.019996
-0.023706 0.054678 0.016406
-0.037419 0.070361 0.009476
-0.023088 0.062784 0.016424
-0.068293 0.083298 -0.012167
-0.038465 0.093088 -0.011177
0.002790 0.064744 0.020026
0.023167 0.055074 0.039838
0.071829 0.098039 0.042985
-0.021597 0.132338 -0.020417
0.075784 0.098422 0.038193
-0.058043 0.083225 -0.002739
0.021953 0.068155 0.036887
0.056284 0.054673 0.037789
-0.036690 0.059533 0.012619
0.042590 0.072739 0.047190
-0.023249 0.058410 0.017453
-0.004890 0.083979 0.000758
0.026808 0.078238 0.042438
-0.077646 0.086711 -0.020730
-0.043099 0.083067 0.003758
-0.087018 0.139265 -0.042766
-0.033469 0.153012 -0.013976
-0.068413 0.079609 -0.012084
-0.071043 0.087948 -0.014366
0.001690 0.062977 0.028823
0.066729 0.068172 0.042917
-0.013421 0.098413 -0.000743
-0.003116 0.103242 0.001552
-0.055919 0.076332 0.010391
-0.058145 0.152524 -0.016682
0.018673 0.072259 0.038109
0.043186 0.059805 0.045895
0.036229 0.057078 0.039555
-0.048773 0.068572 0.009091
0.008953 0.146249 -0.000920
0.006774 0.058696 0.029727
0.026957 0.072869 0.038435
-0.067271 0.077304 -0.007279
-0.076006 0.180370 -0.029814
-0.027785 0.054601 0.016533
0.076644 0.122235 0.019201
0.032615 0.114000 0.029268
-0.083740 0.151686 -0.020081
0.072524 0.104003 0.039280
0.015602 0.058838 0.031968
0.021535 0.154375 -0.001166
-0.013139 0.103055 -0.001883
0.069053 0.066127 0.029590
0.046159 0.068380 0.049748
0.005271 0.108904 0.000803
0.056052 0.060031 0.046731
0.041635 0.068057 0.047419
-0.043524 0.071252 0.010629
-0.006370 0.056829 0.025057
0.018853 0.111227 -0.010279
0.018228 0.151466 0.001438
0.041224 0.097659 0.014963
-0.058443 0.063079 0.012546
0.067289 0.118094 0.027991
0.034629 0.109769 0.030025
0.047929 0.082177 0.047221
-0.009590 0.168652 -0.012954
0.035848 0.108305 0.014739
-0.058986 0.054680 0.009584
0.010121 0.063942 0.023462
0.037314 0.058877 0.041920
-0.068240 0.143683 -0.015063
-0.022592 0.092672 -0.003192
-0.031305 0.057196 0.015437
0.023412 0.151171 0.005422
-0.018758 0.062844 0.016009
0.069937 0.073945 0.042501
0.025529 0.074832 0.040851
0.070344 0.058617 0.026768
0.041693 0.138397 0.016659
0.009413 0.085436 -0.013204
-0.032127 0.117268 -0.020857
0.026273 0.096260 0.045516
-0.057840 0.088267 -0.002954
-0.094653 0.149341 -0.020214
0.074637 0.096735 0.040863
-0.027818 0.182120 -0.015162
-0.055636 0.171560 -0.019720
-0.020563 0.055429 0.015556
0.056782 0.148353 0.008829
-0.012013 0.167538 -0.029134
-0.003494 0.058292 0.027276
-0.048184 0.158002 -0.015395
0.064897 0.064791 0.041710
-0.020160 0.098873 -0.004861
-0.044179 0.176651 -0.018613
-0.072313 0.063918 0.009755
0.022595 0.065910 0.035189
0.048776 0.065265 0.050524
-0.068121 0.062974 0.011837
0.062426 0.067720 0.048758
0.010498 0.088539 -0.012195
0.063700 0.071628 0.050044
0.029244 0.085494 0.045469
-0.006495 0.066586 -0.005044
-0.049014 0.115700 -0.014522
-0.023056 0.153150 -0.011914
0.006976 0.064475 0.021464
-0.050032 0.062778 0.012223
-0.071482 0.079840 -0.014476
0.018428 0.068705 0.036034
-0.063290 0.072841 0.011648
-0.013173 0.163246 -0.011622
0.066976 0.105606 0.039933
-0.018848 0.133558 -0.022563
0.048667 0.068297 0.050708
-0.009970 0.143262 -0.027837
0.061458 0.058663 0.037728
0.066365 0.054424 0.026472
-0.068352 0.088325 -0.012789
-0.020614 0.124594 -0.024605
0.030365 0.088681 0.045795
0.058692 0.066285 0.050195
0.043487 0.075787 0.046715
-0.000391 0.124195 0.000154
0.032112 0.068013 0.037790
-0.004973 0.073318 -0.002440
-0.061722 0.178833 -0.029534
-0.015203 0.071190 0.010970
0.052735 0.087497 0.047766
-0.036924 0.079893 0.004901
-0.028081 0.189228 -0.030018
-0.008327 0.173105 -0.011960
0.065068 0.059908 0.032138
0.071006 0.102143 0.041476
0.062645 0.096858 0.046159
0.068742 0.066670 0.034036
0.007454 0.108014 -0.000720
0.051587 0.083253 0.049339
-0.057081 0.092122 -0.003808
-0.007105 0.064382 -0.006000
0.028466 0.138700 0.010724
-0.058256 0.098365 -0.011131
0.069847 0.069120 0.034304
-0.031280 0.111610 -0.024768
-0.093440 0.154501 -0.027209
-0.068318 0.068125 0.012042
-0.038388 0.091292 -0.008389
-0.058614 0.067810 0.011562
0.033673 0.055131 0.035389
-0.030326 0.053968 0.015117
-0.050040 0.068158 0.010613
0.032155 0.104321 0.038667
0.046719 0.142615 0.015996
0.066929 0.102856 0.042199
-0.091456 0.142575 -0.014490
-0.028771 0.068790 0.009484
-0.058339 0.093909 -0.006056
-0.062986 0.058105 0.012058
0.086266 0.143944 0.032228
-0.049197 0.065845 0.004540
-0.018198 0.068230 0.013612
0.026590 0.085178 0.045616
-0.062400 0.087737 -0.006677
-0.061843 0.077022 0.010108
-0.010225 0.074925 0.000652
-0.001161 0.065709 0.027494
-0.093318 0.144691 -0.016342
0.062604 0.054522 0.027376
0.017824 0.066757 0.034906
-0.102073 0.158186 -0.030140
0.069612 0.069869 0.036199
0.035509 0.161199 -0.004494
-0.032943 0.078551 0.003237
-0.040008 0.096736 -0.018753
0.061608 0.073532 0.051772
-0.053023 0.094888 -0.006265
-0.027348 0.122702 -0.021022
0.028064 0.071658 0.035161
-0.013971 0.073140 0.007782
-0.066167 0.075686 0.011203
-0.062876 0.113011 -0.018035
-0.034057 0.076713 0.006290
0.040252 0.094475 0.014247
0.030368 0.074048 0.037632
-0.028455 0.184970 -0.028844
-0.073128 0.151799 -0.025195
-0.016898 0.054923 0.010013
0.021406 0.056640 0.040741
0.005910 0.189370 -0.027831
-0.028304 0.148317 -0.013142
-0.016981 0.057428 0.013500
0.036633 0.158464 -0.002495
0.037800 0.073058 0.042020
-0.018988 0.058707 0.016438
-0.013559 0.087923 0.002387
-0.053036 0.143891 -0.012750
-0.011786 0.064070 -0.003127
0.035571 0.072298 0.039610
-0.048222 0.164743 -0.014152
0.030268 0.159575 -0.007136
0.012298 0.093051 -0.011728
-0.022861 0.067846 0.012929
0.044311 0.053463 0.040147
-0.033056 0.073422 0.007742
-0.068343 0.172741 -0.026977
0.009766 0.108963 -0.001818
-0.068285 0.102940 -0.017340
0.030876 0.071934 0.032866
0.005362 0.065081 0.020275
0.051898 0.078074 0.051028
0.060577 0.069550 0.051019
0.038186 0.118135 0.016177
0.025175 0.124541 -0.003072
-0.005410 0.069661 -0.003855
0.035887 0.118055 0.014244
-0.045169 0.134914 -0.020263
0.067858 0.083075 0.049462
-0.046704 0.072223 0.010482
0.051763 0.073275 0.051634
-0.095955 0.149569 -0.020049
-0.029261 0.072579 0.007136
-0.048073 0.181125 -0.027088
-0.067374 0.107429 -0.018608
0.075977 0.093347 0.037927
0.010692 0.057708 0.030014
-0.038173 0.118144 -0.016692
-0.010608 0.139738 -0.026915
0.003707 0.102841 0.000251
0.065122 0.078570 0.051002
0.035338 0.104658 0.034622
0.038307 0.104234 0.015700
-0.045597 0.091181 -0.004374
0.077392 0.104136 0.029943
-0.022764 0.196458 -0.031618
-0.078293 0.151007 -0.019488
0.055517 0.154666 0.004901
-0.048205 0.169194 -0.015377
-0.071371 0.102496 -0.018944
-0.064181 0.103809 -0.015348
-0.008625 0.167122 -0.043889
-0.048673 0.103045 -0.013380
-0.046275 0.103333 -0.015025
0.073302 0.088050 0.043692
-0.043589 0.103014 -0.017382
0.027878 0.105156 0.039337
0.013915 0.101444 -0.009216
-0.073266 0.102593 -0.020902
-0.041060 0.103183 -0.019942
0.006124 0.104593 -0.000686
0.015091 0.104062 -0.009015
-0.028246 0.083404 -0.000755
0.069016 0.132632 0.020574
-0.010247 0.180366 -0.028786
0.050025 0.105150 0.016713
0.046589 0.152137 0.007667
0.028298 0.106458 0.037247
0.006722 0.123051 0.002518
0.032216 0.108811 0.033576
0.063181 0.107307 0.037007
0.067076 0.108136 0.037468
0.044696 0.161207 -0.001234
0.013700 0.154940 -0.012697
0.042609 0.054784 0.040920
0.071677 0.107643 0.037079
0.032072 0.147410 0.011218
0.074576 0.106421 0.035796
-0.073136 0.178381 -0.030372
0.075716 0.107907 0.032781
0.051292 0.108516 0.017605
-0.012943 0.107627 -0.003288
-0.098159 0.157714 -0.028649
-0.008650 0.108458 -0.000591
-0.006437 0.107221 0.000675
-0.049879 0.058641 0.013792
-0.003119 0.108404 0.001469
0.016363 0.157684 -0.013061
0.072602 0.109731 0.034706
0.041752 0.103257 0.016278
0.013001 0.055310 0.029685
0.076887 0.108584 0.028710
-0.026028 0.125912 -0.019886
-0.071544 0.106660 -0.021424
-0.063293 0.108222 -0.016624
0.056598 0.088471 0.049192
0.027893 0.130622 0.006307
-0.061162 0.106072 -0.014584
0.036872 0.148425 0.012056
-0.057769 0.107149 -0.014151
-0.053170 0.108328 -0.013696
-0.054697 0.079794 -0.000300
0.051869 0.062368 0.049595
-0.046126 0.107822 -0.014885
0.061838 0.089249 0.049884
0.015297 0.119035 -0.001393
0.062319 0.128308 0.014620
-0.040804 0.105780 -0.020005
0.063803 0.110917 0.033475
-0.038141 0.107944 -0.021823
-0.006514 0.055188 0.024520
0.017937 0.107874 -0.011241
0.055818 0.065065 0.050624
-0.069423 0.108951 -0.020957
-0.058682 0.109382 -0.015018
-0.038280 0.068053 0.011655
-0.034064 0.108552 -0.024263
-0.077188 0.163978 -0.019239
-0.073446 0.143550 -0.015793
-0.048278 0.148201 -0.013661
-0.031923 0.107716 -0.025072
-0.061734 0.116595 -0.019133
-0.020537 0.195005 -0.032651
0.026197 0.137834 0.009427
0.063625 0.109890 0.034218
-0.083464 0.172428 -0.018631
-0.014393 0.109341 -0.005136
0.065816 0.110294 0.035077
0.009996 0.154184 -0.016249
-0.073504 0.171984 -0.022741
0.031678 0.143282 0.012143
0.031254 0.111927 0.031366
-0.084065 0.152880 -0.026378
0.034356 0.111858 0.028979
0.066985 0.112909 0.032971
0.047102 0.157774 0.002417
-0.088545 0.142468 -0.014371
-0.024052 0.064975 0.012254
-0.001812 0.117506 0.000842
0.006220 0.113384 0.001137
-0.020916 0.085901 0.004463
0.010310 0.145164 0.000055
0.074989 0.111460 0.031338
0.019538 0.109894 -0.012260
-0.011704 0.112936 -0.003694
0.011050 0.062463 0.029558
0.041602 0.112852 0.017725
0.046775 0.112983 0.019081
0.051819 0.112989 0.018951
0.055660 0.113497 0.017864
-0.014184 0.110974 -0.005576
0.014984 0.098797 -0.012399
-0.008331 0.113377 -0.001654
-0.078042 0.162731 -0.019855
0.042210 0.161302 -0.000942
0.081714 0.132990 0.027750
-0.005176 0.113987 0.000105
-0.072426 0.097872 -0.018263
-0.048587 0.113122 -0.014252
-0.033870 0.097773 -0.023360
-0.087950 0.144327 -0.015236
-0.084513 0.176784 -0.022973
0.008424 0.112494 -0.000030
-0.066620 0.170400 -0.025474
0.010897 0.113654 -0.001177
-0.080214 0.165840 -0.020355
0.020367 0.113099 -0.010789
-0.067540 0.112870 -0.021439
-0.058194 0.113366 -0.015944
-0.011747 0.096542 0.000644
-0.052800 0.112161 -0.014355
-0.053229 0.179736 -0.027361
0.083102 0.146620 0.032953
-0.038737 0.113686 -0.018242
-0.023797 0.133299 -0.018312
-0.036917 0.111928 -0.020665
-0.033491 0.113221 -0.022574
-0.053983 0.114195 -0.015035
-0.078096 0.168370 -0.016681
0.019849 0.114560 -0.008775
0.065074 0.115010 0.029924
0.076464 0.115459 0.024781
-0.005653 0.166060 -0.044578
0.027517 0.158654 -0.007265
0.071658 0.112748 0.032496
0.052143 0.143934 0.014158
0.032974 0.093307 0.044631
-0.065084 0.114799 -0.020969
0.041735 0.117922 0.018017
0.046785 0.118072 0.019498
0.051853 0.118087 0.019798
0.056675 0.118055 0.018166
0.074844 0.116751 0.026178
-0.053130 0.153021 -0.015845
0.075479 0.118625 0.023197
-0.024783 0.114983 -0.026457
-0.004123 0.117998 -0.000372
0.006759 0.117878 0.001850
-0.038372 0.123063 -0.015663
0.010452 0.118773 0.000994
-0.070414 0.150605 -0.024929
0.012513 0.117745 -0.000498
-0.053202 0.117908 -0.015792
-0.048258 0.118156 -0.015000
0.058166 0.145176 0.010189
-0.043309 0.117961 -0.015121
-0.035371 0.115462 -0.019522
-0.091356 0.150706 -0.019518
-0.007773 0.117951 -0.002498
0.021446 0.118370 -0.006945
-0.095820 0.145484 -0.018060
0.056743 0.073151 0.052760
-0.066051 0.116435 -0.022540
-0.003632 0.184071 -0.027849
0.027200 0.154126 0.004187
-0.043478 0.158688 -0.015517
-0.038266 0.077975 0.006317
-0.034064 0.118592 -0.018540
0.069449 0.055647 0.025672
0.026426 0.068132 0.034597
-0.043308 0.088606 -0.001890
-0.028678 0.118637 -0.022853
-0.012240 0.142991 -0.026003
0.069999 0.055089 0.024412
0.025421 0.069084 0.036498
-0.042232 0.089900 -0.006119
-0.026813 0.116918 -0.025157
0.004646 0.065720 0.019477
0.056676 0.133147 0.017012
-0.023220 0.118304 -0.025592
-0.048183 0.093573 -0.007425
0.011806 0.133073 0.004073
-0.021031 0.079316 0.007605
-0.093449 0.156985 -0.027541
0.031616 0.138365 0.012343
0.059695 0.119376 0.016580
-0.011073 0.117987 -0.005115
-0.010500 0.118346 -0.005314
0.067916 0.115749 0.030381
0.033937 0.120148 0.025158
-0.024994 0.119622 -0.024379
-0.049504 0.130095 -0.020535
0.020123 0.120204 -0.003992
0.031733 0.122559 0.023947
0.031842 0.121244 0.025559
0.006719 0.133369 0.002035
0.036121 0.122629 0.014282
0.046728 0.078027 0.048439
0.038248 0.122868 0.016075
-0.011625 0.157367 -0.027493
0.076810 0.143040 0.028307
0.041798 0.123116 0.017911
0.060089 0.127718 0.015966
0.046801 0.123139 0.019535
0.002618 0.065719 0.019463
0.051859 0.123152 0.019815
0.081612 0.138005 0.029465
-0.033331 0.128260 -0.015903
-0.009470 0.147683 -0.027790
0.060246 0.123050 0.016135
-0.084327 0.141971 -0.014369
0.067616 0.077809 0.048937
0.070181 0.121240 0.025456
-0.078073 0.178023 -0.026477
0.075485 0.123260 0.021804
-0.048367 0.153222 -0.015220
0.079633 0.148771 0.026456
0.056758 0.123078 0.018183
-0.003427 0.123069 -0.001210
0.086218 0.140017 0.029770
0.002022 0.122884 0.001538
0.011640 0.123166 0.001977
0.013773 0.120979 0.000081
-0.056854 0.121372 -0.018740
-0.052999 0.168771 -0.015901
-0.048220 0.122986 -0.016033
-0.043321 0.123060 -0.015340
-0.033200 0.123018 -0.017015
0.034203 0.054419 0.035302
0.071182 0.057259 0.024597
-0.029403 0.123754 -0.018704
-0.041417 0.064436 0.010826
-0.033126 0.148283 -0.013287
-0.033111 0.091832 -0.007919
0.021968 0.086963 0.045051
0.013856 0.151053 -0.000933
0.021668 0.123427 -0.002105
-0.004794 0.055257 0.024729
0.080228 0.148742 0.025314
0.023342 0.121687 -0.005611
-0.058247 0.123305 -0.021328
-0.007017 0.154681 -0.029735
-0.024068 0.123614 -0.023387
0.060397 0.059667 0.042030
0.046682 0.128177 0.019237
-0.022275 0.122195 -0.025147
-0.019674 0.123371 -0.025227
0.064296 0.129823 0.013924
0.011020 0.147987 -0.001576
0.015894 0.124379 0.001030
0.059526 0.131859 0.015579
0.061816 0.124306 0.015094
-0.082815 0.143637 -0.015782
0.009030 0.086576 -0.010914
0.081925 0.124781 0.024976
0.026827 0.151852 0.006568
0.081091 0.125273 0.025574
0.006392 0.143032 -0.001322
0.026778 0.148372 0.008511
-0.006768 0.077552 -0.000058
-0.058016 0.117896 -0.017519
0.019778 0.125244 0.000535
-0.038301 0.148143 -0.013545
0.035953 0.128792 0.014211
0.038281 0.127765 0.016139
-0.073747 0.083024 -0.016105
0.051719 0.128260 0.019463
0.056720 0.128180 0.017871
0.046666 0.103389 0.016524
-0.038164 0.098463 -0.021847
0.016326 0.103201 -0.011678
-0.033316 0.138081 -0.016125
-0.038274 0.073031 0.007665
-0.061660 0.146315 -0.014434
0.076605 0.128498 0.023758
0.081580 0.127838 0.024959
0.035657 0.138244 0.014571
0.006803 0.128193 0.002625
-0.058211 0.165882 -0.013930
0.016272 0.108285 -0.008393
-0.058318 0.139917 -0.042682
-0.067431 0.092852 -0.013345
0.016819 0.128237 0.003059
0.021543 0.128317 0.002364
-0.038709 0.086775 -0.002827
0.023239 0.125959 -0.000044
0.003504 0.132313 0.000639
0.053064 0.053874 0.039706
0.025670 0.125937 -0.000604
-0.056403 0.125839 -0.021729
-0.003856 0.175954 -0.046898
0.058925 0.134759 0.015101
-0.062921 0.151423 -0.017228
-0.053151 0.127726 -0.021169
0.041798 0.128223 0.017817
0.012872 0.058902 0.030697
-0.051411 0.126405 -0.018815
0.046706 0.063256 0.048963
-0.047939 0.127850 -0.017766
0.017651 0.137885 0.006128
0.032494 0.056656 0.035130
-0.028271 0.128273 -0.017552
0.063659 0.061503 0.038801
-0.022920 0.127837 -0.021847
-0.020160 0.128900 -0.023910
-0.018260 0.128038 -0.025396
0.029805 0.128153 0.004877
0.086611 0.129114 0.029650
0.088384 0.129842 0.030650
0.075341 0.088565 0.038791
-0.011340 0.154909 -0.027146
0.089343 0.129764 0.030502
0.089888 0.129867 0.030081
0.029908 0.130153 0.006853
-0.052779 0.058134 0.014736
0.086706 0.132829 0.029323
-0.042019 0.077697 0.005727
0.087507 0.133750 0.031018
0.090248 0.134353 0.031752
-0.014304 0.147328 -0.022997
0.089796 0.131388 0.029619
-0.018201 0.158328 -0.011693
0.030302 0.132315 0.009022
0.058162 0.056564 0.038811
0.035810 0.133042 0.014461
0.056562 0.143048 0.012464
-0.025015 0.129447 -0.019065
0.062288 0.062520 0.043397
0.046859 0.133326 0.018620
-0.073693 0.078407 -0.016136
-0.020168 0.120385 -0.026004
0.051820 0.133287 0.018652
0.061742 0.133170 0.013848
-0.034534 0.103320 -0.024170
0.029193 0.109525 0.034068
0.064469 0.132716 0.013166
-0.024692 0.186377 -0.015067
0.072168 0.133280 0.023315
-0.031678 0.079997 -0.000207
0.075985 0.132666 0.024647
-0.002770 0.131625 -0.003446
-0.016918 0.142947 -0.020732
-0.008040 0.168776 -0.044750
-0.038239 0.128332 -0.015481
0.016460 0.132360 0.004899
0.001616 0.117938 0.001725
0.021793 0.133740 0.006380
0.032319 0.134101 0.012187
0.077752 0.134022 0.025870
-0.047754 0.132874 -0.020948
-0.070758 0.170406 -0.023372
0.015740 0.143360 0.004423
-0.076610 0.159600 -0.039150
-0.046451 0.131702 -0.018986
0.034235 0.116280 0.026784
-0.043005 0.132921 -0.017628
-0.038184 0.133174 -0.016141
-0.033249 0.133129 -0.015691
0.076914 0.094997 0.035294
-0.028236 0.133135 -0.016364
0.036555 0.068109 0.042959
-0.016714 0.132581 -0.025261
-0.044555 0.096666 -0.013629
-0.014663 0.133945 -0.026025
0.008249 0.141494 0.000879
-0.002736 0.134153 -0.005384
0.044511 0.098296 0.015203
0.070417 0.147537 0.022665
0.017213 0.134312 0.005615
0.090917 0.137352 0.032159
0.001858 0.113125 0.001796
-0.025008 0.083902 -0.000452
0.011669 0.137788 0.003599
-0.070404 0.171168 -0.024393
0.015153 0.138042 0.005144
0.021616 0.137960 0.007446
0.038262 0.138095 0.015855
0.046748 0.138342 0.017489
0.051781 0.138361 0.017099
0.055723 0.137526 0.016141
0.082812 0.139380 0.030508
-0.052974 0.067932 0.012143
-0.043577 0.138062 -0.020545
0.057119 0.062973 0.048681
-0.038132 0.137889 -0.017047
0.046771 0.148105 0.012643
0.029203 0.112259 0.031935
0.013737 0.156434 -0.012625
-0.023083 0.137943 -0.017671
-0.017831 0.137983 -0.021583
0.007321 0.137950 0.001374
0.007955 0.153180 -0.016200
-0.037935 0.158175 -0.013857
0.038236 0.108259 0.016023
0.005187 0.138843 -0.000046
-0.015293 0.139181 -0.023959
0.050951 0.054448 0.041196
-0.085272 0.139030 -0.043191
-0.084045 0.140002 -0.014420
0.070778 0.142921 0.024387
-0.018151 0.186255 -0.028058
0.028402 0.142596 0.010628
0.073747 0.142991 0.026695
-0.028466 0.184004 -0.013638
0.082329 0.142980 0.031693
0.086411 0.141629 0.029380
-0.088483 0.140332 -0.014495
-0.087256 0.140324 -0.014809
0.003220 0.140677 -0.001977
0.021650 0.143044 0.007377
0.026178 0.143412 0.009512
0.042187 0.142108 0.015834
-0.042202 0.141213 -0.020722
-0.039320 0.140980 -0.018214
-0.027881 0.143005 -0.016098
-0.062710 0.143637 -0.014382
-0.040082 0.109619 -0.019027
-0.058239 0.143682 -0.013770
0.017851 0.112938 -0.007657
-0.058430 0.141499 -0.042282
-0.055053 0.141465 -0.042781
-0.037944 0.144146 -0.012941
-0.043188 0.144573 -0.013399
-0.029859 0.144554 -0.013840
0.031551 0.101852 0.041648
-0.002866 0.112975 0.001141
0.046921 0.145076 0.014827
-0.022741 0.145328 -0.013229
0.069014 0.147064 0.023513
-0.008894 0.149752 -0.012003
0.074200 0.145893 0.026996
0.077174 0.148083 0.027781
0.087393 0.147737 0.034085
0.023465 0.092751 0.046005
0.013246 0.146997 0.001297
-0.058781 0.058023 0.011659
0.000357 0.128644 -0.000200
0.022667 0.147799 0.006718
0.041757 0.148448 0.012442
-0.003815 0.174205 -0.046806
0.051426 0.147346 0.011767
0.074687 0.084828 0.039216
0.054908 0.146349 0.010662
0.020265 0.148858 0.004623
-0.096052 0.147343 -0.018808
0.041991 0.133246 0.017547
-0.088269 0.148105 -0.017576
-0.078452 0.172312 -0.017726
0.071518 0.137811 0.024206
-0.083250 0.148121 -0.017844
-0.073308 0.147819 -0.017659
-0.040772 0.070655 0.010663
0.038852 0.141556 0.015449
-0.063373 0.148289 -0.015990
0.041273 0.144393 0.014664
-0.057884 0.147160 -0.014091
-0.053014 0.147999 -0.013773
-0.006756 0.127564 -0.006288
-0.023254 0.148109 -0.012738
-0.018190 0.148590 -0.012862
-0.018874 0.146362 -0.017936
-0.016467 0.146678 -0.020606
0.089365 0.148655 0.033098
0.031084 0.149687 0.009457
0.052152 0.149502 0.008857
-0.071326 0.167397 -0.014507
-0.058564 0.149193 -0.015217
-0.054864 0.149894 -0.014930
-0.033535 0.157840 -0.014164
-0.075008 0.149952 -0.019728
-0.073163 0.150355 -0.024847
0.034676 0.150551 0.010340
0.047130 0.150539 0.009878
-0.018952 0.054514 0.012435
0.069162 0.144361 0.024062
-0.075321 0.151294 -0.020236
0.015329 0.155061 -0.012901
-0.054353 0.175877 -0.017949
-0.047226 0.150925 -0.014439
0.019574 0.075959 0.040333
-0.020724 0.090599 -0.001998
-0.042685 0.152846 -0.014289
0.021153 0.131611 0.004876
-0.038248 0.153103 -0.013889
-0.029406 0.108729 -0.026197
-0.009081 0.152353 -0.012344
0.016747 0.152330 -0.001156
0.021928 0.152728 0.002477
0.032029 0.152408 0.007867
-0.062560 0.140025 -0.041487
0.036736 0.152884 0.008013
-0.058223 0.103199 -0.013019
0.041556 0.152549 0.008315
0.051696 0.152232 0.006127
-0.028011 0.074596 0.002638
-0.069114 0.152168 -0.025172
-0.017789 0.087728 0.003894
0.022121 0.078195 0.042309
-0.045010 0.153459 -0.014770
-0.008691 0.154009 -0.028435
0.071847 0.128117 0.022193
0.031385 0.154950 0.003807
-0.013190 0.172836 -0.012201
0.046663 0.154540 0.003637
0.051690 0.154666 0.005166
0.041973 0.154967 0.004003
0.036700 0.155226 0.004291
0.071692 0.117941 0.027601
0.025661 0.155506 0.000335
-0.089523 0.156103 -0.027337
-0.057142 0.179597 -0.028466
-0.028263 0.158343 -0.012672
-0.023170 0.158300 -0.011883
0.009176 0.156013 -0.015944
0.010344 0.156323 -0.016737
