-0.024199 0.194404 0.019096
-0.022700 0.193670 0.020168
0.000126 0.193956 0.043210
-0.017131 0.190235 0.025444
-0.018836 0.187565 0.026306
0.004477 0.188109 0.046642
0.003502 0.189326 0.045683
-0.004921 0.186781 0.036642
-0.007505 0.187278 0.034516
0.001495 0.186014 0.045914
-0.015143 0.185165 0.029967
0.013686 0.184860 0.029837
0.017135 0.183882 0.030408
-0.007264 0.184059 0.055813
0.045656 0.182441 0.075838
0.009828 0.184655 0.045308
0.054279 0.181206 0.076028
0.047327 0.181868 0.075050
0.044282 0.181634 0.076725
0.014525 0.182828 0.032916
0.008359 0.183430 0.047697
0.004091 0.183941 0.047801
-0.009309 0.183228 0.057173
0.047368 0.180503 0.076059
0.009682 0.179781 0.054399
0.003746 0.180178 0.048241
-0.000331 0.180063 0.044926
0.043310 0.179643 0.077440
0.018835 0.178859 0.062750
-0.005458 0.179403 0.059688
0.057668 0.178190 0.072780
0.050375 0.177872 0.079804
0.050079 0.178047 0.083572
0.048112 0.176907 0.087166
0.044955 0.176277 0.087690
0.027863 0.176951 0.066943
0.024709 0.176977 0.069426
-0.001427 0.178491 0.059035
-0.002209 0.176586 0.061265
-0.004212 0.176646 0.061210
0.030636 0.175699 0.065904
-0.004266 0.175752 0.061372
0.057252 0.175159 0.071775
0.022234 0.174717 0.071750
0.012746 0.174911 0.065862
-0.000606 0.174815 0.061836
0.006514 0.191091 0.043957
-0.006805 0.173674 0.055203
0.019092 0.173510 0.071908
-0.021529 0.174717 0.045048
0.058277 0.171440 0.065785
0.058089 0.173343 0.069062
0.049904 0.173403 0.079048
0.044486 0.173024 0.088881
0.024260 0.173303 0.069748
0.014130 0.172072 0.069700
0.003685 0.173419 0.062317
-0.001537 0.171852 0.058862
-0.006111 0.171892 0.056838
-0.019652 0.173366 0.046526
0.053104 0.170686 0.071933
0.046504 0.170576 0.087269
0.026459 0.170352 0.069235
0.001947 0.170528 0.060800
0.057212 0.170115 0.064799
0.056670 0.170205 0.068480
0.048616 0.170128 0.080015
-0.013100 0.169879 0.050561
0.055537 0.167179 0.066051
0.054092 0.168463 0.068744
0.046150 0.166473 0.064772
0.044592 0.168019 0.083261
0.040124 0.167699 0.087390
0.034896 0.167745 0.084959
0.026571 0.166440 0.075035
0.047568 0.173703 0.087681
0.023795 0.169110 0.070431
0.018451 0.168460 0.068722
0.013856 0.168575 0.068026
0.007565 0.168468 0.065181
0.003645 0.168338 0.062347
-0.001257 0.168584 0.059701
-0.011204 0.167739 0.053993
-0.021920 0.166713 0.044107
-0.024335 0.166691 0.042294
0.041348 0.165706 0.086834
-0.019085 0.165053 0.046347
0.043409 0.164121 0.080873
0.042763 0.164459 0.082003
0.033775 0.163945 0.083210
-0.023191 0.176606 0.043507
0.030304 0.163387 0.082127
0.018024 0.164314 0.069822
0.000921 0.162919 0.061635
-0.024808 0.164108 0.042581
0.052183 0.163165 0.063709
0.049248 0.163772 0.064461
0.041085 0.162201 0.054327
0.034212 0.161584 0.080551
0.028409 0.162070 0.080242
0.024729 0.162078 0.078204
0.023974 0.164328 0.075041
0.019396 0.161712 0.073880
0.015923 0.161507 0.071540
0.003949 0.163653 0.063244
-0.005246 0.164181 0.056808
-0.007410 0.163197 0.055348
-0.010807 0.163749 0.053911
-0.016145 0.163633 0.048637
-0.018123 0.162152 0.045726
-0.021297 0.163249 0.044628
-0.021662 0.160708 0.045859
0.033776 0.160364 0.079541
0.024825 0.160366 0.077330
0.015668 0.160236 0.071499
0.038508 0.160014 0.078891
0.043324 0.169032 0.088155
-0.019679 0.160007 0.047083
0.023506 0.158538 0.074771
0.019287 0.159366 0.073104
0.025526 0.156825 0.050831
0.023904 0.156747 0.053647
0.021017 0.156499 0.056110
0.018229 0.156681 0.057047
0.013739 0.156513 0.058545
0.008440 0.156774 0.060107
-0.001561 0.158965 0.057210
-0.005282 0.159238 0.056853
-0.006559 0.157658 0.055413
-0.014268 0.158699 0.051539
-0.016566 0.158726 0.049810
0.028112 0.157229 0.045334
0.027182 0.155787 0.055276
0.029976 0.156411 0.046342
0.029348 0.155498 0.047003
0.009213 0.155749 0.060438
0.032055 0.155106 0.047800
0.028736 0.159569 0.077906
0.028863 0.154731 0.058532
-0.003946 0.154850 0.056211
0.061145 0.153829 0.075948
-0.020797 0.192085 0.022212
0.032821 0.154121 0.059413
0.033270 0.153027 0.063460
0.023174 0.154596 0.059106
-0.015953 0.187986 0.028155
0.062295 0.152776 0.075025
0.018021 0.152936 0.064640
0.022464 0.151663 0.067818
0.018809 0.151987 0.067242
0.014641 0.152003 0.066750
0.013356 0.153387 0.064448
0.005408 0.153566 0.061817
0.050606 0.160786 0.063985
0.003429 0.154377 0.060109
-0.001253 0.153677 0.056778
-0.006197 0.153554 0.055208
0.049355 0.152707 0.084412
-0.021161 0.152100 0.044854
0.044182 0.151533 0.083188
0.054402 0.150450 0.085425
-0.009563 0.185378 0.055518
0.024367 0.150740 0.063290
0.046275 0.171303 0.083303
-0.015960 0.150442 0.047451
-0.017412 0.149385 0.045553
0.028083 0.149572 0.068818
0.047833 0.149876 0.085551
0.059485 0.148839 0.084123
0.010673 0.184496 0.029303
0.012576 0.148401 0.065264
0.061843 0.155034 0.082600
0.005943 0.148785 0.061386
0.003425 0.148765 0.059711
-0.000566 0.148570 0.057190
-0.002966 0.149489 0.055665
0.026429 0.158003 0.075812
0.028345 0.152903 0.063231
-0.006414 0.148823 0.053800
-0.012542 0.146937 0.050916
0.019689 0.181508 0.058297
0.063691 0.148553 0.078243
0.060448 0.146170 0.075742
0.058891 0.146350 0.077519
0.053902 0.148203 0.088314
0.049248 0.147902 0.087499
0.038596 0.148566 0.079994
0.034706 0.146824 0.077789
0.032480 0.147487 0.075291
0.028606 0.147632 0.073164
0.024516 0.147411 0.071726
0.023168 0.149439 0.070045
0.062207 0.151680 0.078057
-0.011009 0.145816 0.050567
0.021396 0.145405 0.071026
-0.008209 0.145636 0.050414
0.057979 0.145180 0.077217
0.064355 0.144917 0.073409
0.058744 0.144740 0.073281
0.045663 0.146664 0.086304
-0.038992 0.142993 0.001791
0.055479 0.143268 0.068521
0.010826 0.186332 0.028149
0.012062 0.144925 0.065629
-0.036606 0.142604 0.005760
0.060117 0.143602 0.067538
0.047667 0.167079 0.065480
0.003452 0.144148 0.059992
0.003596 0.192914 0.044254
0.055626 0.142135 0.063699
0.018668 0.172558 0.070003
0.002819 0.141625 0.054589
0.027898 0.150362 0.065280
-0.004808 0.143251 0.053601
0.058386 0.142034 0.064620
0.053702 0.144095 0.089790
0.062188 0.156660 0.084393
0.048963 0.143308 0.089869
0.028129 0.143431 0.074657
0.023994 0.143340 0.072915
0.021055 0.142617 0.071445
0.018623 0.143388 0.070047
0.032105 0.156415 0.046543
0.008755 0.144164 0.063596
-0.018897 0.084735 0.040276
0.051459 0.082848 0.063829
-0.023206 0.108715 0.025543
-0.018419 0.080351 0.040357
0.038861 0.083702 0.079000
-0.043300 0.075613 -0.000880
0.033641 0.083538 0.080268
0.057429 0.076669 0.031858
0.053535 0.181194 0.076751
-0.049189 0.108554 -0.018111
0.031533 0.178717 0.064540
-0.018875 0.091213 0.037086
0.038898 0.140487 0.082019
0.028220 0.140564 0.073691
-0.017900 0.083790 0.040160
-0.003575 0.181539 0.056471
0.047055 0.078412 0.072001
-0.048952 0.076780 -0.002072
0.054620 0.074500 0.039316
0.028833 0.078359 0.079804
0.019274 0.108636 0.072613
0.050865 0.078733 0.065160
0.042243 0.112716 0.063619
-0.013637 0.068802 0.049655
0.010392 0.080641 0.076271
0.015034 0.054198 0.059399
0.028778 0.113446 0.072993
0.037077 0.101641 0.076542
0.062394 0.141122 0.065959
-0.000397 0.123105 0.050995
0.028863 0.063653 0.074524
0.038423 0.139307 0.080675
0.042028 0.075539 0.076440
0.047077 0.064522 0.062704
0.048102 0.172914 0.082756
0.025739 0.166440 0.075096
0.033809 0.078519 0.079617
0.047398 0.098425 0.068036
0.051965 0.151149 0.086219
0.058560 0.072743 0.038755
-0.050028 0.113422 -0.019831
0.050549 0.071954 0.051194
0.058762 0.068453 0.043800
0.050143 0.073268 0.064254
0.033722 0.143412 0.078443
-0.004927 0.073240 0.063533
0.029176 0.124002 0.064249
0.063706 0.063878 0.039125
-0.046838 0.068482 -0.001782
0.013725 0.140443 0.067182
0.021861 0.180756 0.060602
-0.002643 0.071913 0.064966
0.067450 0.069741 0.035229
0.043351 0.098398 0.073237
0.060607 0.070307 0.039945
0.023688 0.127447 0.062620
0.048090 0.073575 0.068486
-0.006156 0.066020 0.063178
0.014347 0.113550 0.067532
-0.047818 0.065531 0.001066
0.012618 0.115613 0.065761
0.024248 0.152559 0.062214
0.018732 0.073404 0.074486
0.013386 0.074144 0.072412
0.047295 0.083825 0.072343
0.034832 0.140349 0.078759
0.009311 0.063893 0.091970
-0.004660 0.138752 0.049716
0.008549 0.139530 0.056041
0.061654 0.148878 0.081785
-0.018371 0.069384 0.045554
0.007566 0.188300 0.044890
-0.008059 0.167219 0.055721
0.014825 0.070609 0.080829
0.023897 0.108792 0.074887
-0.005746 0.168931 0.057841
0.014090 0.070430 0.073019
0.028849 0.109153 0.075156
-0.048253 0.064379 0.003107
0.008749 0.070570 0.075512
0.023748 0.118995 0.069632
0.058681 0.074812 0.033857
0.050357 0.068077 0.049981
0.037312 0.168836 0.084969
0.016088 0.055627 0.062686
0.033579 0.112735 0.072343
0.003698 0.157537 0.060400
-0.027059 0.118848 0.020609
-0.052923 0.061364 -0.005040
0.007481 0.180757 0.049497
0.053536 0.076763 0.033007
-0.028621 0.134634 0.015683
-0.024369 0.100001 0.024670
0.004845 0.074206 0.071989
-0.025128 0.118530 0.022273
0.018592 0.064471 0.090181
0.038891 0.078584 0.078412
0.055229 0.156932 0.083627
0.019127 0.054317 0.059898
0.013141 0.137641 0.056679
0.014185 0.063843 0.089939
0.026353 0.066291 0.081815
0.018770 0.176732 0.068394
0.042352 0.113846 0.060682
0.005775 0.063456 0.090514
-0.013161 0.094921 0.035900
-0.046218 0.077030 -0.002145
-0.045724 0.102436 -0.012556
-0.059973 0.062664 -0.005796
0.061610 0.059417 0.041708
0.002755 0.073185 0.070031
0.043014 0.069372 0.072675
-0.012949 0.154514 0.050438
0.009168 0.083654 0.076786
0.037340 0.069960 0.076620
0.048450 0.057273 0.045631
0.052709 0.178617 0.078019
0.024114 0.057025 0.066459
0.023324 0.060272 0.085437
0.043079 0.064339 0.068461
0.056955 0.145258 0.087889
-0.058936 0.055936 -0.001491
-0.020889 0.150000 0.044522
0.045029 0.083158 0.074719
-0.017531 0.191505 0.023888
0.017036 0.060917 0.089750
0.035837 0.061232 0.071048
-0.035133 0.142798 0.006869
-0.047914 0.107167 -0.016274
0.058366 0.054981 0.042547
0.043600 0.059451 0.060009
0.060423 0.158399 0.086369
-0.023069 0.136983 0.017690
0.015051 0.149120 0.067160
0.054029 0.072575 0.043511
0.024354 0.068881 0.076776
-0.007591 0.068956 0.059124
0.045635 0.098997 0.070340
0.012684 0.186296 0.028487
0.061562 0.066935 0.041571
0.018824 0.154248 0.058837
-0.002185 0.143313 0.053687
0.030911 0.056630 0.065921
0.038714 0.164298 0.083153
0.046205 0.066259 0.065917
0.005853 0.114567 0.058212
0.013818 0.088680 0.077592
0.037963 0.171533 0.083746
0.054018 0.165461 0.067023
0.006811 0.062871 0.090798
0.049678 0.083641 0.068718
0.000067 0.145406 0.057289
0.029328 0.057921 0.068944
-0.011203 0.158550 0.053324
0.007403 0.089502 0.075686
0.013552 0.080571 0.076315
0.037050 0.143881 0.080595
0.017357 0.078817 0.075116
0.025972 0.131036 0.055726
-0.010458 0.148630 0.052221
-0.015024 0.068530 0.049748
0.042012 0.162098 0.053999
0.021990 0.059564 0.092599
-0.013261 0.117277 0.026985
-0.005630 0.184433 0.038439
0.017915 0.081445 0.076100
-0.012459 0.188829 0.029717
0.021868 0.062017 0.091870
0.023835 0.083760 0.079344
0.003718 0.083446 0.074274
0.052011 0.073535 0.049496
-0.028316 0.141480 0.013011
0.042174 0.078672 0.076678
0.006566 0.113917 0.058160
-0.014650 0.164357 0.051912
-0.026345 0.128722 0.018965
0.021626 0.069850 0.075855
-0.002540 0.130109 0.050372
0.067224 0.072758 0.034909
0.042602 0.083813 0.077040
0.021645 0.067461 0.086827
-0.000104 0.124813 0.052692
0.017729 0.055430 0.063034
0.048507 0.093533 0.068670
-0.022398 0.113741 0.025414
-0.016272 0.058344 0.053860
0.015528 0.056320 0.062717
-0.011470 0.184449 0.033203
-0.043606 0.069477 -0.003185
-0.001325 0.078235 0.069267
0.024028 0.067456 0.082781
-0.007955 0.065832 0.061023
0.051797 0.076819 0.049898
0.028781 0.083568 0.080368
0.045257 0.057622 0.044898
0.019955 0.113092 0.071684
0.019134 0.180768 0.059866
0.027129 0.126710 0.061646
-0.025927 0.133304 0.018087
0.021914 0.071226 0.076024
-0.001303 0.163850 0.059587
0.042371 0.059873 0.062869
0.007707 0.164519 0.065260
0.040986 0.095786 0.076056
0.040530 0.072258 0.075637
0.034886 0.056442 0.063984
0.043927 0.164109 0.059840
-0.046892 0.073691 -0.000802
0.043794 0.148483 0.084000
0.012650 0.062671 0.092613
-0.019117 0.152492 0.046316
-0.014397 0.055150 0.055417
-0.029378 0.141823 0.012286
-0.022058 0.064439 0.043515
0.036573 0.055476 0.061138
0.001777 0.196601 0.041574
0.005848 0.137415 0.056370
0.066577 0.068774 0.036583
0.039619 0.062298 0.069743
0.054122 0.153167 0.083694
0.057351 0.071685 0.042222
0.023740 0.088462 0.079239
0.010113 0.169068 0.066716
0.043856 0.073596 0.073675
0.008411 0.128690 0.059986
0.038990 0.056541 0.060719
0.029323 0.055044 0.065062
0.059592 0.177147 0.070512
-0.041719 0.073007 0.003099
0.040615 0.178473 0.078015
0.020090 0.062347 0.092003
0.008999 0.073309 0.072979
-0.013091 0.064265 0.055019
0.000197 0.128094 0.053809
0.026591 0.065787 0.076127
0.009105 0.093074 0.074565
0.013168 0.059445 0.093895
0.030572 0.115472 0.070937
0.013923 0.128286 0.062435
0.001028 0.188910 0.045307
0.049820 0.094109 0.064755
0.034199 0.066929 0.075644
-0.060333 0.060372 -0.004603
0.066748 0.144887 0.072716
0.024885 0.134871 0.049356
0.045564 0.055357 0.043254
0.033791 0.073437 0.078346
0.059314 0.063665 0.044610
-0.019477 0.071667 0.044930
-0.012217 0.054078 0.055964
0.040001 0.110018 0.069954
0.053898 0.063499 0.047388
-0.043576 0.076381 -0.002573
-0.009868 0.067185 0.056635
0.008882 0.153601 0.063135
0.014201 0.130469 0.061022
0.033520 0.069309 0.076961
-0.059593 0.058450 -0.002803
-0.048441 0.066292 0.001544
-0.003459 0.055541 0.058248
0.014218 0.143195 0.067512
0.054902 0.070119 0.045518
-0.050978 0.066965 0.002132
-0.016204 0.113493 0.028317
0.035823 0.054755 0.060834
0.019356 0.130207 0.060630
0.018952 0.103519 0.073545
0.039888 0.165475 0.086466
0.044828 0.067877 0.069444
0.056453 0.066988 0.046195
-0.017130 0.119989 0.025870
0.038053 0.055580 0.059548
0.024391 0.155788 0.055444
0.007510 0.123473 0.060415
0.044854 0.088595 0.074610
0.012029 0.109032 0.065739
0.049334 0.063061 0.048098
-0.010329 0.153648 0.053196
-0.015948 0.071931 0.047490
0.006610 0.083282 0.075944
0.026210 0.065818 0.076472
0.039499 0.143364 0.082568
0.020223 0.078969 0.077006
0.027813 0.122143 0.066591
0.013944 0.078144 0.075007
0.026149 0.157110 0.045664
0.038420 0.073578 0.077141
0.063891 0.158715 0.086981
-0.004302 0.054470 0.055571
0.034114 0.058591 0.068950
0.018521 0.133252 0.058315
0.003460 0.138768 0.055097
-0.042731 0.096592 -0.008127
0.025512 0.059813 0.086883
0.008338 0.069556 0.079063
-0.016975 0.088685 0.037900
0.015937 0.102853 0.071262
0.027120 0.061748 0.086608
0.012361 0.103965 0.065984
0.029258 0.060319 0.071979
0.032308 0.060372 0.071613
-0.009562 0.096282 0.036368
0.056477 0.061037 0.046229
0.039204 0.068041 0.074507
0.046717 0.181200 0.076438
-0.011198 0.065250 0.057002
0.038621 0.162135 0.079792
0.062532 0.059352 0.039736
0.053450 0.059527 0.046575
-0.006674 0.182293 0.057258
0.051774 0.174792 0.076596
0.051817 0.160785 0.063576
0.008774 0.068323 0.082801
0.047045 0.088378 0.072089
0.054614 0.075391 0.034073
0.016882 0.109264 0.070823
0.013913 0.083536 0.077251
0.005122 0.118249 0.057839
0.033364 0.055120 0.062912
-0.045345 0.099079 -0.011045
0.044634 0.062783 0.064430
0.054398 0.057578 0.045617
-0.053040 0.059926 -0.005633
0.009469 0.067337 0.090603
0.020703 0.075344 0.076434
0.023924 0.073433 0.077485
0.009802 0.123656 0.062251
0.036728 0.121660 0.057647
0.061724 0.063465 0.042022
0.056805 0.064011 0.046349
-0.027354 0.138840 0.014917
0.018319 0.140489 0.069678
0.058922 0.058743 0.044029
-0.055110 0.059518 -0.004679
0.005655 0.070673 0.074842
0.026667 0.063822 0.084407
0.055792 0.171687 0.070360
0.009564 0.066395 0.091243
0.064702 0.074504 0.035507
0.050661 0.088695 0.064737
-0.017064 0.065121 0.048431
0.019129 0.068115 0.088835
-0.016232 0.093586 0.034605
-0.047323 0.105162 -0.014993
0.015076 0.060274 0.089004
-0.019941 0.113303 0.027319
0.000644 0.079624 0.071440
0.045876 0.059899 0.046556
0.017614 0.113831 0.070148
0.018996 0.148608 0.069183
-0.031650 0.142927 0.010093
-0.019485 0.064580 0.046698
-0.014916 0.167737 0.051979
0.048911 0.067032 0.060511
-0.006713 0.096655 0.036469
-0.008353 0.185692 0.035629
0.028855 0.068627 0.077208
0.031646 0.157110 0.045686
0.012682 0.119160 0.064914
-0.003165 0.152079 0.055980
0.030820 0.066453 0.075948
0.023967 0.055199 0.064431
0.039061 0.103815 0.074256
0.039150 0.058119 0.064041
0.009428 0.110780 0.062179
-0.025248 0.137288 0.016926
0.028039 0.055994 0.066456
0.006271 0.069942 0.076945
0.038739 0.118907 0.059637
0.048601 0.068546 0.064180
-0.007027 0.099227 0.035100
-0.000293 0.197727 0.040942
0.050987 0.082690 0.064838
0.021329 0.100584 0.076008
-0.015380 0.062953 0.053801
-0.049670 0.073655 -0.002271
0.044788 0.165411 0.062880
-0.044286 0.073622 0.001937
0.013604 0.067085 0.089580
0.053291 0.068225 0.047901
0.023939 0.078568 0.078574
0.038317 0.064149 0.072467
0.006885 0.187023 0.046489
0.012922 0.069709 0.082202
-0.004973 0.068957 0.062552
0.053994 0.173484 0.073691
0.018374 0.083585 0.076907
0.000503 0.082675 0.071870
-0.026921 0.110937 0.021004
0.022899 0.063705 0.088125
-0.002185 0.069402 0.065369
0.034520 0.114928 0.070264
0.009376 0.088200 0.076901
0.028788 0.088545 0.080503
0.018365 0.088533 0.077382
0.002007 0.069993 0.069428
0.028917 0.073527 0.078923
-0.024192 0.103256 0.025007
0.023721 0.124957 0.064978
0.033735 0.088591 0.080270
0.038858 0.088401 0.078846
-0.011105 0.187103 0.032426
-0.041783 0.093060 -0.006109
0.042420 0.088500 0.076890
0.066588 0.071644 0.036384
0.020190 0.059317 0.092717
0.004737 0.123701 0.057813
0.016480 0.136706 0.056287
0.049090 0.088479 0.068781
-0.013086 0.163278 0.050941
0.066833 0.147472 0.073864
0.010779 0.091682 0.076240
0.051365 0.086778 0.064176
0.046032 0.072623 0.070876
0.038508 0.108254 0.072840
-0.015853 0.153307 0.048519
-0.048470 0.084235 -0.014556
0.063828 0.072648 0.037160
0.050980 0.089515 0.060693
-0.027355 0.112975 0.020918
0.001719 0.076280 0.070959
0.023883 0.093502 0.078676
0.022071 0.176337 0.071670
-0.000552 0.073714 0.067974
0.008925 0.133696 0.058503
-0.020343 0.189539 0.024354
0.028892 0.093641 0.079983
0.023767 0.179523 0.063525
0.009618 0.163186 0.067124
0.038806 0.093540 0.078247
0.008859 0.148770 0.063103
0.042184 0.092813 0.076785
0.005952 0.091875 0.073842
0.027990 0.174005 0.067350
0.014056 0.092290 0.076565
0.033786 0.063551 0.073774
0.013660 0.123760 0.064475
0.044479 0.093910 0.074283
0.046915 0.092763 0.072064
-0.041837 0.089298 -0.005313
0.013716 0.094542 0.074920
0.017811 0.094477 0.075479
-0.024105 0.175157 0.043421
-0.016263 0.091482 0.036452
-0.011264 0.093786 0.037094
-0.043766 0.091015 -0.006950
0.003393 0.175761 0.060624
0.048130 0.064786 0.060487
-0.007277 0.094943 0.037416
0.010758 0.059764 0.094048
0.027344 0.059692 0.087132
0.014837 0.097158 0.072641
0.055103 0.178055 0.075015
0.025217 0.056643 0.066060
0.018626 0.098509 0.074578
0.003988 0.078498 0.073152
0.020957 0.097176 0.076371
-0.000202 0.196600 0.041651
0.023931 0.098671 0.077749
-0.033137 0.134812 0.010487
0.018715 0.137991 0.053714
0.023012 0.131931 0.057527
0.033806 0.098676 0.078663
0.049128 0.059355 0.046754
-0.021807 0.132962 0.019927
0.018506 0.069907 0.074511
0.038358 0.098386 0.077249
-0.041836 0.070689 0.002606
0.040645 0.099013 0.075671
-0.044189 0.093159 -0.008011
0.053811 0.054870 0.043943
-0.050253 0.064711 0.003871
0.048731 0.098496 0.064665
0.017820 0.056415 0.063705
-0.048832 0.085335 -0.014699
-0.035108 0.138696 0.007966
-0.017037 0.123098 0.024678
0.007126 0.060484 0.090418
0.014073 0.099170 0.069916
-0.011221 0.098800 0.034786
0.018819 0.118578 0.068820
0.004905 0.159358 0.061897
-0.017050 0.073148 0.045870
0.028686 0.130670 0.050684
0.049031 0.168911 0.067448
0.013997 0.163644 0.069421
-0.024649 0.122827 0.021804
-0.020636 0.098675 0.029141
-0.015855 0.098763 0.033028
-0.044756 0.095435 -0.009358
-0.031425 0.129122 0.014048
0.024511 0.103064 0.076888
-0.056761 0.055391 -0.001542
0.028861 0.103405 0.077505
0.020927 0.140518 0.071221
0.049661 0.171411 0.069425
0.033580 0.103166 0.077051
0.004367 0.088201 0.074236
-0.023333 0.104725 0.025538
0.029262 0.178723 0.065183
0.040302 0.146777 0.081948
0.023758 0.064083 0.084853
0.023585 0.138579 0.045763
0.042317 0.102521 0.072370
0.014293 0.104160 0.068984
-0.029122 0.127885 0.017090
0.022427 0.104478 0.075610
0.044177 0.103830 0.068868
-0.011848 0.055104 0.056435
0.046723 0.101645 0.066848
0.014063 0.177820 0.064037
-0.021001 0.123377 0.023752
0.047100 0.102984 0.063861
-0.034241 0.134228 0.009994
-0.043483 0.098235 -0.009422
0.050800 0.171928 0.075402
-0.056917 0.062507 -0.005140
0.035618 0.104827 0.075821
0.010779 0.160795 0.068580
0.045896 0.104620 0.065224
-0.015390 0.103416 0.031892
0.044761 0.078606 0.074572
-0.003120 0.138314 0.050821
-0.011078 0.103795 0.032617
0.049189 0.054994 0.044217
-0.016299 0.108746 0.029854
-0.016494 0.169330 0.049580
0.058508 0.153571 0.082768
0.002125 0.128973 0.055514
-0.013840 0.184245 0.031322
0.057376 0.147642 0.087240
-0.007590 0.103533 0.032816
0.009836 0.171436 0.066392
0.038125 0.059888 0.067555
-0.017831 0.104434 0.030512
0.051004 0.165759 0.066205
0.013601 0.158963 0.068515
-0.020388 0.103431 0.029128
0.025517 0.106427 0.076265
0.028547 0.106527 0.076463
-0.056768 0.058306 -0.002515
0.061236 0.056362 0.041107
0.032271 0.106345 0.076340
0.033900 0.108802 0.074461
0.014041 0.108432 0.067755
0.030621 0.143399 0.076522
0.041490 0.106877 0.071355
0.011121 0.141827 0.066154
0.044224 0.108872 0.064025
0.046321 0.106133 0.063093
-0.000578 0.082099 0.070984
-0.025326 0.108579 0.023291
-0.020331 0.108420 0.028235
0.001866 0.163631 0.060501
-0.014521 0.106502 0.031217
0.018548 0.124770 0.065195
0.064116 0.142658 0.068147
-0.010595 0.106921 0.031387
0.017444 0.157891 0.070283
-0.008284 0.106879 0.031544
-0.011557 0.109136 0.030410
-0.018801 0.079832 0.040452
-0.012970 0.056387 0.056239
-0.008239 0.107924 0.031090
0.023850 0.113541 0.072655
0.047291 0.069408 0.067834
0.037929 0.117965 0.063440
0.036553 0.111697 0.071302
0.038557 0.113312 0.068510
0.041351 0.111144 0.066540
0.009791 0.113668 0.062579
0.024211 0.116300 0.071288
0.017000 0.182583 0.032851
-0.025202 0.113798 0.023142
0.008804 0.078425 0.075008
0.035203 0.119998 0.064710
-0.012146 0.113300 0.028805
0.040191 0.115048 0.064304
-0.023085 0.129882 0.020850
0.019131 0.092860 0.076817
-0.049619 0.110440 -0.018962
0.042890 0.108019 0.068413
0.015247 0.118457 0.067218
0.015207 0.180375 0.058904
0.027405 0.116405 0.071291
-0.018106 0.127021 0.023196
0.014131 0.155061 0.059079
0.028972 0.118720 0.069406
0.002455 0.134312 0.055216
0.039118 0.152049 0.079149
0.033442 0.118063 0.068003
0.040742 0.115748 0.060390
0.010003 0.118407 0.062876
0.036736 0.116681 0.066546
-0.008924 0.170441 0.056225
-0.024049 0.126852 0.021352
0.007327 0.119027 0.060055
0.013306 0.072299 0.070824
-0.021192 0.118501 0.024987
-0.019422 0.116499 0.026394
0.008463 0.159043 0.064133
-0.019015 0.089012 0.038261
0.013839 0.133637 0.059041
-0.016519 0.173178 0.048118
0.058687 0.157356 0.085345
-0.015918 0.117886 0.026779
0.063637 0.068588 0.038323
-0.050756 0.119115 -0.020937
-0.003035 0.184825 0.040702
0.008741 0.173626 0.064567
0.051513 0.079167 0.063752
-0.029454 0.119647 0.017193
0.003002 0.120100 0.055449
0.002600 0.122795 0.055701
0.015676 0.121752 0.066400
0.065492 0.148544 0.075387
0.004935 0.133346 0.056973
-0.000743 0.139110 0.052643
0.019088 0.122453 0.066914
0.005331 0.145064 0.061474
-0.004636 0.055141 0.057699
0.027111 0.132586 0.049701
0.023927 0.122583 0.067120
0.028579 0.129927 0.054325
0.032819 0.122536 0.062865
0.034255 0.123620 0.059420
0.009918 0.177075 0.064354
0.043093 0.144274 0.085211
-0.051126 0.069429 -0.001117
-0.029182 0.123768 0.017344
0.051120 0.170667 0.074541
-0.026836 0.124276 0.019413
-0.000763 0.183270 0.044080
0.049094 0.078584 0.068762
-0.050162 0.121653 -0.019949
0.030875 0.125532 0.060805
0.060440 0.153033 0.079377
0.004572 0.128503 0.057519
0.010321 0.127140 0.061590
0.028852 0.098684 0.079017
0.018777 0.127950 0.062910
0.047893 0.140416 0.089021
0.028871 0.127890 0.058730
0.031638 0.126125 0.057069
0.031936 0.127139 0.054646
-0.010344 0.173843 0.054023
0.047089 0.169739 0.082068
0.032792 0.126035 0.054021
0.045406 0.143104 0.088361
-0.031920 0.125438 0.013847
-0.020943 0.128207 0.022033
0.046616 0.075485 0.071737
0.033763 0.093593 0.079670
0.024263 0.129887 0.059186
0.002942 0.177115 0.058763
-0.002995 0.133352 0.050695
-0.000577 0.134253 0.053014
0.026916 0.131954 0.052815
-0.000477 0.069152 0.067594
-0.030288 0.133821 0.014445
0.050944 0.072772 0.050760
0.020086 0.135394 0.055223
0.008898 0.138094 0.056748
0.021870 0.137054 0.051800
-0.020769 0.094505 0.029141
0.023688 0.137073 0.048512
0.014869 0.138780 0.055526
-0.020522 0.068285 0.044253
-0.032573 0.139401 0.010456
-0.054812 0.069301 -0.000823
-0.030224 0.138379 0.013157
0.044744 0.139749 0.088628
0.023665 0.133952 0.053714
0.021020 0.138725 0.051062
-0.036775 0.139789 0.005810
0.023942 0.140541 0.072462
0.059086 0.140369 0.063186
-0.004964 0.140863 0.051562
