-0.014328 0.195894 0.038559
-0.014417 0.194907 0.039937
-0.016173 0.195183 0.040015
-0.028574 0.194375 0.008062
-0.027495 0.193619 0.008999
-0.024253 0.190592 0.015046
-0.011858 0.188494 0.043760
-0.009368 0.186412 0.043342
-0.009583 0.185023 0.044828
-0.012801 0.186272 0.045341
-0.029850 0.184745 0.047140
0.003986 0.183874 0.033799
-0.031072 0.183594 0.048617
0.012387 0.181599 0.087954
-0.028279 0.182902 0.048538
0.004665 0.180226 0.039379
0.024650 0.179586 0.089316
0.021790 0.180111 0.090517
-0.030855 0.181639 0.050684
-0.024301 0.179875 0.050902
-0.027961 0.180630 0.051176
-0.013327 0.178428 0.063740
0.024712 0.177847 0.089419
-0.023448 0.178232 0.052918
-0.027737 0.178263 0.053580
-0.014320 0.177340 0.064581
-0.015722 0.176782 0.064509
0.021940 0.177390 0.090155
-0.016445 0.176074 0.064253
0.026014 0.176276 0.087931
0.022695 0.175137 0.089004
0.017117 0.176789 0.091614
0.013669 0.175987 0.093399
0.004444 0.174895 0.098911
-0.011069 0.175072 0.074242
-0.026844 0.176111 0.055284
-0.026000 0.173660 0.056573
0.026052 0.173282 0.085919
0.006013 0.173154 0.099600
-0.029830 0.172533 0.048976
0.016891 0.173072 0.090297
0.010201 0.173223 0.095596
-0.012958 0.172898 0.072588
0.018813 0.171957 0.088339
0.001720 0.185185 0.032689
-0.018915 0.170979 0.064149
-0.023412 0.172781 0.057721
0.026005 0.171031 0.083006
0.015616 0.170436 0.082359
0.013052 0.170492 0.082787
0.012205 0.172140 0.092949
0.009314 0.169785 0.094058
-0.000273 0.184602 0.034469
-0.018334 0.169910 0.064497
-0.028161 0.170475 0.051243
0.010302 0.168970 0.092918
0.005975 0.168838 0.095514
0.025458 0.168804 0.080424
0.022214 0.168844 0.085885
0.011957 0.168824 0.080382
0.009488 0.168056 0.080634
0.025125 0.167599 0.078346
-0.026962 0.167662 0.052754
0.003095 0.167172 0.096278
0.023643 0.165830 0.077795
0.022561 0.166868 0.082571
0.017163 0.167524 0.080327
0.008357 0.164896 0.071963
0.007041 0.166697 0.093083
0.002861 0.165105 0.092666
-0.031808 0.165698 0.045903
0.019316 0.163271 0.079983
0.008633 0.163392 0.068111
0.005986 0.163346 0.091570
0.001294 0.163324 0.090441
-0.001597 0.163316 0.090226
-0.018972 0.162209 0.065420
0.020581 0.162720 0.079670
0.021996 0.162261 0.078962
-0.002864 0.161700 0.087215
0.004838 0.159676 0.049903
-0.000517 0.160407 0.054199
0.023177 0.159577 0.105436
0.014885 0.091854 0.084410
-0.002056 0.133946 0.059155
0.024871 0.089259 0.059811
0.016750 0.071770 0.080971
0.014190 0.092636 0.084202
-0.011357 0.091354 0.081058
0.007118 0.175228 0.099575
0.027012 0.086633 0.052717
0.008596 0.176428 0.098978
0.004420 0.138849 0.098898
0.026222 0.086833 0.056987
0.025188 0.086364 0.060366
-0.025959 0.069314 0.077558
-0.017214 0.152634 0.062429
0.025430 0.091428 0.056624
-0.024909 0.191348 0.013284
0.015299 0.083711 0.084707
-0.025594 0.085255 0.072100
-0.011004 0.061289 0.090255
-0.021207 0.082880 0.074741
0.006566 0.157161 0.052143
-0.013947 0.095553 0.076001
0.008801 0.181164 0.088638
0.026336 0.081446 0.056740
-0.022226 0.091893 0.072802
0.002259 0.116774 0.076694
-0.012532 0.154763 0.060560
0.011831 0.164735 0.071951
0.023936 0.086400 0.066700
0.025180 0.079544 0.065125
-0.011714 0.116445 0.071124
0.017320 0.081619 0.082603
-0.006441 0.082177 0.084988
0.002396 0.081573 0.087616
-0.013259 0.183482 0.046551
0.016558 0.096652 0.081087
0.028281 0.077871 0.057096
0.014862 0.077659 0.084377
-0.017713 0.081827 0.075847
0.044759 0.063023 0.056671
0.041760 0.074754 0.056265
-0.021939 0.077078 0.071742
-0.024668 0.075884 0.068811
0.032274 0.077550 0.052385
-0.017556 0.091599 0.076131
0.007260 0.076861 0.087115
-0.015732 0.183604 0.046195
0.023569 0.081709 0.072046
0.002421 0.076896 0.087098
0.012037 0.121934 0.061618
0.041141 0.076043 0.053128
-0.011468 0.146182 0.071085
-0.017903 0.065722 0.090054
0.009365 0.166551 0.076858
0.002079 0.103379 0.083982
0.027006 0.071737 0.066018
0.046124 0.074853 0.058261
-0.019126 0.132763 0.054010
-0.027437 0.159973 0.050788
-0.010769 0.103108 0.078376
0.002287 0.086727 0.088083
-0.001465 0.160110 0.054818
-0.019543 0.070345 0.080116
0.002250 0.182535 0.037104
-0.014754 0.081891 0.076485
-0.025124 0.069817 0.075467
0.012229 0.081667 0.085729
0.026863 0.087127 -0.038882
-0.009016 0.107366 0.078620
-0.008679 0.081619 0.083346
-0.002786 0.058837 0.075660
0.012071 0.166827 0.076699
0.023393 0.086492 0.072194
-0.001239 0.139845 0.053980
-0.030494 0.151943 0.045745
0.045983 0.071343 0.060106
-0.009268 0.062793 0.087007
-0.005776 0.077580 0.084805
0.012269 0.061671 0.076890
-0.017800 0.070217 0.077523
0.021681 0.086924 0.077047
0.032003 0.145857 0.092738
0.047793 0.072289 0.058598
-0.017779 0.156209 0.058281
0.012113 0.086731 0.086152
0.006092 0.160003 0.046930
0.027410 0.092279 -0.041505
-0.007381 0.111602 0.077454
0.033813 0.078527 0.048434
-0.013814 0.062589 0.087474
-0.000612 0.185707 0.031681
-0.024854 0.060667 0.090011
0.024288 0.086966 0.062613
-0.016888 0.067379 0.088652
-0.028977 0.054772 0.050330
-0.006704 0.086819 0.085030
-0.015513 0.061820 0.088098
-0.102016 0.059627 0.118876
-0.009200 0.086693 0.083177
0.007292 0.066502 0.082752
0.022750 0.071622 0.071860
-0.002701 0.086742 0.086880
0.012695 0.055750 0.067976
0.010797 0.114712 0.075249
-0.026615 0.061460 0.090599
-0.023692 0.175763 0.056057
0.007327 0.141438 0.100905
-0.008101 0.076673 0.082865
-0.014626 0.142040 0.067459
0.016457 0.112329 0.067252
0.029971 0.074748 0.060134
0.030469 0.146987 0.094870
0.041948 0.066568 0.061331
-0.023627 0.053736 0.045874
-0.023450 0.054780 0.046744
0.037357 0.057004 0.062871
0.017548 0.086887 0.082544
0.035901 0.062102 0.064682
0.007226 0.081658 0.087428
-0.009011 0.183413 0.045198
-0.016440 0.094636 0.074856
0.033522 0.144969 0.088714
0.008998 0.128287 0.053524
0.012065 0.067029 0.081361
0.007842 0.147041 0.098824
0.007473 0.160253 0.042749
-0.014702 0.091719 0.076828
0.027657 0.081515 0.052708
0.002130 0.066291 0.082967
0.025057 0.081990 0.060270
0.015839 0.100589 0.080444
-0.102818 0.058669 0.119469
-0.021422 0.086756 0.075211
0.014340 0.179832 0.094246
-0.021106 0.090054 0.074919
-0.024255 0.150438 0.051048
0.008188 0.155155 0.055813
0.024035 0.071700 0.067794
-0.002831 0.067036 0.082149
0.012687 0.097254 0.083460
-0.007687 0.126441 0.066582
0.021191 0.062268 0.066474
0.002076 0.055307 0.071370
0.041681 0.061950 0.061409
0.026609 0.076479 0.066028
0.019422 0.098864 -0.036803
-0.018661 0.137472 0.052882
0.011468 0.152592 0.097324
0.040899 0.073229 0.058430
0.002136 0.122135 0.071865
0.015242 0.085635 0.084765
-0.024009 0.058856 0.089110
-0.010678 0.058527 0.090804
0.002402 0.113749 0.079198
0.022259 0.171976 0.087258
0.011906 0.057519 0.072069
0.014153 0.118421 0.061707
0.030795 0.079610 0.050913
-0.017519 0.058652 0.093198
0.020151 0.081915 0.079962
0.037083 0.074662 0.056261
0.009752 0.100024 0.084516
-0.011540 0.125419 0.065335
0.019009 0.059884 0.067336
0.006795 0.058195 0.075510
-0.007715 0.056364 0.068490
0.020275 0.100997 0.064425
-0.002867 0.136661 0.056878
-0.026169 0.068777 0.079224
0.017410 0.061182 0.072020
0.021883 0.081784 0.076804
0.047334 0.068427 0.059013
0.005843 0.054224 0.069494
-0.014667 0.086508 0.077526
-0.023654 0.062152 0.088112
0.027474 0.057242 0.062114
0.013812 0.059658 0.073708
0.010150 0.119745 0.069976
0.024214 0.081275 0.067601
-0.011157 0.077415 0.080342
-0.024873 0.058651 0.090284
0.013673 0.074955 0.083866
-0.021887 0.071801 0.071166
0.020192 0.086245 0.080056
-0.018306 0.071853 0.071057
-0.002377 0.063354 0.080048
0.021203 0.104884 -0.041249
0.016962 0.057678 0.066522
0.020635 0.100629 0.064043
-0.016247 0.069125 0.075340
0.034783 0.079238 0.046099
0.016591 0.161854 0.065520
0.007183 0.091659 0.087487
0.023180 0.095329 0.056903
-0.006402 0.091401 0.085140
0.010440 0.157194 0.053673
0.024258 0.076902 0.068203
-0.020274 0.092250 0.074351
0.036860 0.076250 0.052607
0.007392 0.055840 0.071320
-0.030469 0.065059 0.086915
-0.006198 0.057576 0.071678
0.020189 0.063357 0.070959
-0.011327 0.086730 0.081424
0.002616 0.062664 0.080815
0.007200 0.063010 0.080641
0.025052 0.159444 0.105354
-0.014841 0.070653 0.073239
0.002551 0.058315 0.076575
0.022561 0.061319 0.062611
-0.025531 0.083896 0.072210
0.017359 0.076718 0.082202
-0.004511 0.055561 0.069050
0.026718 0.061441 0.063544
0.018955 0.097228 0.078010
0.042232 0.057651 0.057730
0.002296 0.106680 0.083108
0.038318 0.061709 0.063740
-0.003222 0.061016 0.077752
-0.008051 0.063153 0.081905
-0.016041 0.127621 0.059954
0.035500 0.078238 0.047197
0.012042 0.091615 0.085710
-0.020970 0.070221 0.080247
0.027390 0.067096 0.065314
0.016458 0.141439 0.083602
0.055663 0.037171 0.146253
-0.010415 0.071516 0.079515
-0.017031 0.061744 0.091974
-0.027714 0.063832 0.088281
0.006393 0.139535 0.099298
-0.010695 0.106156 0.077742
0.007432 0.060574 0.077731
-0.026223 0.058343 0.091359
0.012732 0.071661 0.083472
-0.008045 0.183608 0.044022
-0.017587 0.095575 0.073253
0.004582 0.133826 0.054074
0.004602 0.139534 0.099199
0.006920 0.133175 0.049045
0.035758 0.065858 0.064647
0.022606 0.058413 0.060531
0.002359 0.071828 0.085532
-0.002756 0.166272 0.091316
-0.025755 0.077481 0.068762
0.010717 0.063624 0.079972
-0.006850 0.115612 0.075313
0.016289 0.063021 0.075911
-0.022881 0.066415 0.087775
-0.002952 0.091585 0.086405
0.024372 0.098628 -0.040860
0.001582 0.159793 0.053067
-0.008879 0.092044 0.083000
0.009623 0.069888 0.084307
-0.030408 0.063722 0.087024
0.034024 0.073977 0.059135
0.006372 0.158558 0.046919
-0.010923 0.095031 0.080647
-0.101686 0.058650 0.118680
-0.027388 0.066329 0.087301
0.011928 0.076941 0.085651
-0.032207 0.054164 0.047638
0.027387 0.083428 -0.038422
0.017547 0.066308 0.077232
0.019458 0.064590 0.074162
0.024353 0.170078 0.083767
0.010357 0.058668 0.074657
0.016091 0.106410 0.076309
0.021388 0.066786 0.071967
0.029459 0.079150 0.054151
0.020223 0.068016 0.075321
-0.016821 0.154723 0.060406
0.036994 0.071054 0.061533
-0.012634 0.152077 0.067079
0.018966 0.102455 -0.038010
0.010115 0.109663 0.079565
0.002263 0.111390 0.080401
-0.024088 0.086761 0.072958
0.018408 0.057608 0.064160
0.003805 0.180468 0.039570
-0.010778 0.081605 0.081797
0.001920 0.060478 0.078488
0.045666 0.067237 0.060211
-0.030612 0.056132 0.151586
0.017136 0.152618 0.098527
0.032064 0.066754 0.064882
0.012632 0.163627 0.069732
-0.016659 0.078609 0.074616
-0.023056 0.081701 0.073126
-0.028982 0.148263 0.045396
-0.026493 0.080368 0.069159
-0.019889 0.079246 0.074011
-0.002319 0.056803 0.072630
0.028341 0.063163 0.064644
0.037736 0.067105 0.063543
0.014416 0.104166 0.079006
-0.026238 0.068431 0.080460
0.019701 0.090872 0.079675
0.024933 0.064955 0.064133
-0.020451 0.069555 0.088287
-0.017523 0.069816 0.087850
-0.018032 0.076594 0.072979
0.015787 0.068273 0.080324
-0.013321 0.068797 0.078464
0.010472 0.072698 0.084663
0.006807 0.131907 0.052048
-0.015783 0.186139 0.045016
0.020266 0.077328 0.079836
-0.002408 0.072821 0.084855
0.001884 0.156970 0.055820
-0.016130 0.196954 0.037953
0.011049 0.095570 0.085108
0.007232 0.106724 0.082365
0.005412 0.183142 0.034307
0.017212 0.091766 0.082197
-0.002675 0.081683 0.086670
0.029138 0.072208 0.063308
-0.012377 0.070578 0.077166
0.007133 0.071831 0.085344
-0.017634 0.086950 0.076967
0.011679 0.155429 0.057046
-0.002243 0.110992 0.080185
0.023424 0.076711 0.072110
-0.007639 0.071840 0.081847
0.037858 0.073339 0.058077
0.026483 0.090735 0.053385
0.024296 0.089056 -0.037444
0.028469 0.053982 0.060005
-0.009932 0.143694 0.073227
0.032359 0.062040 0.064914
-0.003333 0.070654 0.083857
-0.015984 0.191926 0.042475
0.012297 0.101794 0.082091
-0.002693 0.076677 0.085764
-0.000217 0.069885 0.084262
-0.009461 0.065937 0.085428
-0.027955 0.151429 0.047707
0.003182 0.068694 0.084556
0.006384 0.068690 0.084500
-0.029714 0.164891 0.047711
0.032163 0.056943 0.063250
-0.012705 0.136766 0.057010
0.020891 0.072105 0.076782
0.022855 0.092846 0.066595
0.010853 0.163223 0.068269
0.024055 0.093385 0.058139
-0.005623 0.095625 0.084896
0.002252 0.096743 0.086560
0.007243 0.096723 0.086006
0.005395 0.181567 0.036885
0.019442 0.093920 0.079219
-0.008163 0.097044 0.082614
0.020442 0.096100 0.076001
-0.005120 0.148266 0.076274
0.040549 0.057711 0.060767
-0.020399 0.094865 0.072098
-0.015203 0.095672 0.074130
0.005079 0.161579 0.087452
0.024991 0.094515 0.054435
0.028203 0.088581 -0.040903
-0.002855 0.127276 0.066900
0.025872 0.091509 -0.039520
0.001495 0.124599 0.069891
0.021436 0.148184 0.100420
-0.007510 0.101483 0.081909
-0.026883 0.192515 0.011267
-0.007957 0.066699 0.081442
0.013614 0.107453 0.078380
-0.003443 0.102314 0.083584
0.011319 0.123877 0.058577
-0.001704 0.100729 0.084959
0.032014 0.071830 0.062163
0.002258 0.101106 0.085340
0.006877 0.100717 0.085073
0.014853 0.117203 0.062000
-0.012142 0.153728 0.063224
0.017674 0.101914 0.077173
0.007588 0.102856 0.083662
0.019174 0.103045 0.073191
0.025130 0.095399 -0.040282
0.026243 0.096743 -0.041949
0.023405 0.158027 0.105410
-0.009835 0.103483 0.079002
-0.016534 0.136374 0.055200
-0.031194 0.185197 0.047054
-0.006614 0.106491 0.080667
-0.002789 0.106669 0.082088
0.011342 0.106454 0.080573
-0.002703 0.116716 0.076311
0.002114 0.091789 0.087621
0.017905 0.106789 0.072187
0.007570 0.171446 0.097180
0.010098 0.125023 0.060598
0.031271 0.075830 0.056637
0.025364 0.100229 -0.042513
-0.002950 0.121922 0.072098
0.018066 0.145481 0.096855
-0.006761 0.061745 0.077359
0.022694 0.152361 0.097501
0.017694 0.108837 0.069027
0.018437 0.155958 0.100757
-0.011279 0.111938 0.073857
0.005163 0.129728 0.059674
0.024425 0.082458 0.061560
-0.006480 0.158442 0.080721
0.023185 0.092302 -0.038137
0.006625 0.110693 0.080122
-0.007759 0.131958 0.061619
0.014972 0.109451 0.074904
0.043828 0.061038 0.057852
0.015724 0.111321 0.071734
0.007764 0.112555 0.078561
0.015751 0.058452 0.070604
0.017335 0.142606 0.087492
-0.007746 0.136776 0.057825
-0.015944 0.188556 0.043993
0.021627 0.076668 0.076848
-0.003314 0.112978 0.078742
0.017287 0.154552 0.098686
0.018702 0.105460 -0.038954
0.013821 0.113356 0.073227
0.016702 0.113125 0.064236
-0.010018 0.114224 0.074108
0.021031 0.091615 0.076902
0.006903 0.116140 0.076193
0.011851 0.116697 0.071608
0.014670 0.114737 0.069802
0.017402 0.180047 0.092520
0.015175 0.115241 0.066289
-0.002787 0.096718 0.085626
0.013640 0.117438 0.067249
0.023726 0.091285 0.060927
0.008315 0.118167 0.073545
0.011535 0.176851 0.096554
-0.002931 0.131695 0.061927
-0.010556 0.120250 0.069606
-0.001378 0.119738 0.074578
-0.009745 0.060731 0.090090
0.021353 0.150308 0.100068
0.042375 0.071324 0.060230
0.002496 0.119746 0.074792
0.011164 0.121018 0.066616
0.034039 0.068869 0.064244
0.017418 0.150271 0.100548
0.020970 0.101155 -0.039637
0.008034 0.122748 0.068228
-0.009228 0.123151 0.068642
0.015878 0.166821 0.077879
-0.002292 0.124643 0.069924
0.002205 0.126924 0.066481
0.014212 0.064952 0.078961
0.020026 0.105137 -0.040286
0.006598 0.125058 0.066265
0.023142 0.101911 -0.041509
0.009628 0.124223 0.063979
-0.006471 0.147029 0.075877
-0.012858 0.127570 0.063054
0.007227 0.127123 0.062058
-0.007541 0.139825 0.056277
0.010304 0.125622 0.057115
0.008552 0.127995 0.057207
0.009769 0.127084 0.053560
0.003665 0.128823 0.063755
-0.018288 0.128936 0.056508
-0.016942 0.131771 0.056776
0.012234 0.179743 0.095896
0.001742 0.131002 0.061063
0.006061 0.130795 0.056535
-0.007862 0.157841 0.078134
0.001093 0.135583 0.055551
0.002852 0.137025 0.052705
-0.030350 0.163622 0.047335
-0.009982 0.152361 0.067539
0.005194 0.135306 0.050542
-0.012095 0.131344 0.060796
0.005696 0.135979 0.047800
-0.021124 0.135507 0.049982
0.005805 0.138621 0.098800
-0.000754 0.138549 0.054157
-0.015630 0.139511 0.055071
-0.012578 0.139736 0.055768
-0.008345 0.117467 0.073352
-0.003479 0.139866 0.055118
-0.011713 0.075567 0.079261
0.028837 0.076076 0.063311
0.023254 0.066624 0.066926
0.000772 0.139470 0.052947
0.022735 0.091481 0.072498
0.027526 0.147666 0.096749
0.028890 0.140726 0.082452
0.011964 0.142774 0.103033
0.012352 0.141430 0.086285
0.032789 0.142554 0.088251
0.002884 0.132914 0.057425
-0.028466 0.156711 0.048117
-0.011023 0.142981 0.072323
-0.025263 0.155046 0.050282
0.020211 0.100837 0.072035
0.021553 0.143021 0.085626
-0.010658 0.068514 0.080104
0.022926 0.154943 0.097291
-0.013152 0.191546 0.042348
0.031699 0.143283 0.090933
-0.026527 0.155946 0.049718
0.017017 0.143547 0.092078
0.015284 0.143641 0.103042
-0.021196 0.156695 0.056611
-0.012475 0.118391 0.069108
0.019752 0.099825 0.074682
0.019951 0.143599 0.090636
-0.013055 0.066662 0.086211
-0.009698 0.058719 0.090351
0.024497 0.154823 0.091955
0.013704 0.142528 0.090116
-0.006968 0.144109 0.077428
0.009033 0.146265 0.101081
0.016883 0.147043 0.102714
0.017555 0.144292 0.092412
0.024887 0.144267 0.087749
0.019115 0.070841 0.078749
-0.019698 0.144525 0.059082
-0.024485 0.147752 0.051230
-0.009114 0.147081 0.073212
0.013269 0.150560 0.099913
-0.006372 0.162456 0.086266
0.022332 0.095109 0.060593
0.022353 0.146850 0.096998
0.022206 0.096929 -0.039314
0.025146 0.145319 0.091114
-0.017833 0.147071 0.061127
-0.025554 0.145805 0.049787
0.012065 0.111430 0.076511
-0.010093 0.069781 0.079065
-0.031170 0.147289 0.042787
-0.029966 0.146820 0.043059
0.012670 0.154405 0.059640
-0.011211 0.150427 0.070156
0.032125 0.054116 0.061363
-0.013740 0.133127 0.058626
-0.025799 0.152021 0.049598
-0.008333 0.150461 0.071858
0.008355 0.150631 0.096676
-0.012092 0.121728 0.067605
0.026703 0.150812 0.096221
0.036417 0.054047 0.061551
0.029983 0.150009 0.094678
0.021286 0.097105 0.072737
0.006763 0.120873 0.071477
0.023963 0.144273 0.088392
-0.009707 0.159413 0.078696
-0.007992 0.129053 0.063955
0.030463 0.150013 0.092915
-0.014311 0.123995 0.064186
0.027265 0.152482 0.092397
0.003405 0.152478 0.088264
0.003486 0.171133 0.098709
-0.015947 0.152335 0.064659
-0.023048 0.073015 0.068660
-0.015008 0.059216 0.085677
0.012793 0.153705 0.060366
-0.007834 0.154793 0.060180
0.025242 0.154830 0.090846
-0.008727 0.156340 0.059017
-0.000502 0.182773 0.037275
0.033016 0.079364 0.047647
0.022085 0.156524 0.101531
0.005729 0.155120 0.061143
-0.030919 0.156686 0.045860
-0.012767 0.156488 0.058913
0.003120 0.157923 0.052825
0.007178 0.086702 0.087737
-0.007397 0.121363 0.070962
-0.004247 0.158552 0.082214
0.024160 0.064725 0.064128
0.025146 0.158312 0.105319
0.012281 0.146518 0.102928
-0.001125 0.158333 0.054962
0.002987 0.158746 0.087330
0.007425 0.158882 0.042662
-0.005861 0.153723 0.062593
0.030272 0.059909 0.064211
-0.010596 0.100338 0.079866
-0.029373 0.161472 0.048602
0.022637 0.145133 0.092332
-0.007191 0.160474 0.082619
-0.003707 0.159546 0.083673
0.002669 0.161111 0.088306
