-0.028706 0.194674 0.029825
-0.026296 0.188198 0.033770
-0.029412 0.188663 0.034803
-0.010534 0.184980 0.030270
-0.025360 0.185061 0.035022
-0.024206 0.182081 0.085008
-0.011417 0.181681 0.036380
-0.021045 0.181723 0.083273
-0.021815 0.181064 0.084375
-0.024377 0.181046 0.085458
-0.019625 0.179177 0.091390
-0.033030 0.176993 0.094079
-0.011243 0.176870 0.090295
-0.024976 0.178844 0.091683
-0.006939 0.171340 0.078547
-0.007994 0.171911 0.080165
-0.010351 0.173382 0.088404
-0.014625 0.173168 0.089345
-0.019665 0.173566 0.089421
-0.024520 0.171316 0.081651
-0.024769 0.173401 0.089585
-0.011304 0.170467 0.086290
-0.035201 0.169967 0.091731
-0.021758 0.169582 0.079057
-0.014164 0.169612 0.087634
-0.021952 0.167496 0.074986
-0.024801 0.168911 0.078888
-0.013573 0.167303 0.085466
-0.024430 0.166843 0.074763
-0.037241 0.167414 0.090162
-0.025787 0.165743 0.072301
-0.006978 0.165280 0.068649
-0.008627 0.164359 0.073800
-0.025848 0.162919 0.051850
-0.031705 0.164314 0.086291
-0.006282 0.161089 -0.037952
-0.008688 0.163155 0.069371
-0.024456 0.161857 0.049995
-0.027945 0.161622 0.050092
-0.010288 0.164416 0.079078
-0.013466 0.164051 0.082284
-0.035277 0.163448 0.083614
-0.009014 0.160223 0.031578
-0.031301 0.160192 0.081614
-0.032868 0.160473 0.082210
-0.006991 0.157696 -0.031323
-0.008761 0.159122 0.029180
-0.009388 0.159162 0.040216
-0.019274 0.159806 0.048744
-0.028438 0.164850 0.073173
-0.042161 0.157071 0.043705
-0.003880 0.155522 -0.024007
-0.010686 0.158739 0.042642
-0.011099 0.156777 0.052928
-0.015494 0.158817 0.047638
-0.014196 0.156485 0.053574
-0.025902 0.156475 0.051769
-0.028371 0.156473 0.051488
-0.029618 0.158782 0.049913
-0.034320 0.158004 0.049480
-0.041268 0.156726 0.044294
-0.008520 0.180467 0.035506
-0.017496 0.157208 0.100132
-0.019102 0.157857 0.103504
-0.016001 0.155769 0.052430
-0.026393 0.155543 0.053957
-0.003564 0.154633 -0.020588
-0.012376 0.155106 0.059071
-0.026629 0.154396 0.058628
0.000738 0.153793 -0.024747
0.000175 0.152614 -0.021401
-0.001087 0.151763 -0.017681
-0.004595 0.153410 -0.016453
-0.007839 0.152218 -0.011816
-0.009379 0.154462 0.049017
-0.028682 0.153626 0.093166
-0.009920 0.154437 0.053937
-0.010611 0.152663 0.062056
-0.014133 0.154054 0.094439
0.007103 0.149886 -0.034358
-0.007834 0.150422 -0.009802
-0.009267 0.150859 0.057690
-0.015184 0.152366 0.097234
-0.019291 0.153703 0.098554
-0.008487 0.150473 0.054488
0.018253 0.147267 -0.076033
-0.028237 0.163981 0.070020
0.014642 0.147609 -0.070640
0.002117 0.149690 -0.020312
0.007088 0.148327 -0.030952
0.005435 0.148618 -0.026518
0.003059 0.146230 -0.018250
0.000554 0.148626 -0.016491
-0.000945 0.147401 -0.012411
-0.006211 0.146811 0.094404
-0.014488 0.148649 0.099415
0.006055 0.151375 -0.034639
-0.028992 0.148213 0.099141
0.015331 0.143387 -0.071023
-0.025542 0.145419 0.098464
0.008716 0.143320 -0.031563
-0.001073 0.142838 -0.007338
-0.003728 0.144430 -0.005591
-0.003704 0.142186 -0.003225
-0.028441 0.143602 0.091360
0.018177 0.139831 -0.074966
-0.016059 0.143203 0.087487
-0.019481 0.143054 0.087873
-0.029703 0.144228 0.099970
-0.012185 0.140079 0.003048
-0.004080 0.142227 0.091067
0.002322 0.144161 -0.015210
-0.019750 0.141427 0.082950
-0.024192 0.141442 0.083769
-0.030010 0.141466 0.085115
-0.028278 0.142482 0.089701
-0.007362 0.143518 0.095554
-0.032178 0.141563 0.095709
-0.012743 0.161521 0.081047
0.015139 0.138414 -0.071648
-0.005608 0.140792 0.085994
-0.006146 0.140802 0.086570
0.013031 0.136490 -0.042779
0.012378 0.138185 -0.041285
0.010992 0.138515 -0.036491
0.016705 0.135274 -0.074210
0.008926 0.138649 -0.031779
0.007685 0.136737 -0.029556
-0.026273 0.183781 0.036918
0.003917 0.138874 -0.016468
0.003092 0.137498 -0.013402
0.007603 0.144633 -0.029398
-0.001358 0.137696 -0.002722
-0.003282 0.138764 -0.000711
-0.033812 0.139931 0.093733
-0.040711 0.155677 0.045336
-0.012533 0.139196 0.039872
-0.038897 0.155720 0.047373
-0.014316 0.138591 0.043744
-0.016263 0.137619 0.047014
-0.019479 0.138678 0.048483
-0.024417 0.138377 0.049643
-0.029594 0.138269 0.049101
-0.033491 0.137479 0.047833
0.015074 0.133950 -0.072381
0.014854 0.130874 -0.072837
0.013664 0.134128 -0.044778
-0.028925 0.172323 0.090326
0.012464 0.133320 -0.040233
-0.006359 0.156655 -0.023771
-0.030926 0.135523 0.050756
0.002462 0.133918 -0.009886
0.001385 0.133791 -0.006307
0.002953 0.130737 -0.010998
-0.000539 0.133382 -0.001368
-0.001709 0.131922 0.001507
-0.028684 0.168519 0.081437
-0.009838 0.138454 0.003025
-0.006443 0.131512 0.006535
-0.012885 0.134513 0.044585
-0.011673 0.132737 0.042824
-0.024519 0.133815 0.053522
-0.002766 0.158113 -0.044945
-0.029287 0.133567 0.053015
-0.034771 0.134415 0.049058
0.014243 0.128526 -0.045241
0.013386 0.128410 -0.042108
0.010072 0.128679 -0.036569
0.002743 0.127101 -0.032017
-0.034268 0.154952 0.050102
-0.030283 0.130486 0.055476
0.001953 0.128961 -0.006170
0.013393 0.125151 -0.042098
-0.001345 0.127920 0.002905
-0.013079 0.130020 0.049481
-0.016828 0.157059 0.098189
0.014443 0.124376 -0.045787
-0.011020 0.129127 0.044714
-0.024541 0.128986 0.059100
-0.031281 0.186056 0.035935
0.002440 0.124032 -0.033250
-0.015952 0.127021 0.057475
0.005424 0.133864 -0.026676
-0.019593 0.128123 0.058863
-0.021389 0.126251 0.061286
-0.024485 0.126270 0.061932
-0.028010 0.126252 0.061318
-0.033261 0.127210 0.057920
0.019854 0.122666 -0.031988
0.017559 0.122808 -0.031253
-0.010820 0.152042 0.094064
0.012421 0.123558 -0.039577
0.010048 0.123750 -0.037071
-0.017752 0.125525 0.060575
-0.008428 0.124624 0.010548
0.017811 0.145323 -0.075139
0.002588 0.120412 -0.034032
-0.026209 0.170218 0.088430
0.001242 0.123759 -0.001195
-0.025951 0.170415 0.081818
-0.000518 0.123598 0.003568
-0.001678 0.122140 0.006892
-0.028904 0.155471 0.053238
-0.004396 0.123443 0.009023
-0.028777 0.154380 0.056369
-0.006786 0.121550 0.011371
-0.033253 0.132508 0.052288
-0.009186 0.122643 0.012021
-0.010537 0.124236 0.049957
0.016195 0.118519 -0.065390
-0.011074 0.123323 0.053559
-0.011635 0.121910 0.057276
-0.015805 0.122428 0.062709
-0.024201 0.121815 0.066902
0.008636 0.134418 -0.032792
-0.033460 0.122611 0.063008
-0.023070 0.156575 0.101730
-0.035201 0.124345 0.059100
0.020648 0.118750 -0.031286
0.010141 0.118434 -0.036726
0.005941 0.118978 -0.034442
0.004345 0.117230 -0.033583
-0.014649 0.178097 0.091398
0.002304 0.117669 -0.033294
-0.017654 0.120809 0.065826
0.007417 0.115327 -0.034189
0.001705 0.118964 0.000127
0.000540 0.118826 0.003547
-0.008438 0.118624 0.013696
-0.002143 0.115455 0.010682
-0.019940 0.145006 0.093839
0.012597 0.113763 -0.039432
0.010231 0.113552 -0.036226
-0.009590 0.118785 0.054114
-0.034519 0.167997 0.089133
-0.010627 0.118503 0.058833
-0.011579 0.117207 0.062138
-0.024564 0.119195 0.069752
-0.002309 0.080460 0.065728
-0.024800 0.159037 0.049706
-0.029528 0.103536 0.078497
-0.038211 0.083235 0.077774
-0.024550 0.108103 0.077614
0.039344 0.072450 -0.042637
-0.013106 0.083339 0.080469
-0.007107 0.144987 0.096115
-0.011503 0.097186 0.076548
0.008619 0.093515 -0.032596
-0.015406 0.083751 0.081942
-0.029555 0.083665 0.082682
0.043435 0.068729 -0.047429
0.037382 0.072552 -0.024266
-0.019533 0.055023 0.067066
-0.045490 0.182452 0.032325
-0.007980 0.161334 -0.032726
-0.009962 0.148002 0.098333
0.005305 0.138842 -0.021578
-0.015386 0.102968 0.077156
0.006510 0.098649 -0.030231
-0.016915 0.146355 0.095166
-0.053188 0.064950 0.075005
-0.013187 0.159729 0.044974
0.006420 0.080239 0.053171
-0.053296 0.062300 0.077064
-0.005328 0.161072 -0.039552
-0.011111 0.141516 0.001742
-0.038304 0.103573 0.073218
0.006643 0.143681 -0.026331
0.000244 0.138529 -0.006303
0.021237 0.108789 -0.029165
0.010203 0.078391 0.058528
0.006862 0.127443 -0.034465
0.045863 0.069452 -0.054901
0.037643 0.069841 -0.039356
0.002754 0.094693 -0.025145
0.017265 0.070479 -0.014994
0.011960 0.079282 0.055944
0.015797 0.122957 -0.067517
0.005548 0.079637 0.059384
-0.035027 0.078704 0.079305
0.017969 0.076388 0.063475
0.018398 0.059974 0.067208
0.001499 0.063707 0.071752
-0.006837 0.091864 0.071822
0.005020 0.077422 0.062665
0.004829 0.128895 -0.032482
0.044624 0.068599 -0.050483
0.006655 0.132957 -0.030990
-0.019071 0.130574 0.055247
0.016007 0.075217 0.066122
0.035806 0.069544 -0.024012
0.002686 0.075899 0.066048
0.014181 0.077735 0.057312
0.025346 0.113289 -0.031128
-0.000042 0.077389 0.068950
-0.005636 0.078050 0.072385
-0.020487 0.161476 0.049093
0.039742 0.068443 -0.041603
-0.030914 0.163358 0.083673
0.038397 0.055054 -0.024879
-0.028281 0.167369 0.079331
0.015353 0.055234 0.065717
0.008134 0.146994 -0.032474
-0.001665 0.076532 0.071268
-0.011733 0.060557 0.071155
0.002141 0.124728 -0.006650
-0.013027 0.078461 0.080533
0.020854 0.113509 -0.029963
-0.032518 0.106328 0.076582
0.038027 0.066809 -0.038794
-0.016216 0.145211 0.094249
0.046378 0.075406 -0.059418
0.015544 0.075474 0.065305
-0.010455 0.078676 0.078010
-0.012553 0.115486 0.065489
-0.014918 0.177470 0.090928
0.010543 0.075229 0.064418
-0.025302 0.164807 0.068974
-0.010631 0.073682 0.077534
-0.014801 0.133543 0.048464
-0.037750 0.075004 0.076438
0.041999 0.063591 -0.045280
-0.027748 0.097368 0.081211
-0.007827 0.078780 0.075182
-0.014525 0.068725 0.078528
0.017438 0.137879 -0.074562
0.004983 0.075348 0.064500
-0.015882 0.112407 0.072112
0.010154 0.073018 0.068862
0.000558 0.079140 0.063705
-0.005371 0.151862 -0.012999
0.030559 0.068705 -0.020053
-0.004677 0.072509 0.070876
-0.010611 0.153923 0.058198
-0.005018 0.073778 0.072063
-0.049873 0.067987 0.072921
0.035345 0.073851 -0.022057
0.012146 0.070809 0.071015
-0.009552 0.161343 0.040443
0.028609 0.111957 -0.031986
0.035513 0.078754 -0.022697
-0.034632 0.073563 0.077986
-0.036495 0.071211 0.075852
0.041425 0.073574 -0.046017
-0.016417 0.132142 0.051842
-0.038446 0.073317 0.075499
0.002249 0.059894 0.071376
-0.021069 0.070975 0.081162
0.001349 0.114004 0.004219
0.040571 0.060156 -0.044564
-0.014934 0.059885 0.072191
0.033399 0.062733 -0.022645
0.043676 0.078075 -0.052330
-0.030150 0.174415 0.092653
0.010634 0.133585 -0.036222
0.031559 0.063697 -0.020518
0.005525 0.072977 0.068834
0.043300 0.065091 -0.047475
0.012419 0.128896 -0.039695
0.026155 0.063525 0.000015
-0.009819 0.054945 0.059247
-0.051768 0.060027 0.076406
-0.013829 0.055214 0.065509
-0.024354 0.153091 0.097523
-0.035960 0.137505 0.045617
0.039032 0.059728 -0.041723
-0.048901 0.085655 0.061836
-0.042914 0.068715 0.068911
-0.015940 0.141862 0.083051
0.024757 0.104261 -0.028184
-0.020494 0.140730 0.082658
0.025447 0.061610 0.001785
-0.009981 0.156936 0.048506
-0.038452 0.060055 0.065778
-0.048426 0.069640 0.064342
-0.041826 0.060593 0.071538
-0.007318 0.166616 0.075087
-0.008045 0.114969 0.015333
0.024253 0.065540 -0.019159
-0.045238 0.062177 0.077099
-0.024526 0.140749 0.083690
-0.040147 0.060191 0.068534
0.005116 0.151664 -0.029059
0.006043 0.083486 0.053572
-0.008122 0.112865 0.016633
0.021092 0.062294 -0.001648
0.002648 0.130185 -0.009772
0.010716 0.082618 -0.017089
0.043183 0.092983 -0.028130
-0.005813 0.059600 0.064445
0.020960 0.060137 -0.001257
-0.038110 0.078894 0.077265
-0.019741 0.176754 0.090572
-0.089601 0.056483 0.126173
0.018958 0.059099 0.064671
0.016992 0.086435 -0.020400
-0.007017 0.165745 0.071802
-0.028930 0.055443 0.065839
-0.004532 0.133459 0.003609
-0.029368 0.123543 0.064466
-0.019806 0.107498 0.077150
0.001426 0.103628 0.009435
0.022632 0.072016 -0.019327
-0.008624 0.171686 0.085318
0.044015 0.064498 -0.049970
0.040633 0.083736 -0.024936
-0.019575 0.146355 0.095544
-0.001554 0.073569 0.071292
-0.026990 0.191932 0.031005
-0.043029 0.060228 0.073785
-0.015099 0.141361 0.043598
0.025189 0.068930 -0.021265
-0.003675 0.079539 0.069349
-0.015641 0.078345 0.081635
-0.010505 0.113548 0.063642
-0.028312 0.151437 0.096650
-0.019593 0.059357 0.072782
-0.059437 0.064202 0.069724
-0.009050 0.068244 0.074173
-0.039491 0.063385 0.069588
-0.029367 0.165127 0.078275
0.017498 0.057065 0.065681
-0.029002 0.057698 0.070481
-0.007927 0.099105 0.069322
-0.005368 0.063909 0.068454
-0.026315 0.054554 0.065795
0.031440 0.055503 -0.020356
0.018743 0.055400 0.053209
-0.026908 0.191194 0.031698
-0.045198 0.059580 0.077829
-0.020793 0.158659 0.106388
0.016335 0.113720 -0.064266
0.030134 0.058866 -0.018325
0.002062 0.099268 0.009054
0.000170 0.069309 0.070655
-0.031546 0.125528 0.060684
0.008597 0.103300 -0.033184
-0.029959 0.110140 0.074971
-0.007445 0.148332 -0.007406
0.020525 0.061668 0.053205
-0.009907 0.059351 0.068091
-0.019582 0.056591 0.068885
0.028518 0.105820 -0.030365
-0.027802 0.055743 0.066229
0.010171 0.143323 -0.036228
0.040439 0.093473 -0.026790
0.004551 0.134477 -0.022145
-0.007758 0.083721 0.075113
-0.011241 0.055792 0.064380
-0.007859 0.155965 -0.019303
0.019352 0.067312 0.068393
0.012546 0.056407 0.070697
-0.018159 0.072434 0.080885
-0.019890 0.133182 0.052923
-0.050607 0.060249 0.074699
-0.036267 0.161753 0.080289
-0.012850 0.053932 0.059502
-0.006739 0.057450 0.060102
-0.024615 0.078571 0.083049
0.005615 0.058810 0.072568
0.007464 0.083899 0.049814
-0.019426 0.123681 0.064037
0.011042 0.054549 0.069869
0.010439 0.063516 0.073602
-0.014237 0.073350 0.079957
-0.047514 0.184980 0.030430
0.019749 0.073102 0.072466
0.042982 0.085942 -0.027806
-0.008299 0.056639 0.060461
-0.029687 0.140762 0.084387
-0.033242 0.084550 0.081541
-0.012521 0.145676 0.099115
-0.053358 0.059283 0.077732
-0.013179 0.179984 0.038697
-0.027391 0.166437 0.076087
-0.002581 0.135288 0.000688
-0.038456 0.098887 0.075446
-0.037100 0.109236 0.070213
0.042226 0.068626 -0.045001
-0.025702 0.136597 0.051140
0.035104 0.098667 -0.027308
-0.029049 0.064764 0.076866
-0.029771 0.168702 0.089121
-0.037740 0.097290 0.076369
-0.019517 0.118567 0.069047
0.018716 0.063781 0.067986
-0.040712 0.084322 0.074653
-0.021048 0.121718 0.066384
0.009426 0.055354 0.071749
-0.011643 0.134755 0.038744
0.025608 0.104559 -0.029213
0.002502 0.103181 -0.028174
-0.029907 0.072728 0.080322
-0.005503 0.069555 0.071826
0.000696 0.093911 0.018335
0.013929 0.059679 0.071771
-0.060306 0.061929 0.071657
0.034377 0.083267 -0.023601
0.012181 0.143584 -0.070830
-0.024444 0.056839 0.069726
-0.023826 0.176627 0.090646
-0.060148 0.059271 0.072230
0.006734 0.055474 0.071648
-0.005844 0.158756 -0.037070
0.011817 0.074945 -0.013662
-0.037938 0.107127 0.071786
0.015076 0.063571 0.072633
-0.014242 0.057595 0.068993
0.034671 0.103144 -0.028296
0.038615 0.075034 -0.024645
0.003534 0.143253 -0.017322
0.046176 0.077886 -0.060899
0.035519 0.063532 -0.036252
0.017395 0.054809 0.054293
-0.047709 0.070347 0.060461
0.019632 0.066482 0.065089
0.017496 0.147272 -0.075804
-0.014024 0.062767 0.074621
-0.010547 0.125339 0.044580
-0.031627 0.115442 0.070191
0.002655 0.055267 0.069543
0.026663 0.092803 -0.025570
-0.024292 0.116516 0.071713
0.028805 0.062607 -0.000824
-0.005663 0.093390 0.068474
0.007305 0.093744 -0.030019
-0.024545 0.073912 0.081885
-0.000368 0.103521 0.013749
-0.007689 0.154443 -0.015873
0.000765 0.058266 0.069636
-0.009808 0.132537 0.007029
0.038015 0.064179 -0.038823
0.022819 0.064124 -0.018567
0.006418 0.084359 -0.023617
0.000353 0.068237 0.071490
0.030537 0.093499 -0.025815
-0.011393 0.069355 0.076846
0.015753 0.110577 -0.063978
-0.008265 0.054118 0.054348
0.020169 0.058584 0.053258
-0.011910 0.137413 0.038888
-0.024551 0.083626 0.083407
0.015745 0.058222 0.069158
0.003870 0.147887 -0.022102
0.015440 0.078662 -0.015301
-0.059376 0.067069 0.068389
0.010550 0.108721 -0.036225
-0.036876 0.160816 0.078709
-0.005950 0.156651 -0.024105
0.024059 0.117841 -0.032550
-0.029469 0.059728 0.072034
-0.026721 0.071868 0.081037
-0.038356 0.093605 0.076852
-0.033413 0.112379 0.072273
-0.017770 0.115462 0.070699
-0.050120 0.063716 0.074159
-0.006633 0.060801 0.066402
-0.035076 0.165203 0.086907
-0.051879 0.061953 0.076381
-0.041326 0.063501 0.072066
-0.024639 0.088747 0.083069
0.003806 0.088263 0.057795
-0.019251 0.061915 0.075207
0.005582 0.123367 -0.034784
-0.004506 0.103626 0.018638
0.001901 0.108809 0.004977
-0.006697 0.102744 0.062754
-0.019603 0.078572 0.082646
0.035653 0.059959 -0.036904
0.014522 0.111827 -0.063833
0.031611 0.058521 -0.020112
0.012225 0.146858 -0.070714
-0.024890 0.061746 0.075258
0.000939 0.098600 0.013788
0.038342 0.056787 -0.024799
0.036138 0.104671 -0.029234
-0.008799 0.057627 0.064839
0.038128 0.075476 -0.023703
-0.010288 0.063951 0.073026
-0.012536 0.120211 0.060612
0.000936 0.073722 0.069272
-0.034453 0.153634 0.051457
-0.029183 0.128100 0.059252
0.015522 0.076713 0.063505
0.008370 0.087140 -0.028033
0.002307 0.094242 0.055738
-0.008357 0.062553 0.070016
-0.015274 0.064859 0.076800
-0.029327 0.113327 0.073545
-0.011625 0.165145 0.082135
-0.000731 0.063587 0.070408
0.046144 0.073041 -0.057255
0.003559 0.056629 0.070630
-0.028200 0.121527 0.066572
0.014230 0.055344 0.067337
-0.012726 0.125352 0.054835
-0.024620 0.124170 0.064633
0.005533 0.063575 0.073403
0.029985 0.087315 -0.023168
-0.012519 0.185344 0.031089
0.034637 0.058296 -0.022479
0.044303 0.073805 -0.050978
-0.005166 0.147211 -0.007656
-0.035347 0.083059 0.079626
-0.048685 0.068744 0.068168
-0.034316 0.120228 0.064615
0.003396 0.070796 0.070856
-0.040921 0.067531 0.070026
0.004808 0.054713 0.069778
-0.004214 0.158723 -0.041597
0.017173 0.062774 0.070337
-0.019673 0.064436 0.077456
-0.006311 0.101576 0.021194
0.000705 0.108776 0.008590
-0.019518 0.148728 0.100037
0.012685 0.140070 -0.070946
-0.024595 0.055241 0.066725
0.000490 0.128656 -0.001219
0.008614 0.085227 -0.026582
0.019908 0.063449 0.064696
-0.005307 0.118008 0.012412
0.030588 0.073710 -0.021117
0.013834 0.074471 -0.013769
-0.004418 0.061426 0.065726
-0.024532 0.064297 0.077440
-0.042299 0.059146 0.070703
-0.034241 0.063823 0.072883
0.027641 0.059394 0.000736
-0.035734 0.062557 0.070573
0.008790 0.147363 -0.035551
-0.007099 0.066034 0.071183
-0.010241 0.179013 0.038262
0.013032 0.113719 -0.040335
0.002457 0.080511 0.060564
0.029073 0.059034 -0.000364
0.039783 0.063533 -0.041228
-0.024874 0.096978 0.081424
0.003581 0.130694 -0.028070
-0.009121 0.128586 0.009190
-0.001853 0.096546 0.021423
0.029169 0.063631 -0.018292
-0.010278 0.183015 0.033688
0.029754 0.055683 -0.018546
-0.001108 0.118224 0.007783
-0.053471 0.067917 0.073483
-0.044004 0.067203 0.073201
0.025919 0.064590 -0.018409
-0.014017 0.119006 0.063971
-0.023345 0.070980 0.081221
-0.035790 0.068242 0.074726
-0.033004 0.068784 0.077340
-0.016049 0.075295 0.081528
0.013027 0.117861 -0.040343
-0.011070 0.103224 0.072892
-0.015206 0.055553 0.066636
0.010388 0.068488 0.072620
-0.007207 0.105801 0.019529
-0.003295 0.118959 0.010007
0.016415 0.074018 -0.014499
0.010506 0.058695 0.072849
0.042645 0.081471 -0.052914
-0.009135 0.155224 0.044141
0.019381 0.069275 0.072671
0.008493 0.080110 0.047602
-0.031781 0.120793 0.065351
0.002615 0.099139 -0.026900
-0.029449 0.183764 0.037485
0.002707 0.122120 -0.034085
0.009696 0.079749 0.043759
-0.006139 0.083480 0.072646
0.023186 0.074919 -0.018537
-0.007656 0.108986 0.017980
-0.012820 0.141239 0.039769
0.043221 0.072550 -0.048178
0.025330 0.073722 -0.021346
-0.003986 0.083639 0.068538
-0.002097 0.157121 -0.045476
-0.002373 0.083165 0.065871
-0.029207 0.107587 0.077367
-0.019548 0.083678 0.083080
0.000007 0.083541 0.063393
-0.009079 0.144834 0.097775
-0.033435 0.142693 0.097185
0.037233 0.057928 -0.024212
0.010533 0.079508 0.040781
0.019504 0.069487 -0.017361
0.007749 0.090324 -0.029356
0.002376 0.083761 0.060424
0.000771 0.143470 -0.011601
-0.019481 0.068736 0.079924
0.039136 0.102614 -0.029334
0.026075 0.078452 -0.020472
0.002058 0.115338 0.000959
-0.029385 0.093252 0.082189
0.008329 0.082966 0.047782
-0.031275 0.095565 0.080611
0.009149 0.082348 0.044799
0.010786 0.076845 -0.013828
-0.005316 0.128105 0.007470
0.037519 0.058923 -0.039735
0.011116 0.079147 -0.014919
0.010200 0.076622 0.061723
0.020398 0.078510 -0.016829
0.003901 0.151844 -0.026891
0.003904 0.083595 0.058032
-0.032674 0.091829 0.081307
-0.032604 0.078090 0.081181
0.023611 0.078450 -0.018442
0.038205 0.078376 -0.023715
0.039665 0.079106 -0.024798
0.007112 0.084805 -0.024528
-0.049483 0.084119 0.060605
-0.039064 0.076664 0.075903
0.008744 0.082530 0.019185
-0.014037 0.113844 0.068871
0.041291 0.076946 -0.048085
0.042342 0.078512 -0.050262
-0.029189 0.178067 0.093195
-0.040361 0.087066 0.075314
-0.008119 0.168052 0.079153
-0.005468 0.108183 0.017149
-0.000967 0.098163 0.018094
-0.038579 0.089187 0.077315
-0.034144 0.108762 0.073856
-0.035123 0.088653 0.079937
-0.032803 0.087985 0.081421
0.002402 0.108817 -0.030074
-0.029545 0.088677 0.082498
0.007490 0.080166 0.049903
-0.048660 0.087558 0.062059
-0.019609 0.088665 0.082633
-0.015857 0.088406 0.081640
-0.013429 0.088812 0.080277
-0.010355 0.088401 0.077851
0.024801 0.055318 0.004779
-0.000218 0.088466 0.063389
0.004893 0.143536 -0.021379
0.044628 0.079304 -0.054553
0.018337 0.105713 -0.063709
0.005452 0.088445 0.053796
-0.002700 0.089698 0.065440
0.006742 0.087857 0.050120
0.025540 0.083468 -0.020367
0.007700 0.084506 0.019291
-0.029444 0.196713 0.028125
0.020290 0.082711 -0.018050
0.035375 0.055242 -0.022981
-0.019486 0.098816 0.080609
-0.030445 0.160470 0.080885
0.029993 0.083528 -0.022853
0.012519 0.118653 -0.039594
0.002212 0.088897 0.060141
0.036651 0.084001 -0.024255
0.020676 0.085133 -0.019595
0.017749 0.120550 -0.030875
-0.043704 0.063788 0.074446
-0.004378 0.088367 0.068409
-0.007668 0.104205 0.064564
-0.029485 0.192504 0.032407
0.043058 0.081546 -0.053660
-0.034303 0.098673 0.078619
0.043876 0.082736 -0.056315
-0.034465 0.093816 0.079630
-0.034889 0.159385 0.070514
-0.024534 0.093447 0.082825
-0.006803 0.169433 0.077401
-0.037976 0.156673 0.047563
-0.024242 0.144317 0.093212
0.025467 0.087803 -0.022221
-0.019648 0.093359 0.082258
-0.016260 0.092296 0.081549
-0.014082 0.093861 0.079681
-0.031395 0.155759 0.050739
-0.002361 0.125465 0.005944
0.004965 0.089104 0.018689
0.025827 0.058402 0.003237
-0.000902 0.092814 0.062342
0.035242 0.093532 -0.026480
0.015607 0.085325 -0.019551
-0.003623 0.094063 0.064099
-0.008958 0.161854 0.065337
-0.024596 0.059374 0.072749
0.001046 0.093598 0.059090
-0.007289 0.094791 0.070858
0.018344 0.075406 0.064136
0.003293 0.091625 0.057217
-0.047731 0.183042 0.032028
0.021632 0.072743 0.070945
0.003844 0.092129 0.055041
0.009510 0.085867 -0.028921
0.020838 0.087247 -0.021173
-0.013309 0.183248 0.034234
-0.003028 0.129059 0.005000
0.015594 0.068331 0.073082
0.010210 0.079134 0.018657
-0.019560 0.103408 0.078533
-0.029735 0.078504 0.082168
0.034991 0.087372 -0.023473
0.030280 0.078902 -0.022658
0.036128 0.089121 -0.024497
-0.016492 0.106544 0.076336
0.016053 0.072954 0.072742
0.040563 0.088408 -0.025438
-0.033723 0.102870 0.077086
0.044275 0.084595 -0.059181
0.037584 0.055121 -0.024202
-0.021061 0.096289 0.081312
0.008812 0.089051 -0.031060
-0.014155 0.123709 0.059042
0.043141 0.088725 -0.027490
-0.017730 0.095576 0.080788
-0.013895 0.181681 0.036604
0.003889 0.092042 0.017036
0.023289 0.081729 -0.018796
0.030622 0.089715 -0.024663
-0.029775 0.098697 0.080504
0.003147 0.134013 -0.012278
-0.014578 0.098650 0.078495
0.018384 0.143752 -0.075146
-0.005371 0.143653 0.093639
-0.009889 0.098488 0.073530
0.002121 0.138738 -0.011122
0.040899 0.100433 -0.029060
-0.006666 0.097949 0.067315
0.003749 0.094290 0.014890
-0.006611 0.167335 0.073974
-0.024856 0.142340 0.088143
-0.034962 0.129402 0.053614
0.025462 0.090237 -0.024419
0.002122 0.105334 0.004261
0.020341 0.073486 -0.016726
-0.024467 0.099107 0.080895
-0.005289 0.098408 0.063699
-0.003995 0.098343 0.059890
0.013297 0.133247 -0.042459
-0.001298 0.096393 0.058708
-0.046908 0.068858 0.062482
-0.007939 0.088618 0.074939
-0.003050 0.095475 0.023320
0.011449 0.142244 -0.039327
0.001935 0.095042 0.014937
-0.009125 0.134808 0.005337
-0.001745 0.102301 0.016675
0.005033 0.093474 -0.027145
0.003835 0.134707 -0.015818
-0.010221 0.083554 0.077964
-0.012295 0.100571 0.075764
0.009671 0.094024 -0.035304
0.036534 0.067730 -0.037549
-0.004104 0.098271 0.022074
0.011339 0.100511 -0.040862
-0.024534 0.103489 0.079118
-0.045790 0.184420 0.029914
-0.008643 0.149163 0.094287
-0.013449 0.104326 0.074940
0.034217 0.068919 -0.022064
-0.003279 0.099944 0.020113
-0.006422 0.088638 0.072444
-0.009130 0.103646 0.068567
-0.002194 0.150802 -0.014361
0.008712 0.098418 -0.032710
-0.006103 0.103108 0.060172
0.015418 0.082920 -0.017339
0.031280 0.082972 -0.023928
-0.035402 0.104559 0.075160
0.005512 0.108598 -0.031659
-0.029936 0.062629 0.075097
-0.037751 0.112140 0.068220
-0.011909 0.126671 0.051556
-0.029526 0.118542 0.069297
0.027575 0.098386 -0.025721
0.037779 0.071551 -0.040521
0.030469 0.098898 -0.025545
0.040053 0.098224 -0.028043
-0.008260 0.073378 0.075002
0.010082 0.098548 -0.035779
-0.011016 0.093364 0.077232
-0.014676 0.108552 0.073443
-0.011789 0.106887 0.071573
-0.010750 0.108241 0.068303
-0.008784 0.108518 0.063600
0.018122 0.109526 -0.063955
-0.007833 0.109088 0.057941
0.018108 0.107749 -0.063785
-0.024377 0.148042 0.099947
0.003356 0.102118 -0.028518
0.010461 0.103645 -0.036046
0.030884 0.103455 -0.026573
0.038152 0.101570 -0.028782
-0.014601 0.128636 0.053425
-0.040162 0.067770 0.073026
0.005544 0.068520 0.072520
-0.033643 0.117783 0.067741
-0.021057 0.116184 0.071519
-0.038136 0.109346 0.069867
-0.011337 0.186084 0.028986
0.032999 0.063868 -0.033864
-0.019071 0.109903 0.075074
-0.007006 0.107194 0.056117
0.003211 0.124797 -0.033662
-0.002227 0.105221 0.015889
-0.037122 0.170506 0.092275
0.011987 0.104029 -0.039777
-0.044668 0.180952 0.033591
-0.007780 0.159020 -0.031367
-0.008522 0.093709 0.073975
-0.012702 0.109829 0.070257
-0.029468 0.068793 0.079099
-0.037631 0.117138 0.063997
-0.010121 0.168571 0.083651
-0.032436 0.060374 0.071638
-0.003201 0.108899 0.014874
-0.020083 0.074034 0.081702
-0.001195 0.108088 0.012539
0.015078 0.078272 0.055207
0.009633 0.089747 -0.035039
-0.024233 0.110682 0.075582
0.006755 0.138504 -0.026532
-0.018724 0.135296 0.050432
0.021898 0.105400 -0.029036
0.002540 0.105669 -0.028987
-0.001333 0.094610 0.021922
0.022802 0.105675 -0.028879
0.021697 0.068451 -0.020850
0.006384 0.088508 -0.026087
-0.024533 0.113552 0.074170
-0.019580 0.113447 0.073324
-0.034458 0.114459 0.069730
-0.011589 0.111912 0.067042
-0.037131 0.122664 0.058989
-0.028945 0.075016 0.081809
0.008293 0.108157 -0.033519
-0.008721 0.152543 0.025316
0.031855 0.106090 -0.028101
-0.009005 0.113654 0.059018
0.012480 0.108332 -0.039998
0.004134 0.098330 -0.027830
0.025435 0.108609 -0.029950
-0.008948 0.153498 0.027584
0.029903 0.108214 -0.031576
-0.024652 0.068659 0.079954
-0.015860 0.117676 0.067610
0.016382 0.108903 -0.063779
-0.034060 0.173171 0.093399
-0.006639 0.111579 0.016290
-0.004460 0.113508 0.013749
0.005640 0.103848 -0.030575
-0.001643 0.112297 0.011696
-0.000399 0.113692 0.008561
-0.004130 0.149386 -0.011119
-0.004895 0.068227 0.070235
-0.037734 0.115384 0.065237
-0.005545 0.137408 0.002105
-0.008704 0.114923 0.053246
0.012974 0.110324 -0.040458
-0.011454 0.128081 0.048311
-0.027966 0.116185 0.071554
0.002363 0.113386 -0.031702
0.005255 0.113249 -0.032702
