-0.037106 0.196648 0.012774
-0.023186 0.193913 -0.016873
-0.037516 0.192663 0.016322
-0.039967 0.190561 0.019061
-0.040125 0.192875 0.017566
-0.023531 0.191994 -0.014901
-0.025402 0.189049 -0.008240
-0.026898 0.187731 -0.003720
-0.028126 0.186448 0.000496
-0.029645 0.187324 0.002174
-0.021969 0.185620 0.022486
-0.040759 0.187513 0.020647
-0.026883 0.184565 -0.001986
-0.054285 0.184492 0.008525
-0.032700 0.184262 0.012268
-0.025156 0.182368 0.027699
-0.041291 0.183386 0.022869
-0.040248 0.181361 0.024177
-0.039902 0.180953 0.038038
-0.045236 0.180953 0.043702
-0.055650 0.181792 0.067681
-0.058316 0.180539 0.073842
-0.022208 0.182611 0.026427
-0.025890 0.180540 0.029784
-0.028916 0.180220 0.029997
-0.036552 0.182417 0.021522
-0.041626 0.180560 0.041238
-0.045520 0.180397 0.045492
-0.037050 0.179490 0.032056
-0.045209 0.179418 0.047252
-0.023127 0.178693 0.029759
-0.018251 0.175767 0.016518
-0.019184 0.175773 0.018009
-0.023214 0.176905 0.025295
-0.024392 0.176493 0.025808
-0.026285 0.177614 0.031713
-0.028573 0.175843 0.034414
-0.051092 0.177958 0.076742
-0.055746 0.178413 0.074670
-0.061323 0.177661 0.072891
-0.065719 0.177211 0.073009
-0.068912 0.175975 0.072471
-0.032414 0.176871 0.040532
-0.044003 0.174432 0.051243
-0.029449 0.173988 0.038091
-0.013351 0.173482 0.005307
-0.023673 0.172887 0.029022
-0.014674 0.173203 0.007773
-0.016422 0.172362 0.011323
-0.018191 0.172934 0.015951
-0.019265 0.171853 0.017675
-0.020679 0.172980 0.021493
-0.023076 0.172952 0.025625
-0.024058 0.171827 0.027384
-0.025438 0.173023 0.031542
-0.027851 0.172645 0.035902
-0.028685 0.171321 0.039329
-0.030484 0.172587 0.041529
-0.032687 0.172723 0.045357
-0.038172 0.171106 0.068201
-0.041270 0.172235 0.070769
-0.046118 0.172866 0.075859
-0.050873 0.173013 0.074789
-0.052282 0.172085 0.073463
-0.037467 0.187030 0.020224
-0.059354 0.170733 0.065409
-0.056372 0.172833 0.072102
-0.066217 0.172788 0.071181
-0.048991 0.169960 0.075027
-0.034441 0.169589 0.048248
-0.069850 0.169855 0.069401
-0.019552 0.167739 0.017560
-0.020728 0.167443 0.021868
-0.023510 0.165731 0.031280
-0.024999 0.168257 0.031312
-0.026395 0.167819 0.036166
-0.027587 0.167318 0.041167
-0.030887 0.168225 0.046659
-0.031688 0.166864 0.050624
-0.032455 0.166403 0.056444
-0.033586 0.166847 0.059572
-0.056875 0.166047 0.058086
-0.059949 0.167046 0.062272
-0.061877 0.167604 0.066379
-0.066925 0.165765 0.063776
-0.069588 0.167509 0.067327
-0.019120 0.164492 0.018149
-0.023194 0.163946 0.030013
-0.045266 0.164660 0.070249
-0.065551 0.164412 0.065285
-0.011752 0.162786 0.003246
-0.035023 0.172269 0.047410
-0.052608 0.162676 0.044533
-0.043348 0.163911 0.069107
0.013751 0.160268 -0.042065
-0.034956 0.166860 0.062182
0.004554 0.161399 -0.032667
0.001760 0.161104 -0.029529
-0.004701 0.161007 -0.023272
-0.014161 0.162870 0.008378
-0.028111 0.163390 0.040754
-0.033928 0.186150 0.013106
-0.029055 0.162703 0.043088
-0.032917 0.163968 0.055542
-0.034529 0.162886 0.057235
-0.050695 0.179943 0.066919
-0.041381 0.163724 0.067013
-0.059191 0.162919 0.057934
-0.066321 0.161490 0.058744
-0.015903 0.162504 0.011339
-0.020183 0.162724 0.021645
-0.026686 0.162940 0.035838
-0.030840 0.160745 0.035757
-0.036161 0.160549 0.036447
-0.041108 0.160529 0.035296
-0.054612 0.160867 0.042414
-0.045156 0.162667 0.068715
-0.013738 0.159718 0.009351
-0.060146 0.160138 0.087931
-0.062068 0.160133 0.089085
0.005256 0.158973 -0.031705
-0.057673 0.159633 0.046399
0.002957 0.158335 -0.029315
-0.000099 0.158949 -0.026693
-0.054630 0.158842 0.037078
-0.060827 0.159620 0.051051
-0.063977 0.158968 0.053216
-0.054091 0.157999 0.032408
0.014484 0.155763 -0.033530
0.011710 0.155855 -0.027008
0.003695 0.156215 -0.024071
-0.001977 0.157652 -0.023993
-0.004978 0.158346 -0.021884
-0.041403 0.158453 0.035931
-0.061808 0.158618 0.089212
0.006337 0.155189 -0.021060
0.003611 0.155202 -0.020169
-0.006917 0.156817 -0.019112
-0.012741 0.155913 -0.014243
-0.014351 0.155548 -0.013618
-0.015457 0.158041 0.011998
-0.016969 0.157791 0.016354
-0.023745 0.157852 0.030919
-0.036411 0.158256 0.037085
-0.045186 0.157616 0.034727
0.015930 0.154633 -0.032950
-0.018392 0.157430 0.019674
-0.019827 0.157298 0.022228
-0.022402 0.157406 0.025663
-0.023973 0.157126 0.027956
-0.028335 0.156276 0.039745
-0.038432 0.156157 0.039757
-0.028523 0.165032 0.044761
-0.057668 0.157874 0.085183
-0.047271 0.158489 0.033120
-0.060020 0.157832 0.087168
0.020773 0.154126 -0.046847
0.018909 0.154176 -0.044916
-0.039402 0.154910 0.042798
-0.043832 0.155010 0.047459
-0.048506 0.155234 0.077932
-0.037261 0.167982 0.066176
-0.051434 0.155489 0.078320
-0.053436 0.156017 0.079643
-0.055591 0.156543 0.082298
-0.060050 0.155272 0.083530
0.014449 0.154337 -0.027489
-0.041471 0.168338 0.070710
0.009835 0.153973 -0.022406
-0.000772 0.153870 -0.017346
-0.006127 0.154081 -0.017621
-0.049186 0.154545 0.078768
-0.029363 0.183206 0.004271
0.018725 0.153393 -0.033274
-0.014170 0.153670 -0.012723
0.003952 0.153462 -0.017804
0.025480 0.150091 -0.051954
0.022801 0.152608 -0.049578
0.021527 0.150503 -0.030433
-0.033523 0.183379 0.015138
0.016974 0.150884 -0.025151
0.013648 0.152541 -0.023555
0.012116 0.150942 -0.020281
-0.001429 0.151797 -0.014040
-0.006520 0.151998 -0.014668
-0.011291 0.152656 -0.013654
-0.018340 0.153354 0.019622
-0.044545 0.153243 0.068259
-0.013869 0.150124 -0.010748
-0.058101 0.170739 0.064565
-0.013999 0.165292 0.008317
-0.014323 0.151764 0.007947
-0.015998 0.152901 0.011103
-0.017548 0.152532 0.017454
-0.041900 0.153113 0.050789
-0.006460 0.149726 -0.012084
-0.034519 0.183227 0.017431
-0.013613 0.149720 0.006356
-0.024833 0.162482 0.032090
-0.019887 0.152421 0.021989
-0.024068 0.160998 0.028310
-0.022285 0.152513 0.026029
-0.023343 0.150968 0.030039
-0.026430 0.152653 0.036456
-0.028177 0.152309 0.040515
-0.013572 0.151402 0.006512
-0.029507 0.153401 0.042542
-0.031226 0.152887 0.046532
-0.034769 0.153031 0.051924
-0.062232 0.152619 0.078044
-0.064553 0.151230 0.077125
0.025671 0.148675 -0.036523
-0.000640 0.149755 -0.011839
-0.014866 0.149283 0.007601
-0.034042 0.150109 0.053587
-0.036420 0.151252 0.056006
-0.038032 0.150293 0.059778
-0.042535 0.152363 0.067849
-0.043124 0.150790 0.070490
-0.044217 0.151554 0.072608
-0.045684 0.152166 0.076802
-0.047107 0.151569 0.080844
-0.051120 0.152895 0.081390
-0.051785 0.150706 0.084439
-0.060380 0.151802 0.082357
0.059971 0.147921 -0.071549
-0.016355 0.149549 0.011266
-0.043903 0.149629 0.073841
-0.039126 0.149276 0.063274
0.054542 0.146280 -0.067388
0.045510 0.146986 -0.062610
0.040631 0.146560 -0.059070
0.027077 0.146868 -0.037322
0.026489 0.146223 -0.035470
-0.017873 0.148876 0.015912
0.024664 0.147731 -0.033564
-0.028808 0.150659 0.044259
0.020270 0.148467 -0.027374
-0.024579 0.152605 0.032264
0.018146 0.147301 -0.024049
0.062686 0.091738 -0.039789
-0.016217 0.082492 0.051328
0.020816 0.093254 -0.026296
0.043752 0.087641 -0.007062
0.001690 0.122386 -0.000472
0.037972 0.093566 -0.011519
-0.015927 0.094376 0.023035
0.022692 0.146981 -0.029317
-0.021504 0.132623 0.001053
0.000816 0.090717 -0.020270
-0.069652 0.172575 0.071170
-0.056443 0.152851 0.082012
-0.036341 0.097638 0.061339
0.008699 0.122046 -0.032608
-0.044301 0.142593 0.083646
-0.055352 0.150437 0.084179
-0.038546 0.095770 0.063984
-0.065477 0.169362 0.069070
-0.038026 0.164785 0.064852
-0.060740 0.097603 0.060940
0.052658 0.132842 -0.069677
-0.064177 0.095452 0.058504
0.003014 0.054016 0.034591
-0.041321 0.107378 0.060806
0.002994 0.132340 -0.004115
0.023742 0.142597 -0.028610
0.051766 0.092255 -0.009775
0.043902 0.092417 -0.008915
-0.046236 0.097634 0.066009
-0.051120 0.097538 0.065629
-0.025980 0.127648 0.031459
-0.063995 0.094773 0.058824
-0.019094 0.092048 0.028983
-0.006318 0.092924 0.017058
-0.010678 0.054667 0.062572
-0.008235 0.091650 0.019642
-0.005905 0.089848 0.018554
0.018828 0.067584 -0.007516
-0.016103 0.092440 0.026451
0.013022 0.157654 -0.039156
0.058997 0.089738 -0.036397
0.033760 0.082739 -0.008426
0.064216 0.087851 -0.038139
-0.056255 0.142465 0.070300
-0.014268 0.089848 0.028288
-0.039863 0.166665 0.068104
0.024136 0.150396 -0.036136
0.021300 0.088691 -0.025723
0.060799 0.060350 -0.031547
-0.028345 0.086784 0.059071
-0.058672 0.160135 0.086465
-0.049717 0.144933 0.085969
0.018889 0.088223 -0.023094
0.017050 0.086420 -0.020635
0.013625 0.087611 -0.019853
0.025391 0.096186 -0.031332
-0.059675 0.107519 0.057412
-0.022027 0.143007 0.020298
-0.016109 0.091316 0.048058
0.052705 0.087971 -0.011921
0.029104 0.086674 -0.009862
-0.022228 0.091887 0.054846
0.042664 0.107408 -0.017326
-0.032436 0.092408 0.060049
-0.038082 0.115951 0.054394
-0.035621 0.092944 0.062434
-0.037814 0.092030 0.064460
0.053927 0.083445 -0.032377
0.026545 0.124345 -0.030751
-0.033026 0.152128 0.050144
-0.056164 0.062371 0.058032
-0.002862 0.095315 0.014004
-0.006738 0.087705 0.021126
-0.046173 0.092507 0.067327
-0.001465 0.092767 0.009960
0.026670 0.127754 -0.030812
0.008673 0.082915 -0.017133
-0.023851 0.168118 0.028701
-0.050846 0.101411 0.064450
-0.010829 0.086029 0.043352
-0.024059 0.129238 0.003700
-0.051270 0.087657 0.067435
0.054651 0.129390 -0.072183
-0.040933 0.179220 0.041562
-0.020054 0.147858 0.021425
0.000985 0.095226 -0.022501
-0.029434 0.169353 0.042548
0.023705 0.127802 -0.029519
0.023772 0.082706 -0.008756
0.015358 0.080982 -0.010449
-0.046249 0.082727 0.068144
0.006788 0.067679 0.024679
-0.028145 0.107063 0.045758
-0.021567 0.087537 0.055385
-0.006192 0.132623 0.001986
-0.031587 0.087575 0.060539
0.043433 0.057273 -0.006996
-0.066184 0.141904 0.071513
0.051850 0.084070 -0.011550
-0.059111 0.091285 0.064371
-0.037311 0.087436 0.064906
0.051402 0.084140 -0.010559
0.056949 0.137159 -0.072337
-0.041265 0.087642 0.066819
-0.059384 0.086689 0.064324
-0.035807 0.187448 0.017344
-0.061369 0.172914 0.070905
-0.009667 0.083882 0.027263
-0.018830 0.150754 0.018713
0.008232 0.128624 -0.012891
-0.022965 0.095759 0.051700
0.067803 0.077946 -0.038116
-0.044354 0.064705 0.063901
0.066564 0.076423 -0.035719
-0.046224 0.062412 0.061868
-0.033537 0.096308 0.059252
-0.044370 0.160508 0.034059
-0.003054 0.136277 -0.000735
0.025933 0.065498 -0.011394
-0.005837 0.082844 0.022629
-0.046180 0.087682 0.067903
0.049377 0.082577 -0.008184
0.034187 0.057642 -0.003562
-0.016506 0.119226 0.008415
0.062137 0.076917 -0.030369
-0.040662 0.173626 0.050986
0.058833 0.077645 -0.028544
0.054543 0.092831 -0.039028
0.000983 0.099351 0.003218
-0.072726 0.069145 0.042773
-0.006247 0.147218 -0.008944
-0.007817 0.081445 0.041325
-0.051233 0.062984 0.060990
-0.031542 0.163235 0.051395
-0.009402 0.083166 0.043211
-0.013615 0.081563 0.048911
0.001157 0.060363 0.038756
0.044414 0.078366 -0.006457
0.003974 0.091491 -0.020377
0.038578 0.078214 -0.007112
0.018594 0.092663 -0.024383
0.012068 0.161019 -0.039372
0.033465 0.077841 -0.008858
0.028756 0.077730 -0.007290
0.008925 0.124367 -0.030201
-0.006532 0.079191 0.024401
-0.008825 0.079757 0.043851
-0.053480 0.182814 0.008952
-0.000819 0.067432 0.041585
0.000927 0.080029 -0.016918
-0.008021 0.101825 0.014318
-0.029935 0.163014 0.046518
0.049068 0.087605 -0.007136
-0.011625 0.082666 0.046523
-0.028489 0.083084 0.058983
0.022258 0.150919 -0.033563
-0.039364 0.150457 0.061371
0.022356 0.088919 -0.027361
0.040834 0.065386 -0.016763
0.035164 0.092088 -0.011993
-0.041360 0.082687 0.066980
0.046592 0.074353 -0.009290
-0.067095 0.167795 0.066958
-0.002444 0.058249 0.056051
0.013208 0.147417 -0.019251
0.033405 0.068376 -0.006470
-0.007973 0.067241 0.065552
-0.001220 0.077461 0.022917
-0.002451 0.087215 0.020027
-0.028152 0.101485 0.050104
-0.026065 0.082676 0.057911
0.062510 0.072440 -0.029566
-0.001380 0.087910 0.017487
-0.062337 0.072901 0.058672
0.028938 0.123993 -0.032752
0.008628 0.087499 -0.018654
0.054480 0.089253 -0.036726
-0.033202 0.067252 0.061463
-0.029026 0.182713 0.003410
0.018504 0.152062 -0.028763
0.053773 0.072828 -0.023875
0.019975 0.064700 -0.006800
0.036922 0.074030 -0.006417
-0.003567 0.075590 0.035876
0.049412 0.072984 -0.022381
-0.011726 0.147239 -0.009657
0.045643 0.071088 -0.019696
-0.011130 0.078387 0.057162
-0.006720 0.077899 0.040938
-0.008789 0.078710 0.043919
-0.016516 0.078576 0.057330
0.052318 0.129258 -0.070496
0.044054 0.072529 -0.007554
-0.022409 0.177392 0.022128
0.006628 0.072775 -0.015242
0.039063 0.072562 -0.005723
0.018944 0.107744 -0.026866
0.028742 0.072645 -0.008462
0.013979 0.092895 -0.022055
0.054747 0.132066 -0.071880
0.048779 0.062734 -0.019637
0.018910 0.072718 -0.006873
0.021502 0.155729 -0.048803
-0.005701 0.075978 0.052106
-0.017792 0.091442 0.050793
-0.019178 0.105718 0.014110
-0.045395 0.140606 0.032478
0.066593 0.068997 -0.035047
0.031825 0.061465 0.000379
-0.060654 0.180548 0.073282
-0.035756 0.179476 0.021551
0.038792 0.117784 -0.053751
0.013220 0.083890 -0.018179
0.026787 0.064873 -0.012276
0.050633 0.078442 -0.027474
-0.002613 0.061846 0.055847
0.049614 0.076162 -0.024659
-0.018654 0.147572 0.019476
-0.028492 0.075974 0.064055
-0.041752 0.097286 0.064977
0.046169 0.054582 -0.022202
0.023724 0.132804 -0.028617
-0.015537 0.079625 0.051114
0.028823 0.053086 -0.018815
0.035874 0.122183 -0.055536
-0.034738 0.087765 0.063023
0.054000 0.081109 -0.030110
-0.016489 0.074985 0.063161
0.065007 0.072857 -0.032846
-0.016745 0.141908 -0.004887
-0.051367 0.077616 0.067271
0.025135 0.093488 -0.031385
-0.009782 0.156712 -0.017078
-0.032003 0.155890 0.045752
-0.056246 0.077643 0.065547
-0.003030 0.102306 0.009801
0.030708 0.138189 -0.037006
0.055080 0.096001 -0.040697
0.013362 0.080936 -0.011570
0.001009 0.102646 0.003279
0.009621 0.125791 -0.028414
-0.027724 0.109035 0.043328
-0.054469 0.120638 0.050708
0.007058 0.071392 0.023643
-0.021646 0.098714 0.017752
-0.020779 0.096110 0.020853
0.000604 0.087548 -0.019134
0.003984 0.072445 0.025928
-0.000236 0.072290 0.026194
-0.041223 0.132064 0.041166
-0.022596 0.074575 0.061454
0.060201 0.067255 -0.027010
0.011571 0.142016 -0.015491
-0.028217 0.117424 0.040516
-0.037112 0.082700 0.064979
-0.012354 0.106010 0.014132
-0.025608 0.147768 0.036125
-0.000676 0.053738 0.035178
0.044504 0.058460 -0.018998
-0.057421 0.162481 0.051609
0.005762 0.127465 -0.007238
0.008639 0.091915 -0.020322
-0.012604 0.059031 0.069489
0.035218 0.132652 -0.059350
-0.078867 0.058474 0.048845
0.008393 0.155575 -0.024071
0.054178 0.062394 -0.022724
0.000965 0.108313 0.003209
-0.074109 0.069931 0.043758
-0.001271 0.082515 0.021989
-0.025321 0.098368 0.016747
0.053889 0.078343 -0.027623
-0.004923 0.062893 0.057048
-0.024642 0.062865 0.069442
-0.063699 0.060611 0.045392
-0.046083 0.067731 0.065235
-0.026538 0.142083 0.031326
-0.041343 0.077652 0.066781
0.051774 0.096655 -0.013201
-0.063757 0.059501 0.044744
-0.054490 0.185425 0.008140
0.039481 0.091864 -0.010771
-0.001194 0.071539 0.032612
-0.011295 0.122512 0.007208
0.007389 0.061778 0.030778
0.011814 0.137919 -0.015414
0.043102 0.082817 -0.007153
0.031559 0.127396 -0.035652
0.004787 0.137820 -0.007467
0.001654 0.080983 0.020490
-0.026208 0.191305 -0.009383
-0.008277 0.073498 0.065269
0.008020 0.147263 -0.014632
-0.054823 0.097119 0.064467
0.033257 0.072875 -0.009047
-0.021433 0.082723 0.055479
0.050810 0.053673 -0.026358
-0.065517 0.062069 0.047749
0.036859 0.116484 -0.019917
0.047025 0.083093 -0.005809
0.031827 0.058274 0.000310
0.038489 0.082931 -0.008604
0.063433 0.082309 -0.033983
-0.067034 0.066737 0.048332
-0.024446 0.066327 0.069314
0.009683 0.063350 0.023436
-0.041174 0.092475 0.065903
-0.037280 0.072704 0.064528
0.052610 0.054359 -0.027680
-0.011442 0.138915 -0.002054
0.023558 0.102488 -0.028402
-0.057335 0.176690 0.073165
0.014225 0.066189 -0.003132
-0.047842 0.169377 0.074424
-0.020835 0.094534 0.023573
-0.046343 0.104070 0.063472
0.012241 0.090875 -0.020715
-0.063881 0.082385 0.060539
0.010980 0.056742 0.006491
0.051758 0.145830 -0.065071
-0.005275 0.074456 0.039155
0.042977 0.146837 -0.058559
-0.009386 0.062155 0.068224
0.008855 0.062792 0.026468
-0.021388 0.128507 0.002695
0.016336 0.141660 -0.020870
0.023498 0.064331 -0.008208
-0.059525 0.083693 0.064399
0.057840 0.058796 -0.028655
-0.024067 0.137819 0.023502
-0.014572 0.068277 0.074122
0.003384 0.151402 -0.014871
-0.033094 0.061225 0.058154
-0.012915 0.162690 0.005990
-0.020982 0.057691 0.070264
-0.071064 0.062346 0.051190
0.011858 0.079466 -0.011281
0.017597 0.053624 -0.018036
0.038572 0.087947 -0.009034
-0.055575 0.063953 0.059620
0.044738 0.127644 -0.063292
-0.033472 0.125680 0.044221
-0.051095 0.147949 0.085716
-0.076025 0.067667 0.046470
-0.036240 0.057855 0.056487
-0.056060 0.112545 0.056445
0.063054 0.098368 -0.047482
0.010729 0.155861 -0.026663
0.051895 0.063545 -0.020911
0.048838 0.092415 -0.007941
-0.042804 0.179025 0.045490
-0.018886 0.148326 0.018610
0.067055 0.087674 -0.042779
-0.018929 0.082953 0.053789
-0.069959 0.066532 0.049717
-0.024801 0.118113 0.008111
-0.008558 0.075468 0.064929
-0.035441 0.178300 0.041350
-0.080222 0.058931 0.049404
0.013538 0.057620 0.006283
-0.046036 0.057511 0.056994
0.013811 0.072650 -0.008543
-0.009791 0.074211 0.067450
-0.006664 0.112268 0.010039
-0.000761 0.059336 0.039485
-0.022441 0.167853 0.026212
-0.016225 0.122610 0.006881
0.010169 0.072788 -0.010421
-0.025882 0.112439 0.010532
0.053473 0.076029 -0.025543
-0.006046 0.062780 0.062380
-0.019122 0.087860 0.053682
-0.045476 0.054691 0.053084
0.043014 0.076916 -0.005922
-0.018238 0.073900 0.065601
-0.061454 0.092738 0.061952
0.029577 0.058820 0.006188
0.027572 0.058719 0.010822
0.018806 0.122610 -0.029732
0.040219 0.076544 -0.005896
0.057388 0.072211 -0.025371
0.023542 0.097749 -0.028720
0.040459 0.062603 -0.016644
-0.037923 0.146023 0.065261
0.009891 0.063427 -0.002274
-0.027429 0.102526 0.046675
0.030825 0.064249 -0.005128
-0.026504 0.067924 0.066911
-0.008487 0.071710 0.072259
-0.026874 0.157163 0.035886
0.021619 0.057070 0.014054
0.005865 0.110420 -0.031117
-0.021104 0.072555 0.066778
0.020579 0.056752 0.014468
0.065518 0.093765 -0.046456
-0.007631 0.062817 0.066026
0.005147 0.053867 0.033446
-0.039472 0.109662 0.058549
-0.005701 0.102627 0.012341
0.005400 0.132586 -0.007094
-0.026169 0.102228 0.014818
-0.046792 0.138297 0.032475
0.021447 0.142001 -0.025857
0.045756 0.083001 -0.005902
-0.051436 0.158064 0.031554
-0.030698 0.141448 0.032808
0.041015 0.109394 -0.051417
0.065001 0.067731 -0.032718
-0.051107 0.082735 0.067706
-0.012886 0.054415 0.064407
0.057777 0.067698 -0.024800
-0.016794 0.076235 0.060055
-0.050716 0.068641 0.064945
-0.003036 0.068195 0.044828
0.045140 0.132037 -0.062226
0.004540 0.076890 -0.015873
-0.062544 0.141107 0.065120
-0.021555 0.076648 0.059784
-0.055660 0.117887 0.051876
-0.045321 0.059350 0.059281
0.032335 0.101939 -0.049043
0.003480 0.079115 -0.016434
-0.061332 0.142945 0.071187
-0.026198 0.092525 0.056541
-0.036002 0.055375 0.052958
0.015628 0.089596 -0.021332
0.051824 0.088004 -0.009921
-0.059307 0.105585 0.058948
0.007834 0.067997 -0.014944
-0.016728 0.129166 0.003204
0.062373 0.086299 -0.035389
-0.064182 0.087208 0.060233
-0.024589 0.192376 -0.013127
0.019894 0.156476 -0.047029
-0.005310 0.073569 0.050578
0.050851 0.136159 -0.066523
-0.005911 0.057424 0.057530
0.066033 0.089281 -0.041743
0.035651 0.127569 -0.057665
-0.009397 0.055650 0.062923
0.025205 0.053186 -0.018230
0.046013 0.055403 -0.021368
-0.046577 0.133927 0.036920
0.000018 0.068711 0.031178
0.001793 0.066309 0.029313
0.066372 0.090829 -0.045068
-0.057441 0.168044 0.061181
0.006986 0.161121 -0.034751
-0.049905 0.126550 0.045742
0.067262 0.082472 -0.039264
-0.041134 0.127319 0.046620
-0.014724 0.089106 0.029979
0.054743 0.086820 -0.035003
-0.020980 0.079174 0.057416
0.033924 0.062747 -0.004196
0.058868 0.092800 -0.038433
-0.002549 0.092359 0.016244
-0.051323 0.072359 0.065851
0.003625 0.082738 -0.017248
0.040078 0.066986 -0.007154
-0.039190 0.196055 0.015117
-0.001652 0.074371 0.023277
0.059624 0.062342 -0.027890
-0.078017 0.059337 0.048447
-0.017444 0.091197 0.029307
-0.039492 0.065795 0.063567
-0.009043 0.055214 0.058454
-0.031214 0.097568 0.056722
0.005471 0.073717 0.022744
-0.060286 0.072442 0.061099
-0.016507 0.058049 0.070225
-0.010908 0.149595 -0.011745
0.038154 0.112145 -0.018044
0.058205 0.081392 -0.030389
0.007885 0.079835 -0.016225
-0.041557 0.054786 0.054056
-0.016132 0.116783 0.009626
0.021761 0.054546 0.013680
-0.003570 0.066144 0.054629
-0.014504 0.088933 0.047955
-0.019668 0.054248 0.068570
0.009075 0.094311 -0.021250
0.001320 0.062851 0.039063
-0.024148 0.095086 0.021160
-0.001337 0.147346 -0.009387
-0.078982 0.066463 0.046869
-0.053268 0.185429 0.007190
-0.002889 0.072687 0.035495
0.030657 0.057939 0.002572
-0.013507 0.165276 0.007081
-0.016576 0.087430 0.051213
-0.020570 0.054889 0.069184
0.068241 0.083280 -0.041676
0.038776 0.132510 -0.058935
0.002382 0.137312 -0.004983
-0.071315 0.059165 0.051569
-0.000232 0.097746 0.006659
0.029213 0.132622 -0.033398
-0.056019 0.148786 0.084376
0.000506 0.083144 -0.017904
-0.054742 0.058949 0.054865
-0.012612 0.086771 0.046468
0.015167 0.158353 -0.041914
0.058828 0.087288 -0.034666
-0.010985 0.057253 0.066778
-0.036991 0.054307 0.050687
0.048566 0.067362 -0.019850
-0.001127 0.062900 0.041072
-0.072900 0.067517 0.045881
-0.005050 0.078050 0.023234
-0.029262 0.099656 0.053326
-0.021086 0.067609 0.070488
-0.046258 0.072527 0.066878
-0.039733 0.098932 0.063308
-0.051570 0.066249 0.062933
-0.012802 0.091219 0.025192
0.018140 0.062886 0.006090
0.010445 0.076673 -0.010770
-0.060914 0.162898 0.061164
-0.008072 0.058881 0.065142
-0.051991 0.060870 0.058167
-0.041080 0.056952 0.056616
0.047932 0.058788 -0.020270
0.012066 0.054528 0.005793
-0.003611 0.125381 0.003896
-0.061394 0.082372 0.062467
-0.016108 0.062600 0.072017
0.033673 0.112546 -0.018424
0.013823 0.077497 -0.009464
0.005639 0.112176 -0.032381
-0.037189 0.077697 0.064975
-0.028123 0.113063 0.042572
0.059561 0.072958 -0.027239
0.003632 0.122847 -0.003453
-0.047633 0.180210 0.049919
0.006516 0.150770 -0.016122
-0.056272 0.092510 0.065455
-0.042032 0.140340 0.034146
-0.041526 0.059175 0.059311
-0.024009 0.059007 0.069232
0.032176 0.053066 -0.019526
0.020407 0.054611 0.014384
0.053845 0.067918 -0.022412
-0.036388 0.163844 0.061159
-0.000024 0.057024 0.037563
0.000705 0.069525 0.028042
0.059166 0.083560 -0.032303
-0.036068 0.107836 0.056728
-0.041455 0.129926 0.043322
-0.036480 0.062651 0.060670
0.009950 0.058491 0.027383
0.012857 0.133392 -0.019061
-0.000633 0.155453 -0.020126
-0.020203 0.142502 -0.003769
-0.031310 0.082529 0.060777
-0.057154 0.071876 0.063099
-0.011131 0.087595 0.026366
0.040406 0.054684 -0.006715
0.005937 0.057867 0.033542
0.016043 0.135634 -0.021254
0.063455 0.063338 -0.032289
-0.034591 0.082583 0.063318
-0.057576 0.147599 0.083406
-0.038700 0.180225 0.038665
-0.079527 0.063545 0.048383
-0.075953 0.059146 0.051543
0.053733 0.098229 -0.042420
-0.000679 0.102820 0.006461
0.048463 0.104209 -0.047002
-0.034537 0.060940 0.058556
0.009394 0.111946 -0.029934
0.064372 0.077729 -0.033143
0.043861 0.054442 -0.007060
-0.056228 0.087606 0.065809
-0.023391 0.069597 0.068800
-0.067725 0.062923 0.049388
-0.062634 0.164018 0.065144
-0.007311 0.058169 0.062938
0.043454 0.062473 -0.017749
-0.050802 0.121751 0.051097
0.025845 0.143654 -0.031592
-0.009247 0.054139 0.058092
-0.017042 0.067168 0.071913
-0.018777 0.080535 0.054053
0.039115 0.062600 -0.007311
0.056666 0.059754 -0.026006
-0.051208 0.107466 0.061876
-0.012609 0.174416 0.003446
-0.061044 0.145809 0.078298
-0.027211 0.095900 0.054688
-0.011243 0.067146 0.071741
-0.026027 0.087819 0.057881
-0.048078 0.065548 0.063698
0.028071 0.064157 -0.007726
-0.026410 0.073423 0.063176
-0.058379 0.095055 0.063627
-0.041445 0.067810 0.064783
-0.028493 0.166273 0.044814
-0.054500 0.122501 0.047364
-0.036084 0.067278 0.062699
-0.032992 0.146548 0.055442
0.027453 0.062350 0.010363
-0.025079 0.058787 0.068363
0.049002 0.150964 -0.063771
-0.007026 0.067751 0.061972
0.064465 0.092932 -0.043193
-0.003834 0.063592 0.043448
-0.010291 0.073308 0.073188
0.003857 0.067758 0.026879
-0.058372 0.170032 0.064089
0.009674 0.161059 -0.037306
-0.051428 0.127425 0.043301
0.047745 0.078079 -0.008467
0.053198 0.058200 -0.024209
0.018905 0.082020 -0.009809
0.029150 0.062384 0.006224
0.007960 0.066991 0.022100
-0.027419 0.072141 0.064782
0.013972 0.142565 -0.018499
0.048914 0.147478 -0.063070
-0.007755 0.071956 0.060745
-0.057001 0.098189 0.063179
-0.015191 0.055780 0.068014
-0.059170 0.065927 0.058140
-0.061617 0.169692 0.069564
0.054831 0.056457 -0.027544
0.017931 0.083351 -0.011264
-0.055879 0.159245 0.041280
0.006902 0.128230 -0.009605
0.030591 0.062634 0.002818
-0.061850 0.159830 0.061370
0.038065 0.068159 -0.005693
-0.062898 0.139648 0.062263
-0.047513 0.055714 0.053372
-0.014472 0.071502 0.074217
-0.062168 0.140594 0.062700
-0.024128 0.153521 0.028570
-0.064008 0.093090 0.059816
-0.055759 0.180638 0.074958
0.015666 0.053737 -0.018082
-0.040824 0.113145 0.057600
0.003136 0.062405 0.036398
-0.030173 0.093086 0.057901
-0.039184 0.054747 0.053660
0.007086 0.077635 -0.015866
-0.061174 0.077927 0.062324
-0.011759 0.062708 0.070321
-0.037699 0.059654 0.059001
0.045840 0.104443 -0.048264
0.010458 0.105456 -0.026026
0.041799 0.060673 -0.007745
-0.041202 0.155667 0.044824
0.065674 0.083223 -0.036884
-0.068008 0.066270 0.049343
0.007897 0.057606 0.031412
-0.012542 0.068956 0.074305
-0.007784 0.116166 0.009396
-0.035681 0.128971 0.042738
0.015508 0.065458 0.005519
-0.030623 0.143797 0.051512
0.001268 0.065303 0.038968
-0.021238 0.062602 0.071066
0.047597 0.071101 -0.020580
0.049196 0.056656 -0.022576
-0.001279 0.127461 0.001250
0.001985 0.066035 0.036339
-0.023083 0.180512 0.029245
0.035095 0.122453 -0.042264
-0.057080 0.144118 0.075458
-0.000915 0.088367 0.010119
-0.038107 0.069083 0.064061
-0.004142 0.068492 0.046380
0.067948 0.073205 -0.037091
-0.036450 0.194467 0.013342
-0.013154 0.160063 0.007748
-0.029923 0.156604 0.041780
0.038719 0.124476 -0.056233
-0.011080 0.079292 0.046241
-0.040966 0.154442 0.046637
0.024912 0.086313 -0.011154
0.057279 0.063059 -0.025050
-0.038348 0.181136 0.024250
-0.054335 0.069547 0.064121
-0.067856 0.139289 0.070303
-0.011641 0.072017 0.074472
0.062100 0.063584 -0.029920
0.042084 0.073900 -0.005812
-0.057357 0.145793 0.078515
0.003566 0.057731 0.035827
-0.029165 0.089534 0.058647
-0.056257 0.082760 0.065833
-0.000120 0.092774 0.006851
-0.055576 0.073223 0.064482
-0.006581 0.054482 0.056707
0.016990 0.084760 -0.020058
0.051625 0.066611 -0.020931
-0.016300 0.054320 0.066799
-0.041243 0.072517 0.066061
-0.034951 0.072431 0.063287
-0.045554 0.136319 0.035281
0.024087 0.062435 0.011395
-0.030341 0.072714 0.064329
-0.009394 0.089043 0.023258
0.007345 0.132730 -0.009514
0.044071 0.067128 -0.018177
-0.056255 0.102563 0.061802
0.011123 0.115665 -0.030991
0.018106 0.065542 0.005137
-0.059757 0.068967 0.060289
-0.046181 0.122369 0.051778
0.025025 0.065615 0.010044
0.048560 0.111586 -0.050123
-0.034886 0.102975 0.057824
0.066833 0.072737 -0.035027
0.036909 0.062539 -0.005736
0.047838 0.102889 -0.011558
-0.066791 0.144296 0.079572
0.014055 0.068142 -0.008607
-0.027835 0.144150 0.046470
0.021074 0.135857 -0.026159
-0.041000 0.147324 0.071103
0.051310 0.054968 -0.025747
0.041217 0.110327 -0.018269
0.025930 0.064630 -0.011591
-0.012937 0.087210 0.029367
0.010648 0.131079 -0.017881
-0.052650 0.161714 0.040927
0.028708 0.082775 -0.008111
-0.059286 0.161408 0.051915
0.050606 0.081174 -0.011154
0.001348 0.099258 0.001655
0.017316 0.156965 -0.044042
-0.004273 0.071993 0.047811
-0.003335 0.071542 0.045721
-0.063479 0.097018 0.058462
-0.032872 0.063479 0.059840
0.023688 0.067528 -0.008755
0.048532 0.054017 -0.024302
-0.016264 0.102673 0.016041
-0.000745 0.122623 0.002175
0.028027 0.068548 -0.009806
0.034696 0.066968 -0.005689
-0.022072 0.162007 0.026319
-0.016028 0.126833 0.004904
0.010381 0.069558 -0.010757
-0.016607 0.138133 -0.002448
-0.005839 0.117734 0.007635
-0.001943 0.070715 0.042677
0.028598 0.067342 -0.011584
-0.022768 0.142991 0.030959
-0.017813 0.162399 0.016308
-0.016185 0.096779 0.020594
0.039905 0.057535 -0.006380
-0.009024 0.094913 0.018671
0.000993 0.093420 -0.021631
-0.065487 0.139616 0.066682
0.003034 0.093753 -0.021648
-0.002586 0.097600 0.010739
0.026552 0.132683 -0.030749
-0.029894 0.068241 0.064540
-0.026138 0.098846 0.047987
0.011433 0.134495 -0.015796
0.000069 0.083960 0.017977
0.004831 0.073397 -0.015467
-0.024158 0.096056 0.019525
-0.032885 0.175534 0.046599
0.014165 0.127127 -0.027803
-0.007030 0.097304 0.015391
0.048697 0.137786 -0.063400
0.037105 0.097082 -0.011418
0.046241 0.139429 -0.061065
0.039658 0.097593 -0.010601
-0.008449 0.075998 0.061391
0.043685 0.097571 -0.010299
-0.007293 0.076841 0.056295
0.043079 0.097384 -0.011307
-0.006133 0.072454 0.056581
0.030397 0.117914 -0.020059
-0.038156 0.196065 0.014356
0.004988 0.063395 0.032464
0.048854 0.097430 -0.009373
0.051446 0.095714 -0.010422
0.052672 0.092971 -0.012478
-0.061662 0.102577 0.057682
-0.055761 0.140911 0.066440
-0.021803 0.126224 0.004266
-0.059895 0.101500 0.060058
-0.045563 0.167662 0.072290
-0.019909 0.093468 0.026971
-0.046226 0.101648 0.064722
-0.016353 0.167361 0.011962
-0.043029 0.101333 0.064224
0.023888 0.137640 -0.028178
-0.018162 0.167341 0.015137
-0.040981 0.102847 0.062657
-0.037257 0.102262 0.060251
-0.049996 0.132447 0.036291
-0.007865 0.082324 0.024956
-0.032363 0.102280 0.055678
0.003753 0.097334 -0.023415
0.031196 0.130609 -0.035847
0.013752 0.097376 -0.023341
0.003805 0.087418 -0.018698
0.018378 0.097493 -0.025015
0.033538 0.123088 -0.038776
-0.069187 0.164815 0.064880
0.002610 0.146336 -0.010180
-0.031390 0.078431 0.062342
-0.051686 0.103532 0.063018
-0.030030 0.103157 0.052031
-0.036345 0.141058 0.034894
-0.019892 0.070887 0.069202
-0.016306 0.108626 0.013077
-0.018655 0.161489 0.019202
-0.016255 0.099418 0.018116
0.020936 0.097874 -0.026272
-0.021151 0.184451 0.022938
0.031527 0.123762 -0.035754
-0.033398 0.058728 0.056030
0.004105 0.148362 -0.012728
0.023723 0.077857 -0.007059
0.037737 0.057868 -0.005745
-0.010993 0.092912 0.021489
0.004356 0.064825 0.027332
0.050951 0.098348 -0.012504
0.057870 0.096164 -0.040579
-0.061650 0.147891 0.082094
0.008831 0.097392 -0.022611
0.059121 0.098342 -0.042955
-0.009382 0.067284 0.068004
0.062521 0.096814 -0.044419
-0.052831 0.183587 0.007864
0.000128 0.067871 0.037304
-0.021042 0.102384 0.015352
-0.025654 0.140831 0.026999
0.035934 0.099214 -0.011598
0.001526 0.102575 0.002016
-0.054769 0.115722 0.055254
0.044949 0.100891 -0.010892
0.043478 0.102828 -0.011874
-0.010813 0.098294 0.017594
0.048051 0.101033 -0.010657
0.030401 0.112769 -0.018914
0.050606 0.099343 -0.044145
-0.046882 0.176749 0.077237
-0.056020 0.107119 0.060274
-0.046165 0.107481 0.062191
-0.028852 0.104725 0.048530
-0.010463 0.076018 0.065877
-0.016015 0.106222 0.014448
-0.025441 0.103968 0.013168
0.004513 0.101099 -0.025460
0.013716 0.102506 -0.024792
0.017920 0.102223 -0.025543
-0.036808 0.170795 0.056811
-0.051451 0.161098 0.036627
0.045887 0.136411 -0.061348
0.020193 0.102972 -0.026519
-0.037124 0.172451 0.050252
-0.050035 0.160704 0.033259
0.043677 0.137525 -0.059778
-0.010862 0.108047 0.013217
-0.033142 0.106912 0.054494
0.033573 0.117489 -0.020013
-0.031249 0.107699 0.051516
0.006288 0.124827 -0.009673
-0.045970 0.177835 0.050529
-0.022867 0.104298 0.013481
0.003819 0.103154 -0.027169
-0.012273 0.096423 0.019617
0.050147 0.102234 -0.045440
-0.005327 0.067656 0.056546
0.057899 0.101654 -0.045115
0.059163 0.103203 -0.047922
-0.051161 0.058518 0.056242
0.004944 0.107273 -0.029512
0.000629 0.112927 0.002907
-0.039638 0.156079 0.041727
0.061578 0.100744 -0.047852
0.002363 0.077396 0.021054
-0.057444 0.109301 0.058052
-0.027470 0.105496 0.014436
-0.030438 0.076402 0.064207
-0.025872 0.107549 0.012110
-0.006301 0.107481 0.011152
-0.003290 0.106428 0.009417
0.026225 0.140640 -0.030835
-0.001170 0.107777 0.006447
0.001738 0.107705 0.001235
0.007195 0.104538 -0.026427
-0.060890 0.144521 0.076465
-0.026368 0.144352 0.042091
0.006714 0.070896 0.024349
0.033849 0.107539 -0.017275
0.038608 0.107902 -0.016858
0.040109 0.105595 -0.012466
-0.053257 0.159562 0.035612
-0.077223 0.060715 0.050391
-0.033172 0.141276 0.034194
-0.054549 0.110126 0.059195
-0.000419 0.161314 -0.027789
-0.050742 0.111400 0.059536
-0.026393 0.077200 0.061472
-0.046226 0.111850 0.059876
-0.038765 0.142691 0.075775
-0.042660 0.111167 0.059459
0.008761 0.107638 -0.027720
0.017018 0.105758 -0.025953
-0.066954 0.163481 0.062230
-0.059641 0.111449 0.054300
-0.036772 0.112444 0.055404
-0.061789 0.087692 0.062139
-0.034685 0.113585 0.053145
-0.031573 0.186410 0.006535
-0.032309 0.112411 0.050890
-0.028643 0.110821 0.044340
0.002564 0.108861 -0.001438
-0.001818 0.112389 0.006180
0.009651 0.137540 -0.012865
0.053658 0.102500 -0.044912
0.031835 0.137266 -0.039226
-0.003174 0.161055 -0.024417
-0.051760 0.113756 0.058044
0.044215 0.107868 -0.049632
-0.034218 0.099416 0.058732
-0.011208 0.102620 0.015473
0.048787 0.107736 -0.048168
0.014112 0.105921 -0.025838
0.053631 0.107554 -0.048668
0.034141 0.104163 -0.016610
0.057121 0.106440 -0.049879
0.018772 0.077776 -0.007791
-0.045962 0.144225 0.084842
-0.006198 0.122572 0.006269
-0.021404 0.112583 0.010130
-0.016245 0.112562 0.011478
-0.011241 0.112575 0.011418
-0.004539 0.113267 0.008284
-0.025619 0.079391 0.057854
-0.045975 0.114513 0.058232
-0.038685 0.143140 0.069208
0.001922 0.112999 0.000460
0.002863 0.112892 -0.001925
0.004515 0.109652 -0.031505
0.044463 0.111885 -0.050429
0.013590 0.108362 -0.026794
0.055210 0.109229 -0.051676
-0.029334 0.108260 0.047809
0.041725 0.109408 -0.051139
-0.043205 0.064704 0.063891
-0.050743 0.117312 0.055407
0.050912 0.069762 -0.021394
-0.046257 0.117658 0.055875
0.052659 0.112016 -0.052119
0.048009 0.124806 -0.067618
-0.006205 0.139201 -0.001836
0.011042 0.065203 -0.002572
0.035907 0.100689 -0.011649
0.056676 0.107884 -0.051266
-0.041498 0.117309 0.055275
-0.011540 0.144397 -0.006940
0.014181 0.122913 -0.030201
-0.046181 0.077356 0.068017
-0.009703 0.076979 0.060878
-0.065766 0.147073 0.080773
-0.036075 0.117669 0.051885
-0.027406 0.114739 0.038297
0.007669 0.113633 -0.032049
-0.037429 0.180465 0.032244
-0.080288 0.061357 0.049264
0.039630 0.112932 -0.052634
-0.032929 0.185733 0.011202
-0.029777 0.112676 0.046476
0.042852 0.113597 -0.051523
0.052212 0.110650 -0.050576
-0.027370 0.118304 0.037735
-0.041094 0.062420 0.061885
-0.052720 0.118670 0.053500
-0.069014 0.145875 0.079440
-0.029246 0.118482 0.042866
-0.026046 0.116975 0.009545
0.008400 0.152233 -0.018954
-0.043133 0.140686 0.033707
-0.021739 0.117860 0.007946
0.053676 0.137610 -0.068655
0.025290 0.151463 -0.051883
-0.019743 0.116017 0.009220
-0.011251 0.117003 0.009750
-0.002423 0.117240 0.005416
0.016771 0.059325 0.006137
0.043194 0.105693 -0.012808
0.049200 0.113978 -0.051990
0.059535 0.058894 -0.031190
-0.039860 0.119139 0.053397
-0.027030 0.147818 0.041282
-0.000032 0.117761 0.002631
-0.051246 0.092519 0.067112
0.003371 0.117910 -0.003302
-0.026993 0.119129 0.033685
0.057288 0.144099 -0.069212
0.008760 0.117862 -0.033328
0.014128 0.117269 -0.030238
-0.034618 0.077893 0.063383
0.042259 0.068643 -0.008222
-0.046890 0.147066 0.085187
-0.066645 0.142940 0.076879
-0.024982 0.122354 0.006904
0.018704 0.117589 -0.029018
0.023007 0.117619 -0.029176
0.047280 0.085504 -0.005985
0.030787 0.108432 -0.018019
-0.041200 0.122399 0.051356
-0.037021 0.121550 0.049964
-0.035499 0.123507 0.047488
0.047839 0.116877 -0.053770
-0.030162 0.123046 0.041975
0.000435 0.133156 -0.001828
-0.028443 0.122047 0.039602
-0.027407 0.122646 0.036514
-0.003576 0.065037 0.043930
-0.026132 0.123388 0.031730
-0.010970 0.119400 0.008562
0.024832 0.085750 -0.010745
0.035961 0.118741 -0.054744
0.022877 0.112761 -0.028532
0.004489 0.119507 -0.006750
-0.020416 0.093179 0.052181
-0.043673 0.139248 0.033778
-0.004674 0.076981 0.037470
-0.052124 0.123811 0.048204
-0.033179 0.072773 0.062829
0.021436 0.139139 -0.025828
-0.021473 0.122480 0.005950
-0.003115 0.121661 0.004556
0.035139 0.119590 -0.021339
0.005391 0.123211 -0.007078
0.023248 0.122651 -0.029727
0.007234 0.054366 0.032022
0.030133 0.121567 -0.020876
0.031886 0.120859 -0.020921
-0.046163 0.127420 0.046198
-0.045777 0.125182 0.049237
-0.042692 0.125177 0.049078
-0.036814 0.126898 0.045416
-0.031338 0.158951 0.035967
0.038798 0.122545 -0.055136
-0.030408 0.176363 0.036769
-0.032427 0.122182 0.045762
0.042954 0.121664 -0.055196
-0.029460 0.128421 0.038072
-0.024201 0.189377 -0.011867
0.033855 0.087744 -0.009675
0.030233 0.123413 -0.021292
-0.029824 0.178309 0.032201
0.043779 0.123507 -0.057639
0.018713 0.142659 -0.023385
-0.024595 0.126874 0.004398
-0.011158 0.127427 0.005206
-0.041258 0.137400 0.036091
-0.006780 0.127129 0.004659
0.058105 0.147144 -0.069884
-0.036197 0.137525 0.036510
-0.058698 0.165063 0.058944
-0.004663 0.097989 0.013093
0.001464 0.126663 -0.000925
-0.026745 0.097918 0.051769
-0.045840 0.131730 0.040523
-0.057757 0.164258 0.056402
-0.065500 0.081436 0.056925
0.003309 0.127618 -0.003479
-0.024853 0.129202 0.026753
-0.005029 0.128823 0.003427
-0.024656 0.133019 0.026568
-0.001521 0.142111 -0.004846
0.018682 0.127573 -0.028666
0.029242 0.127668 -0.033081
0.033159 0.127507 -0.038390
0.035783 0.124471 -0.056336
0.006173 0.115526 -0.033935
0.021343 0.054574 0.013977
-0.046798 0.129785 0.043372
-0.058621 0.160034 0.048919
-0.066399 0.059310 0.046963
0.009375 0.128554 -0.020193
0.010348 0.127953 -0.022669
0.034690 0.127947 -0.041932
0.038949 0.127748 -0.057590
0.038506 0.125255 -0.056074
-0.016351 0.132657 0.001023
0.012499 0.128735 -0.024787
0.023118 0.107451 -0.028267
0.048627 0.127538 -0.067846
-0.008473 0.085829 0.024434
-0.049152 0.130832 0.039192
-0.036442 0.132052 0.040476
0.042680 0.132619 -0.060103
0.013712 0.112763 -0.028547
-0.032930 0.130963 0.039476
-0.021444 0.107711 0.012185
-0.030945 0.132769 0.036911
-0.028281 0.131730 0.034673
-0.026617 0.132449 0.031601
0.046633 0.128427 -0.065614
0.047482 0.133109 -0.064605
-0.012657 0.129790 0.003698
-0.000412 0.144223 -0.006905
-0.024052 0.130885 0.003427
-0.011228 0.132682 0.002114
-0.038113 0.105961 0.059513
-0.069132 0.144484 0.079233
-0.001840 0.132362 0.000144
0.009655 0.132746 -0.013400
-0.036697 0.176266 0.050066
0.014480 0.131745 -0.023079
-0.036118 0.177301 0.047979
0.066127 0.079740 -0.036417
0.015832 0.130192 -0.026243
0.019249 0.131533 -0.027093
-0.036732 0.147271 0.061254
-0.035573 0.134319 0.038319
-0.024942 0.157994 0.032743
0.023875 0.057973 0.012625
0.017875 0.133571 -0.024624
-0.035021 0.148212 0.056998
0.032605 0.132598 -0.038574
0.055841 0.136997 -0.071194
0.034102 0.132339 -0.042257
0.066522 0.086277 -0.040316
-0.041445 0.134431 0.038253
-0.023863 0.134188 0.023349
0.024881 0.150114 -0.050788
-0.023592 0.134296 0.022346
0.023064 0.092761 -0.028488
0.049768 0.132174 -0.067465
-0.049162 0.135984 0.032969
0.012087 0.118715 -0.031621
-0.031741 0.137067 0.035086
-0.027315 0.137180 0.031086
0.018754 0.112816 -0.027799
-0.025070 0.137924 0.026586
-0.023553 0.137955 0.021879
-0.029860 0.138574 0.033160
-0.022157 0.136617 -0.000138
0.001857 0.117747 0.000236
-0.020461 0.138056 -0.002083
-0.015327 0.135815 -0.000743
-0.006248 0.136603 -0.000169
-0.047438 0.160784 0.033074
-0.027732 0.127262 0.035864
-0.001000 0.137869 -0.002743
0.007225 0.137210 -0.009973
0.054321 0.104925 -0.046616
0.032822 0.137096 -0.041686
-0.069163 0.139269 0.071661
0.014135 0.137540 -0.018742
0.018754 0.137729 -0.023601
-0.052382 0.181393 0.066949
-0.039904 0.148063 0.066650
0.026633 0.137460 -0.030709
0.028717 0.137463 -0.033597
0.035158 0.136950 -0.059557
-0.016182 0.144346 -0.006698
0.023760 0.072748 -0.006903
-0.039708 0.139904 0.075641
-0.056179 0.161131 0.045863
0.016246 0.138278 -0.020853
-0.069163 0.140562 0.073591
-0.064741 0.141070 0.067174
-0.031042 0.117665 0.046384
0.043789 0.117765 -0.053081
-0.053340 0.140902 0.066722
-0.039419 0.144091 0.071096
0.038765 0.137543 -0.059183
-0.041782 0.142937 0.082217
-0.041185 0.176754 0.051137
-0.039905 0.142595 0.077190
0.008917 0.102281 -0.024822
-0.069048 0.141272 0.074301
-0.033036 0.116824 0.049795
-0.053459 0.141898 0.070237
-0.043360 0.144557 0.083948
-0.024177 0.141075 0.023292
0.051640 0.139172 -0.065682
-0.037659 0.143724 0.066372
-0.035516 0.143637 0.061856
-0.034299 0.143100 0.058228
-0.032902 0.143589 0.056057
-0.054997 0.183766 0.009231
0.012305 0.121280 -0.031508
-0.011202 0.141959 -0.004540
-0.006146 0.142254 -0.004154
-0.043144 0.172392 0.074594
0.010008 0.148624 -0.017135
0.001521 0.140819 -0.005788
0.010302 0.158787 -0.036634
0.006753 0.141185 -0.010602
0.031511 0.140729 -0.041716
0.007938 0.158387 -0.034240
0.008948 0.142763 -0.013222
-0.000227 0.087908 0.007266
0.031382 0.140372 -0.040775
-0.026367 0.062891 0.067960
0.003769 0.142707 -0.008646
0.027495 0.142491 -0.033959
-0.028084 0.183903 0.001513
0.039909 0.142226 -0.059894
-0.036056 0.169582 0.049998
-0.077022 0.062968 0.047813
0.043931 0.142519 -0.059089
0.039041 0.100724 -0.011044
0.046397 0.141178 -0.061043
0.038951 0.102772 -0.011650
-0.011045 0.136483 -0.000299
0.048984 0.142534 -0.062563
0.052173 0.142538 -0.065407
0.054689 0.142586 -0.067335
-0.025518 0.144362 0.036405
-0.022340 0.144192 0.026535
0.030885 0.141889 -0.041214
0.029602 0.142726 -0.038384
0.005853 0.144645 -0.011323
-0.042822 0.146637 0.081984
-0.052450 0.180503 0.076042
0.021704 0.084831 -0.011223
0.014791 0.061951 0.006286
-0.042235 0.147576 0.076799
-0.031355 0.147787 0.051627
-0.004358 0.074034 0.037709
-0.019840 0.144637 0.018559
-0.045400 0.148652 0.082087
-0.056172 0.067593 0.061645
-0.029611 0.148560 0.047431
-0.027994 0.147194 0.045472
-0.024264 0.147834 0.032534
-0.023254 0.147683 0.030198
-0.022136 0.147239 0.026872
-0.006757 0.144755 -0.006752
-0.035242 0.169009 0.056013
0.062524 0.067763 -0.029579
-0.029309 0.143224 0.048504
0.045859 0.144209 -0.061470
0.033150 0.121736 -0.021712
-0.016570 0.071866 0.071411
-0.015779 0.147382 -0.008182
-0.031616 0.127432 0.041040
0.042361 0.127260 -0.059270
0.015370 0.148547 -0.021949
