-0.038419 0.196412 -0.004155
-0.040302 0.195901 -0.002363
-0.042023 0.195261 -0.001079
-0.038129 0.194255 -0.004009
-0.021725 0.190964 -0.017523
-0.018299 0.191678 -0.020671
-0.018524 0.188576 -0.019775
-0.025406 0.186862 -0.011985
-0.030941 0.186180 -0.007335
-0.032517 0.186154 -0.005791
-0.027918 0.185791 0.010087
-0.029116 0.185411 0.012160
-0.039437 0.187702 0.000384
-0.040848 0.186505 0.002547
-0.046710 0.185453 0.003966
-0.031212 0.184789 -0.006533
-0.023169 0.184140 -0.014502
-0.025522 0.183600 -0.011570
-0.027186 0.183052 -0.009903
-0.033162 0.180951 0.017003
-0.033139 0.181939 0.016266
-0.046507 0.180951 0.012574
-0.048410 0.180951 0.014407
-0.051248 0.180951 0.017729
-0.054091 0.180952 0.019424
-0.043520 0.189970 0.001693
-0.079417 0.180953 0.047557
-0.043156 0.180204 0.006444
-0.050481 0.179843 0.018533
-0.056187 0.178924 0.021979
-0.073944 0.179743 0.040720
-0.063912 0.178877 0.025940
-0.081040 0.178602 0.045882
-0.014127 0.175732 -0.001822
-0.022035 0.175724 0.005974
-0.024367 0.175799 0.008308
-0.029309 0.178180 0.010689
-0.031163 0.178057 0.013001
-0.033449 0.177098 0.013603
-0.034444 0.178485 0.017751
-0.043262 0.177352 0.020246
-0.045369 0.176858 0.022857
-0.058779 0.176865 0.029572
-0.063870 0.176547 0.027155
-0.067285 0.177113 0.025691
-0.070587 0.177206 0.040562
-0.071471 0.176601 0.041930
-0.072698 0.177432 0.042715
-0.071492 0.175876 0.050906
-0.074600 0.176104 0.051873
-0.074775 0.177779 0.050713
-0.077863 0.178941 0.049751
-0.083779 0.178215 0.042979
-0.088807 0.177343 0.040474
-0.068520 0.175124 0.036670
-0.069965 0.175143 0.040434
-0.071807 0.175152 0.042382
-0.012253 0.173476 -0.003253
-0.082564 0.174606 0.041973
-0.092185 0.173164 0.037871
-0.022368 0.172706 0.006004
-0.024792 0.172847 0.008770
-0.027686 0.172840 0.011202
-0.030140 0.172690 0.012791
-0.032998 0.172854 0.015257
-0.044262 0.172887 0.024601
-0.046453 0.172323 0.026954
-0.049291 0.172970 0.028187
-0.054064 0.172736 0.030241
-0.059338 0.171019 0.037345
-0.061123 0.170829 0.045630
-0.065010 0.171985 0.047355
-0.073944 0.172747 0.050121
-0.084275 0.172663 0.040065
-0.089078 0.173260 0.038609
-0.089682 0.170752 0.036515
-0.091995 0.170752 0.036507
-0.091946 0.169650 0.035525
-0.015651 0.165979 0.000903
-0.048850 0.168595 0.030065
-0.056440 0.167171 0.041989
-0.084525 0.168982 0.037740
-0.019719 0.167329 0.003803
-0.027380 0.167335 0.010723
-0.029746 0.167706 0.013533
-0.032828 0.167632 0.015890
-0.035314 0.167402 0.018436
-0.049678 0.166389 0.033964
-0.054599 0.167029 0.039145
-0.059329 0.167765 0.044166
-0.068013 0.166136 0.046250
-0.069336 0.168167 0.048171
-0.081258 0.166413 0.032555
-0.083571 0.166936 0.035102
-0.089269 0.165585 0.031373
-0.051551 0.164930 0.037114
-0.071171 0.165067 0.047361
-0.060007 0.164420 0.042881
-0.032490 0.184401 -0.005056
0.018043 0.162335 -0.028454
0.028590 0.161142 -0.032725
0.025981 0.161108 -0.030989
0.020634 0.161511 -0.029396
0.007192 0.161330 -0.024132
0.005419 0.160668 -0.022855
-0.022101 0.162824 0.006381
-0.024448 0.162639 0.009060
-0.029743 0.162705 0.013739
-0.032735 0.162315 0.016056
-0.040273 0.163138 0.023229
-0.042627 0.162762 0.025697
-0.066619 0.160935 0.015478
0.032891 0.159595 -0.033349
-0.034882 0.162774 0.018535
-0.073523 0.174785 0.051909
-0.044110 0.160266 0.019773
-0.047549 0.160249 0.018744
-0.045143 0.163024 0.028707
-0.047468 0.162176 0.030951
-0.049655 0.163031 0.033727
-0.063999 0.173483 0.028955
-0.074169 0.161795 0.023063
-0.077684 0.160606 0.023512
-0.067932 0.163244 0.045368
-0.082627 0.161332 0.030849
-0.051084 0.159840 0.016458
-0.016308 0.159463 0.002639
-0.080273 0.159407 0.030309
-0.082270 0.159477 0.030801
0.021848 0.158731 -0.028937
-0.056173 0.158635 0.011276
-0.065551 0.159408 0.012950
-0.070594 0.159339 0.017436
-0.078309 0.159067 0.022589
0.020023 0.157895 -0.026638
0.010864 0.158314 -0.024304
-0.021111 0.158246 0.007368
-0.048877 0.158457 0.018547
-0.059456 0.158710 0.008769
-0.061220 0.157071 0.006709
-0.062091 0.157071 0.006701
-0.077345 0.157996 0.021083
0.035334 0.157340 -0.034531
0.030756 0.157596 -0.031939
0.026098 0.158143 -0.030015
0.028761 0.155878 -0.025499
0.025302 0.156214 -0.025061
-0.003645 0.156293 -0.018860
-0.051573 0.166022 0.037070
-0.064069 0.157955 0.009559
-0.038267 0.162074 0.020669
-0.067172 0.156609 0.011223
-0.016474 0.162364 0.001950
-0.072365 0.156766 0.016075
-0.092343 0.158626 0.056268
0.026874 0.155144 -0.024088
0.017455 0.155229 -0.018341
0.014694 0.155244 -0.017330
-0.006917 0.155492 -0.017443
-0.022059 0.155840 0.006341
-0.029071 0.157940 0.013367
-0.035078 0.157740 0.018824
-0.038805 0.158143 0.020385
-0.069007 0.158071 0.014516
0.021611 0.154988 -0.019025
-0.040118 0.156510 0.023054
-0.043425 0.156296 0.025330
-0.045914 0.155805 0.027292
-0.048379 0.155837 0.028834
-0.073055 0.160531 0.020885
-0.056210 0.155245 0.024674
-0.080538 0.156307 0.050046
-0.082302 0.156946 0.051401
-0.089044 0.158162 0.054820
-0.003646 0.154624 -0.018663
-0.048704 0.177375 0.024394
-0.026434 0.154610 0.011829
-0.016208 0.191558 -0.022623
-0.051746 0.154664 0.031386
0.030775 0.154113 -0.024458
-0.057225 0.154266 0.026336
0.036994 0.154009 -0.033736
-0.061918 0.153581 0.031259
0.038468 0.151294 -0.028569
0.070960 0.150870 -0.037983
0.040528 0.152560 -0.035575
0.035985 0.151653 -0.025634
0.030632 0.151979 -0.020616
0.025448 0.151675 -0.016968
0.020765 0.152538 -0.015712
0.016083 0.153203 -0.015241
0.015126 0.151080 -0.012842
0.000330 0.152349 -0.016440
-0.004538 0.152419 -0.017074
-0.009099 0.151999 -0.016422
-0.011915 0.150788 -0.015135
-0.026903 0.151676 0.011496
-0.059735 0.153198 0.029381
0.072290 0.151269 -0.038443
-0.084330 0.153604 0.051535
-0.015344 0.151835 0.000254
-0.016791 0.152574 0.001527
-0.050372 0.176259 0.028664
-0.024129 0.152668 0.009518
-0.029248 0.152894 0.013583
-0.032915 0.152990 0.015838
-0.035111 0.152836 0.018810
-0.037488 0.153015 0.021020
-0.039990 0.152906 0.023162
-0.043076 0.152942 0.025681
-0.030088 0.182897 0.014454
-0.048687 0.152821 0.030292
-0.028558 0.182570 0.009648
-0.050760 0.151396 0.032461
-0.056471 0.150483 0.037119
0.034077 0.151071 -0.022393
-0.057862 0.150742 0.037935
-0.042592 0.175050 0.021500
-0.065839 0.151908 0.044234
-0.070195 0.151504 0.049055
-0.073347 0.153084 0.051203
-0.074837 0.151962 0.053252
-0.084096 0.152824 0.052885
-0.087393 0.153375 0.052313
0.073033 0.148977 -0.038576
-0.015413 0.149322 -0.000108
-0.017539 0.149156 0.001192
-0.064065 0.149720 0.035339
0.042576 0.148264 -0.028721
0.032262 0.149378 -0.018876
-0.078149 0.149903 0.056356
0.022125 0.149160 -0.013854
0.084225 0.148007 -0.041155
0.081268 0.147220 -0.039976
-0.017223 0.169730 0.001214
0.075792 0.146361 -0.038956
0.073442 0.145781 -0.038207
-0.028360 0.186960 -0.009932
0.065349 0.146713 -0.036536
0.062581 0.147250 -0.035784
0.048665 0.146427 -0.039156
0.047210 0.148132 -0.038508
0.045414 0.147583 -0.036658
-0.020379 0.148764 0.004206
-0.022392 0.147622 0.006011
0.040922 0.147608 -0.025653
0.039272 0.146180 -0.022533
0.035834 0.147659 -0.020669
0.033830 0.145987 -0.017915
0.030502 0.147391 -0.016866
0.025955 0.147941 -0.014879
0.023918 0.145846 -0.013147
0.020425 0.147346 -0.012458
0.015817 0.147847 -0.011234
0.010856 0.147905 -0.010047
0.006072 0.148311 -0.009849
0.005183 0.145970 -0.007748
0.001889 0.145845 -0.007791
-0.003670 0.146631 -0.010957
-0.009353 0.148102 -0.014709
-0.009507 0.145747 -0.013101
-0.012709 0.147445 -0.014072
0.070833 0.147572 -0.037459
-0.084635 0.148975 0.054714
-0.087592 0.148858 0.052606
-0.024748 0.147965 0.009262
-0.028222 0.146168 0.010770
-0.029797 0.148043 0.013831
-0.014668 0.173137 -0.000737
-0.032137 0.147498 0.016279
-0.037156 0.147915 0.021456
-0.039644 0.147948 0.024057
-0.053129 0.148707 0.035856
-0.019443 0.152589 0.003881
-0.082117 0.147675 0.057166
-0.025423 0.144650 0.008880
-0.054717 0.146988 0.038115
0.033322 0.156912 -0.033057
-0.058602 0.148212 0.040130
-0.060334 0.146698 0.042921
-0.042933 0.168724 0.025686
-0.063787 0.148078 0.044756
-0.065777 0.146903 0.048021
-0.068344 0.148362 0.049992
0.005624 0.157692 -0.022074
-0.070233 0.147399 0.053400
0.007812 0.158730 -0.023803
-0.071325 0.145911 0.057364
-0.089353 0.145724 0.046335
-0.090180 0.147393 0.048953
-0.092694 0.146555 0.047758
0.047275 0.144028 -0.036633
-0.016229 0.189502 -0.022658
-0.052492 0.157271 0.017066
0.042581 0.143725 -0.023928
0.012300 0.144268 -0.008571
-0.039604 0.144562 0.024534
-0.041527 0.144220 0.027489
0.073489 0.143114 -0.038111
-0.030587 0.143995 0.014327
-0.046074 0.143881 0.032292
-0.078309 0.144738 0.058792
0.080493 0.140301 -0.043380
0.080237 0.143062 -0.040169
-0.021289 0.184875 -0.017213
0.076050 0.142645 -0.038778
0.070787 0.142756 -0.037170
0.065734 0.142841 -0.036139
-0.092518 0.145028 0.046893
0.060380 0.140439 -0.038343
0.049104 0.141826 -0.037475
0.048479 0.140635 -0.031030
0.046536 0.142913 -0.030052
0.043474 0.140845 -0.023210
-0.053403 0.158896 0.014484
0.040478 0.142550 -0.021367
0.037221 0.143362 -0.019150
-0.026600 0.142647 0.002694
-0.031518 0.142346 0.017439
-0.043670 0.143707 0.029998
-0.051855 0.143291 0.036587
-0.090695 0.144298 0.043940
-0.046764 0.172872 0.026643
0.035007 0.142148 -0.017432
0.030901 0.142579 -0.015604
-0.040508 0.183619 0.003244
0.026715 0.142633 -0.013992
0.024129 0.142534 -0.012852
0.020770 0.142651 -0.011563
0.015998 0.142725 -0.009471
0.010454 0.142340 -0.007425
0.001016 0.142704 -0.005511
-0.003786 0.142027 -0.006083
-0.007829 0.141087 -0.007307
-0.009533 0.143215 -0.010976
-0.014340 0.142628 -0.011940
-0.027383 0.142290 0.005048
-0.033988 0.143421 0.019150
-0.064212 0.140879 0.005390
-0.017299 0.173180 0.001400
-0.065290 0.140933 0.007212
-0.056992 0.143348 0.041411
0.047959 0.139631 -0.028968
0.037982 0.139973 -0.018453
-0.029648 0.142373 0.009096
0.001998 0.102658 -0.000382
0.079478 0.092265 -0.016346
-0.037360 0.094066 0.026124
-0.045717 0.102269 0.032992
0.041438 0.123033 -0.019009
0.011957 0.091802 -0.017160
-0.034035 0.097697 0.004905
-0.032825 0.093111 0.020622
0.007554 0.083125 -0.016429
-0.014041 0.162931 -0.000325
-0.032860 0.157979 0.015453
-0.087890 0.140930 0.035741
-0.074169 0.066720 0.035871
0.052395 0.093158 0.010833
0.050135 0.092858 0.012697
-0.026008 0.108184 0.000512
0.053379 0.107811 -0.033313
0.039108 0.123424 -0.018012
0.044976 0.092986 0.011283
0.042987 0.090744 0.010966
-0.013816 0.098550 0.010968
-0.084800 0.157296 0.052901
0.013278 0.125429 -0.013233
0.037304 0.091113 0.004687
0.020813 0.092707 -0.014596
0.078678 0.101248 -0.023920
-0.008068 0.093648 0.010578
-0.017367 0.073306 0.031111
0.000596 0.089018 -0.003723
-0.014821 0.193055 -0.024461
-0.055786 0.154877 0.024388
0.012105 0.096769 -0.019934
-0.027325 0.090062 0.021453
-0.030615 0.090942 0.022936
0.081693 0.088953 -0.019241
-0.017103 0.089465 0.016635
-0.024098 0.093976 0.015231
-0.052019 0.104457 0.036654
-0.058468 0.169489 0.037878
-0.034346 0.091950 0.035703
0.059916 0.098063 -0.025446
-0.014321 0.092706 0.013469
-0.079107 0.092214 0.036186
0.055231 0.088839 0.006504
0.004488 0.154979 -0.020721
0.081520 0.078647 -0.013993
-0.064104 0.092716 0.043442
-0.068771 0.092648 0.042904
0.080744 0.087738 -0.015421
0.035866 0.062722 0.009816
0.074050 0.086044 -0.007851
-0.023527 0.088512 0.020410
-0.011537 0.162945 -0.002955
0.015383 0.088221 -0.013916
-0.033909 0.079674 0.039587
0.043598 0.088243 0.011563
0.007379 0.122581 -0.004320
0.042139 0.149104 -0.034721
0.080768 0.092940 -0.019826
0.071081 0.089299 -0.009128
-0.067012 0.144690 0.051238
0.020424 0.089573 -0.013465
0.047648 0.112367 -0.024074
0.050013 0.088047 0.012901
-0.077016 0.105814 0.031661
0.037181 0.085587 0.006933
-0.049353 0.147360 0.034002
-0.028856 0.092251 0.019307
0.035783 0.087506 0.005755
-0.018975 0.092738 0.015207
0.000975 0.157569 -0.020496
0.019318 0.084545 -0.011811
-0.024353 0.091586 0.018107
-0.014563 0.088367 0.015704
-0.021085 0.190970 -0.017973
-0.064089 0.082611 0.044465
-0.008637 0.087970 0.015318
-0.020695 0.187856 -0.017109
-0.064174 0.077689 0.044299
-0.021722 0.085045 0.021666
-0.059219 0.117292 0.033281
-0.025995 0.085767 0.030952
0.053679 0.084274 0.007810
-0.040523 0.095707 0.035827
-0.028727 0.088433 0.024013
0.037284 0.083987 0.006900
0.065806 0.067581 -0.000131
0.076722 0.093699 -0.014304
-0.029211 0.087426 0.034658
0.000928 0.147992 -0.010300
-0.054231 0.087671 0.042517
-0.060046 0.110401 0.036945
0.081602 0.082847 -0.014806
-0.005131 0.082786 0.008921
0.079776 0.082465 -0.011114
0.012566 0.081460 -0.012725
-0.062323 0.171352 0.046388
0.010473 0.082740 -0.014235
-0.044134 0.127607 0.023653
-0.026604 0.137852 -0.009901
0.065977 0.082611 -0.005122
-0.022878 0.074172 0.034622
0.021370 0.081523 -0.000463
-0.002248 0.082132 0.000788
-0.006366 0.082844 0.016196
-0.024664 0.082172 0.034166
0.078143 0.079563 -0.008316
-0.072231 0.091441 0.042098
0.005790 0.153257 -0.015119
0.079940 0.077627 -0.010397
-0.025204 0.086875 0.023017
0.042979 0.080737 0.012027
-0.027002 0.074266 0.046205
0.075214 0.092010 -0.012190
0.072578 0.073402 -0.003734
0.043430 0.115419 -0.004969
0.015871 0.066014 0.011367
-0.026854 0.086515 0.031505
0.035363 0.082219 0.006390
-0.009104 0.082656 0.019092
0.070941 0.092866 -0.011512
-0.018705 0.083017 0.020268
-0.076413 0.159566 0.021981
0.029598 0.069356 0.002669
-0.021690 0.080249 0.032526
-0.009117 0.092272 0.013534
0.016135 0.132489 -0.010265
-0.029863 0.082596 0.037712
0.074895 0.082634 -0.007148
-0.034181 0.082933 0.039467
0.025047 0.064127 0.003139
0.056797 0.078028 -0.004638
-0.072731 0.083105 0.042409
0.022931 0.105880 -0.018146
0.009475 0.078024 -0.013754
-0.036797 0.075864 0.056663
-0.040784 0.080444 0.041944
-0.086889 0.168569 0.036884
-0.044342 0.082575 0.042087
0.024101 0.061650 0.017578
0.010773 0.137616 -0.006364
-0.049198 0.082391 0.042168
0.040954 0.102617 0.005831
-0.054003 0.082515 0.042885
0.013764 0.140757 -0.008090
-0.068966 0.082634 0.043768
0.056047 0.076007 -0.002274
0.006427 0.151504 -0.012346
0.078343 0.076691 -0.007914
0.075720 0.077874 -0.006415
0.065839 0.077328 -0.002066
0.007867 0.087005 -0.017424
-0.079301 0.087870 0.036107
0.061137 0.076861 -0.001893
0.007800 0.116613 -0.009655
-0.045372 0.152104 0.028035
0.051754 0.075264 -0.003018
0.031894 0.154740 -0.030850
0.076027 0.087999 -0.010279
-0.009675 0.062167 0.032967
-0.023067 0.187957 -0.014689
0.026358 0.082408 0.002840
0.013882 0.137192 -0.007770
0.034576 0.078067 0.005682
-0.041294 0.095466 0.036904
-0.049036 0.062610 0.055933
0.023722 0.155915 -0.022898
-0.016487 0.064413 0.036849
0.016601 0.102321 -0.020215
0.022263 0.076867 0.002428
0.020252 0.078083 0.000477
-0.003969 0.078184 0.004005
0.027041 0.085612 0.000232
-0.007301 0.084117 0.016244
-0.039187 0.087964 0.040911
0.013015 0.054542 0.021356
-0.081404 0.171513 0.040644
-0.014568 0.077731 0.019318
-0.029227 0.078852 0.037645
-0.088726 0.164637 0.030850
0.017951 0.130640 -0.013704
-0.035213 0.078861 0.045769
-0.056804 0.169978 0.031614
0.047236 0.076754 0.010866
0.016925 0.086435 -0.012782
-0.071938 0.065112 0.036800
-0.024137 0.077749 0.035211
-0.069093 0.102704 0.039390
-0.044646 0.112684 0.028661
-0.079990 0.154776 0.050809
-0.038567 0.077045 0.047105
-0.078855 0.152389 0.054130
-0.039435 0.078522 0.045203
-0.037580 0.094102 0.036290
-0.051032 0.101112 0.037250
0.057727 0.117185 -0.032558
-0.027927 0.077641 0.046144
0.041500 0.087346 0.010682
-0.033155 0.077652 0.049247
0.045419 0.078289 0.012485
-0.050837 0.076037 0.046921
-0.039173 0.054321 0.053945
-0.041134 0.126937 0.022213
-0.020961 0.082100 0.022254
-0.074193 0.158216 0.019115
0.028888 0.067558 0.001650
0.060944 0.132840 -0.037440
-0.009477 0.074789 0.020731
0.060511 0.079499 -0.004286
-0.052009 0.089782 0.041691
-0.048401 0.067411 0.055723
-0.081374 0.164425 0.032103
0.041607 0.054831 0.011236
-0.005437 0.077487 0.019178
-0.068759 0.077650 0.043824
-0.072199 0.077514 0.042161
-0.053515 0.168529 0.035910
0.066658 0.097703 -0.016481
-0.074692 0.077910 0.040330
-0.065547 0.066047 0.041453
-0.014418 0.074185 0.019236
-0.029834 0.076882 0.048599
0.007398 0.077787 -0.015254
0.014381 0.074445 -0.004234
-0.064965 0.168981 0.047620
-0.054159 0.112736 0.034677
-0.033998 0.076239 0.054244
0.063568 0.104851 -0.023425
-0.082738 0.139506 0.030678
-0.077370 0.074620 0.036904
-0.075167 0.181552 0.039649
-0.068643 0.063477 0.038381
0.050838 0.072582 -0.000552
-0.032028 0.089610 0.025074
0.047255 0.071523 -0.000292
-0.077775 0.077789 0.037599
0.025833 0.072940 0.003832
0.067174 0.119386 -0.034134
-0.001310 0.088229 0.002846
-0.020555 0.071536 0.038678
-0.040115 0.192699 -0.001148
-0.000452 0.088013 -0.000498
-0.019443 0.072622 0.033160
0.061038 0.118038 -0.030925
-0.052724 0.073136 0.046941
-0.034200 0.137469 0.014450
-0.043328 0.066211 0.061051
0.069437 0.058146 -0.008364
-0.044424 0.056211 0.056216
-0.018890 0.137095 -0.009797
0.022931 0.064768 0.016681
-0.018874 0.112778 0.004126
0.006599 0.113090 -0.009470
-0.048706 0.074116 0.046629
-0.038189 0.122616 0.019877
-0.090083 0.168153 0.034037
-0.042153 0.083448 0.041761
0.069532 0.059140 -0.006841
0.045557 0.122846 -0.021348
-0.014145 0.057968 0.034636
0.045682 0.150922 -0.038607
0.067590 0.056672 -0.008589
-0.076633 0.072841 0.036662
-0.063447 0.167041 0.045974
0.049578 0.078159 0.009170
-0.072365 0.087527 0.042222
-0.033252 0.054177 0.050447
0.021033 0.058547 0.020492
-0.009171 0.097937 0.009774
-0.069295 0.061476 0.035484
-0.077363 0.072817 0.036376
-0.049131 0.077865 0.044497
-0.084768 0.062224 0.017432
0.021229 0.126757 -0.019601
-0.077173 0.172288 0.047456
-0.016451 0.075670 0.028292
0.021287 0.131878 -0.014558
-0.068706 0.072984 0.042900
0.045980 0.057692 0.000248
-0.002756 0.097680 0.005850
-0.070909 0.071665 0.041239
-0.057697 0.163494 0.040731
0.005872 0.142789 -0.006187
-0.049309 0.092871 0.040501
-0.033067 0.068114 0.055168
0.078650 0.069379 -0.010724
-0.019312 0.162631 0.003955
0.036427 0.112632 -0.004208
0.055841 0.072595 0.000069
-0.026375 0.071126 0.047489
0.061928 0.083548 -0.008423
0.004032 0.112690 -0.001912
0.060569 0.058020 -0.001458
-0.010206 0.086503 0.017506
-0.012040 0.095159 0.011724
-0.013988 0.062934 0.035507
0.065641 0.062701 -0.001035
-0.081535 0.059199 0.015323
-0.001541 0.071133 0.020562
0.041233 0.112691 -0.001605
-0.067822 0.059403 0.034356
0.078520 0.074029 -0.007941
0.047094 0.092614 0.012430
-0.030486 0.062754 0.053671
0.025181 0.089198 -0.013648
-0.053902 0.179451 0.020606
-0.082270 0.060485 0.016460
-0.074975 0.103044 0.035002
-0.035457 0.091196 0.037870
-0.070741 0.143236 0.057608
-0.047531 0.062711 0.057059
0.008670 0.072903 -0.014399
0.044889 0.142374 -0.025878
-0.037597 0.075431 0.057795
-0.043371 0.103019 0.029846
0.002990 0.101659 -0.004383
-0.032445 0.062547 0.056033
-0.017386 0.141681 -0.011354
-0.059417 0.064853 0.041847
-0.053895 0.119492 0.031264
-0.063205 0.059423 0.037243
-0.043850 0.054315 0.054744
0.042349 0.059459 0.000661
-0.032200 0.055699 0.051502
-0.073361 0.112443 0.030087
-0.016105 0.053726 0.031641
0.013976 0.065768 0.011819
0.008050 0.090238 -0.019056
-0.031233 0.129023 0.009188
0.070792 0.127785 -0.041597
-0.046934 0.059591 0.057090
0.079471 0.072840 -0.010246
-0.022461 0.167866 0.006032
0.072713 0.067596 -0.003607
-0.038941 0.094670 0.028080
-0.057053 0.094852 0.041622
0.014218 0.064934 0.012057
0.005265 0.108058 -0.008535
0.045897 0.067559 0.001033
-0.044378 0.095953 0.037859
0.040002 0.062645 0.008680
-0.079009 0.147885 0.058125
-0.059238 0.077738 0.044107
-0.077850 0.083325 0.038133
-0.049350 0.107640 0.033872
-0.023551 0.063782 0.037670
0.055508 0.063306 0.002072
-0.017967 0.078174 0.020782
-0.002900 0.082858 0.004514
-0.071151 0.162518 0.022099
0.077245 0.067499 -0.009325
-0.066177 0.060888 0.036777
-0.033301 0.072872 0.054543
0.070803 0.082772 -0.005436
0.020290 0.128758 -0.017062
0.043724 0.074802 0.011998
-0.012571 0.071763 0.024823
0.053745 0.096339 0.007673
-0.054283 0.132726 0.019832
0.078071 0.070843 -0.008441
-0.046201 0.145609 0.032267
0.052875 0.133688 -0.038736
0.054148 0.087803 0.008548
-0.039078 0.062993 0.059333
-0.023115 0.096105 0.012946
0.020754 0.097747 -0.016236
0.069730 0.076630 -0.002677
0.015350 0.161314 -0.027530
-0.013554 0.068738 0.029394
-0.054084 0.128045 0.025064
-0.064148 0.087515 0.044361
-0.024976 0.167457 0.008187
0.070153 0.067765 -0.002213
0.017139 0.077208 -0.001781
0.069532 0.063770 -0.002463
-0.005998 0.155836 -0.017833
-0.035888 0.072478 0.058429
-0.083059 0.140243 0.031155
-0.003280 0.077860 0.000870
-0.019012 0.058154 0.034221
-0.020417 0.079487 0.022251
-0.085933 0.140445 0.033693
-0.026056 0.119657 -0.003454
-0.027058 0.078708 0.036700
-0.030313 0.133042 0.009426
-0.024066 0.075512 0.041297
-0.020640 0.090868 0.017221
-0.053994 0.072962 0.046430
-0.048279 0.179839 0.015192
-0.022010 0.153498 0.006383
-0.001271 0.058168 0.027601
-0.057781 0.131476 0.019579
-0.004956 0.087669 0.008757
-0.087512 0.061663 0.018029
-0.006443 0.060803 0.031892
-0.032224 0.127055 0.010461
0.050771 0.057895 0.000400
-0.019903 0.108595 0.005609
-0.004976 0.078938 0.007939
0.058361 0.132810 -0.038330
0.029201 0.061928 0.012677
-0.009370 0.054038 0.032626
-0.039482 0.142132 0.018123
-0.026392 0.159018 0.011902
0.043915 0.056093 0.011907
-0.005378 0.097703 0.007709
-0.073373 0.068832 0.038635
-0.059206 0.179456 0.023346
-0.014561 0.067143 0.034519
0.065961 0.057589 -0.005294
0.032521 0.124112 -0.018005
0.041315 0.115765 -0.002866
-0.008934 0.122576 0.003012
0.050525 0.137805 -0.037082
-0.006927 0.084705 0.011182
-0.042645 0.068707 0.062336
0.032671 0.066414 0.008685
0.055295 0.122915 -0.036172
0.070053 0.072448 -0.002160
-0.064196 0.102760 0.040526
-0.004242 0.132524 -0.000687
-0.063587 0.151824 0.033890
0.037940 0.053113 -0.004405
0.030762 0.160518 -0.033453
-0.005954 0.056949 0.032172
0.050885 0.054061 -0.002206
0.036019 0.067543 0.009945
0.055361 0.054562 -0.002518
0.026042 0.153910 -0.019983
-0.029006 0.057637 0.050428
0.066620 0.086281 -0.007648
-0.050023 0.074155 0.047000
-0.092824 0.061846 0.012251
-0.034235 0.087768 0.038838
-0.040641 0.097258 0.028911
0.010280 0.061459 0.011398
-0.067316 0.150003 0.046509
0.077222 0.083288 -0.009002
0.071514 0.062397 -0.005136
0.023986 0.118972 -0.024048
-0.074680 0.087912 0.040362
-0.037205 0.079813 0.041078
-0.035490 0.054467 0.052571
-0.004595 0.072385 0.024277
0.045014 0.132470 -0.021903
-0.072438 0.063885 0.035653
-0.064401 0.058467 0.035782
-0.034844 0.062799 0.057744
-0.039356 0.092628 0.039116
-0.047968 0.057791 0.056013
-0.039044 0.056076 0.056047
-0.008820 0.067945 0.026103
0.043070 0.100661 0.006834
-0.000239 0.062761 0.024376
0.019770 0.103904 -0.018997
-0.044831 0.087326 0.042110
0.074881 0.107110 -0.025983
0.021241 0.068189 0.002257
0.060621 0.137676 -0.037580
-0.077230 0.100546 0.034850
-0.024587 0.058188 0.049781
-0.053783 0.068993 0.045900
0.044522 0.054590 0.011572
0.037991 0.076166 0.010542
-0.033850 0.057405 0.054851
0.044160 0.137326 -0.022439
-0.053078 0.130832 0.022319
-0.000959 0.066255 0.022914
-0.003534 0.057783 0.030259
0.062100 0.056015 -0.003962
-0.031736 0.141072 0.011647
0.030672 0.073115 0.004247
0.062089 0.112058 -0.027428
-0.007122 0.087811 0.010643
-0.059108 0.082579 0.044063
0.017564 0.125945 -0.019043
0.055800 0.057860 -0.000107
0.012348 0.126860 -0.009871
-0.077790 0.097678 0.034788
0.008634 0.067740 -0.014953
0.060935 0.123409 -0.034116
-0.030868 0.058817 0.052890
-0.021332 0.080924 0.030389
-0.028319 0.062966 0.050539
-0.002542 0.087504 0.005395
-0.059152 0.067726 0.042727
0.058843 0.064702 0.001812
-0.004123 0.062312 0.029347
0.014622 0.054795 0.021016
0.050901 0.102912 0.004638
0.008351 0.089534 -0.018460
0.065851 0.112474 -0.026609
-0.017183 0.069472 0.035671
0.020725 0.067426 0.001027
-0.077530 0.092745 0.037516
-0.030997 0.067046 0.053040
-0.085145 0.059275 0.017615
-0.079781 0.173717 0.044862
0.020093 0.134101 -0.012323
-0.047280 0.066175 0.056998
-0.043721 0.187471 0.003200
0.002112 0.107529 0.000226
0.028355 0.114011 -0.018827
-0.009183 0.057835 0.033315
-0.044813 0.167222 0.028563
-0.061776 0.149883 0.041764
0.073654 0.124744 -0.042970
0.025767 0.077914 0.003927
0.013934 0.133638 -0.007839
-0.077571 0.087471 0.037956
-0.077631 0.180226 0.040125
-0.068913 0.112693 0.033944
-0.014670 0.082665 0.018431
-0.011356 0.065637 0.032061
-0.037490 0.073912 0.060294
-0.082532 0.059353 0.016281
-0.067526 0.096771 0.042072
0.025735 0.068941 0.002447
-0.063850 0.062815 0.039924
-0.070311 0.161132 0.019361
0.075201 0.068031 -0.005865
0.050492 0.068465 0.001335
0.043862 0.145697 -0.027517
-0.005076 0.092649 0.008161
-0.087950 0.058864 0.018412
0.039351 0.053106 -0.004469
0.024168 0.058849 0.017821
0.046857 0.053684 -0.002369
-0.022943 0.061576 0.035989
0.048471 0.074690 0.007743
0.023871 0.137997 -0.012850
0.016428 0.072490 -0.001644
-0.049028 0.087144 0.042247
-0.035469 0.067501 0.057828
0.025679 0.092799 -0.014713
-0.015929 0.145606 -0.012784
-0.025921 0.054975 0.048827
0.042027 0.062623 0.001173
0.040199 0.092928 0.005958
0.070901 0.101216 -0.017753
0.044008 0.055092 0.011868
-0.054207 0.122825 0.029250
0.015509 0.083353 -0.012270
-0.020561 0.077133 0.032893
-0.006232 0.080947 0.017651
0.041163 0.082810 0.010245
-0.047059 0.054910 0.055335
0.029497 0.058400 0.012704
-0.004815 0.144442 -0.009444
-0.031593 0.090272 0.033985
0.072968 0.095040 -0.013402
0.056628 0.060995 0.001510
-0.039746 0.111286 0.008132
0.060817 0.072608 0.000200
0.026618 0.058084 0.015082
-0.041159 0.172217 0.022400
-0.022730 0.072620 0.040717
0.051455 0.082531 0.009908
0.001428 0.093037 -0.004091
-0.022271 0.059643 0.034674
-0.019092 0.096582 0.012806
-0.064652 0.139844 0.005907
0.035652 0.057842 0.010134
-0.058920 0.127421 0.024229
-0.030811 0.086585 0.037423
-0.049159 0.127741 0.024942
-0.024189 0.157872 0.009703
0.044388 0.057423 0.011240
-0.059799 0.062721 0.040494
0.048790 0.105513 0.002193
-0.017868 0.054494 0.031046
0.049318 0.083618 0.012461
0.035938 0.127505 -0.017530
0.071603 0.078285 -0.004021
0.051744 0.076215 -0.004185
-0.069322 0.067217 0.040246
-0.019308 0.087585 0.018567
0.031504 0.062722 0.010277
-0.070826 0.114848 0.031375
-0.010683 0.066541 0.028329
-0.039730 0.069179 0.062572
-0.049573 0.089878 0.041620
0.035953 0.109314 -0.003553
0.056453 0.068746 0.001493
-0.023616 0.067450 0.040032
-0.039145 0.132564 0.019234
0.055244 0.066660 0.002027
0.005052 0.127703 -0.002270
-0.027582 0.083218 0.036190
-0.047621 0.113375 0.031005
-0.010770 0.134333 -0.003687
0.026224 0.062733 0.015163
-0.014834 0.138103 -0.009561
0.073243 0.061005 -0.008837
0.060669 0.054222 -0.005094
-0.009020 0.077968 0.020513
0.000670 0.064830 0.021466
0.079116 0.086818 -0.012253
0.048012 0.063804 0.001803
0.039863 0.078042 0.011116
-0.018826 0.061413 0.036279
0.040708 0.067716 0.009510
-0.014701 0.086207 0.017324
0.074725 0.063191 -0.008764
-0.091777 0.064328 0.011639
-0.008969 0.132331 -0.001421
-0.012919 0.136306 -0.006919
0.065737 0.072545 -0.000602
-0.000556 0.068079 0.021033
-0.047207 0.182575 0.005468
-0.000233 0.058968 0.025891
-0.067773 0.069175 0.042311
0.014486 0.128801 -0.011144
0.020872 0.064592 0.003000
-0.085124 0.139573 0.032690
0.046379 0.082843 0.013502
-0.029373 0.054448 0.049154
-0.063892 0.068072 0.042541
-0.011553 0.124552 0.001641
-0.053712 0.093555 0.041030
0.052213 0.137933 -0.039249
-0.025190 0.072768 0.043439
0.075882 0.072822 -0.005668
-0.044154 0.147504 0.029431
0.051903 0.132897 -0.037211
0.016947 0.064917 0.003330
0.002577 0.150833 -0.012729
0.073701 0.105816 -0.022793
-0.039208 0.082928 0.041205
-0.056892 0.180214 0.021739
-0.016473 0.066526 0.036875
0.021118 0.123113 -0.024486
-0.019250 0.099318 0.010863
0.006867 0.117659 -0.005445
-0.053698 0.069760 0.046868
0.010141 0.093009 -0.019123
-0.041064 0.112707 0.023436
-0.034243 0.092260 0.024175
0.012899 0.065781 0.011964
-0.047094 0.109661 0.031479
-0.078815 0.081247 0.036184
0.041808 0.074328 0.012017
-0.027493 0.097244 0.009376
-0.044142 0.092905 0.040510
-0.008466 0.064132 0.029901
-0.012691 0.131129 -0.002627
0.033661 0.074911 0.004599
-0.038999 0.072429 0.062992
0.010958 0.155251 -0.016868
-0.044300 0.098163 0.034185
0.058096 0.099781 -0.027407
0.048524 0.109575 -0.027144
0.062144 0.081726 -0.005794
0.025697 0.066351 0.001089
0.010913 0.087435 -0.015733
0.054319 0.097580 0.005430
-0.034610 0.147919 0.018871
-0.055419 0.134644 0.015944
-0.025456 0.069563 0.042200
-0.038137 0.168571 0.020652
-0.038559 0.109730 0.005048
-0.029194 0.072608 0.049559
0.067116 0.092214 -0.011982
-0.038804 0.172969 0.020049
0.074169 0.064054 -0.006815
-0.003539 0.073193 0.020601
0.040851 0.057975 0.010937
-0.035720 0.059318 0.057384
0.042755 0.066172 0.001349
0.004526 0.117851 -0.001822
0.055080 0.137007 -0.039838
-0.016599 0.165610 0.001887
-0.038496 0.067238 0.060132
0.021483 0.102300 -0.017483
0.044251 0.145998 -0.028544
0.015930 0.092643 -0.015511
-0.093369 0.059081 0.012418
-0.002583 0.092610 0.005841
-0.059107 0.072757 0.043748
0.015573 0.158553 -0.026344
-0.015088 0.072308 0.029127
0.045490 0.072965 0.009799
0.043926 0.069028 0.008273
0.011245 0.161266 -0.025646
-0.032008 0.089492 0.036266
-0.074272 0.093083 0.040106
0.031472 0.086447 0.003897
-0.015925 0.129510 -0.003886
-0.053799 0.108014 0.036014
-0.074119 0.072628 0.039081
0.065916 0.102963 -0.020557
0.031756 0.057542 0.010947
0.015700 0.066270 0.003028
-0.064241 0.072708 0.043701
0.000868 0.132550 -0.001376
0.038318 0.082443 0.006544
-0.018878 0.077587 0.030364
-0.024538 0.117607 -0.002383
-0.047284 0.148978 0.031342
0.054869 0.117816 -0.034965
0.052352 0.104805 -0.033444
0.001196 0.139123 -0.003566
0.051008 0.062980 0.002046
-0.027869 0.134531 -0.008971
-0.016915 0.069606 0.031742
-0.024579 0.103616 0.005336
0.057245 0.103671 -0.029547
-0.044240 0.077688 0.044748
0.016651 0.062096 0.020088
-0.009299 0.137817 -0.005576
-0.090270 0.064841 0.011681
-0.003562 0.064521 0.026035
-0.054206 0.097793 0.039751
0.051836 0.122844 -0.030848
-0.001957 0.070140 0.021403
-0.059541 0.143515 0.043565
-0.040857 0.110187 0.020486
-0.017807 0.116879 0.002561
-0.031457 0.073400 0.051827
-0.059253 0.092671 0.042918
0.040952 0.107950 -0.000172
-0.009044 0.072127 0.025012
0.069892 0.138327 -0.037483
-0.089869 0.065971 0.011424
0.036850 0.072366 0.010256
-0.090516 0.063291 0.011994
0.038936 0.089430 0.006259
0.070909 0.097894 -0.015186
0.040648 0.072159 0.011238
0.053573 0.100506 0.004220
-0.014420 0.132932 -0.005507
-0.064124 0.097160 0.042374
-0.004647 0.149226 -0.015032
-0.007351 0.109569 0.006623
-0.045122 0.180951 0.007083
-0.067454 0.120807 0.027711
-0.058735 0.098313 0.041100
-0.043814 0.182945 0.005351
-0.066981 0.122954 0.023475
-0.051324 0.125638 0.026832
-0.049553 0.097476 0.038169
0.082475 0.137757 -0.043609
0.066181 0.146542 -0.038295
-0.027820 0.094513 0.014371
0.012300 0.063784 0.012198
-0.038695 0.095571 0.025573
-0.038035 0.094805 0.010420
0.055309 0.092893 0.005854
-0.034699 0.094589 0.008446
0.011256 0.156148 -0.020921
0.025971 0.064810 0.001027
-0.042335 0.098929 0.030699
0.002359 0.097804 -0.004687
0.010896 0.153529 -0.014881
0.045667 0.062614 0.001472
0.050415 0.107852 -0.031555
0.037953 0.111475 -0.002960
0.065808 0.137811 -0.036639
0.066266 0.094539 -0.014669
-0.039297 0.097457 0.009665
-0.031422 0.126240 -0.002269
-0.035891 0.095703 0.007253
-0.038734 0.114530 0.016194
-0.018658 0.122667 -0.001391
-0.027190 0.163050 0.011412
-0.030583 0.098213 0.004370
0.038486 0.136479 -0.018212
-0.000646 0.097645 0.003392
0.041877 0.097721 0.007178
-0.019274 0.157849 0.004738
0.036809 0.117630 -0.005422
-0.028910 0.067879 0.050105
0.046129 0.098210 0.009894
-0.039313 0.137435 0.017905
0.048100 0.095898 0.011904
0.000779 0.127621 -0.000259
-0.037110 0.139282 0.016525
0.049642 0.096845 0.012091
-0.025928 0.067367 0.048345
0.051370 0.098183 0.009656
-0.006178 0.054585 0.032030
-0.012646 0.110880 0.006861
0.012092 0.122934 -0.014033
-0.047650 0.099141 0.036234
-0.060978 0.057698 0.036510
0.080169 0.137624 -0.042374
0.064019 0.120844 -0.032818
0.060358 0.094793 -0.023505
-0.037022 0.097837 0.006023
0.045746 0.108271 0.000561
-0.030074 0.128106 -0.004982
0.039600 0.098097 0.006301
0.016576 0.097058 -0.017246
0.065682 0.117691 -0.030812
0.047860 0.128078 -0.023654
-0.023323 0.083691 0.023328
0.055447 0.127231 -0.037389
-0.055256 0.091743 0.042100
0.048741 0.136190 -0.027643
0.079447 0.097251 -0.020688
0.014864 0.098659 -0.019203
0.049907 0.122597 -0.025656
-0.072885 0.101699 0.037714
0.064616 0.059340 -0.002469
-0.059211 0.102742 0.039810
0.051245 0.066258 0.001999
-0.054272 0.102636 0.038153
-0.048802 0.102815 0.035203
0.020536 0.156175 -0.021058
-0.067681 0.152368 0.045186
0.077372 0.098984 -0.019203
0.049260 0.137477 -0.029803
-0.041579 0.100822 0.028106
-0.033768 0.128022 0.014234
0.052973 0.099653 0.006267
-0.053596 0.169439 0.030892
0.064331 0.098966 -0.019634
-0.044207 0.158756 0.019790
0.049437 0.060828 0.001633
0.000574 0.136704 -0.002646
0.079507 0.098900 -0.023309
0.060913 0.062512 0.000766
-0.040937 0.102864 0.009982
-0.039917 0.167149 0.023749
0.009065 0.123274 -0.006500
-0.029779 0.102377 0.002717
-0.023282 0.101796 0.007769
-0.019064 0.103020 0.008848
-0.060621 0.059126 0.037714
0.021085 0.062914 0.019615
-0.009123 0.102934 0.008492
-0.054202 0.078114 0.044533
-0.005749 0.102632 0.007227
-0.052542 0.076085 0.046935
-0.003357 0.102850 0.005669
0.003423 0.099882 -0.006484
-0.078263 0.181628 0.039557
-0.042180 0.112818 0.025913
0.069110 0.117459 -0.033842
-0.001384 0.061253 0.027061
0.049832 0.101975 0.008500
-0.013929 0.144845 -0.013397
-0.041814 0.103116 0.011130
0.003718 0.103415 -0.005969
-0.001474 0.084128 -0.000101
0.045110 0.104063 0.006168
0.069112 0.116151 -0.032041
-0.042104 0.104115 0.025828
0.025749 0.103000 -0.016572
0.067671 0.100886 -0.017878
0.020645 0.137775 -0.011514
0.073854 0.100698 -0.017925
0.075705 0.102434 -0.020918
0.078609 0.100418 -0.022799
-0.083597 0.163640 0.033663
0.052492 0.087604 0.010918
-0.043946 0.058697 0.057761
-0.077323 0.104707 0.031086
0.052776 0.122471 -0.035183
-0.076577 0.104369 0.031400
0.011500 0.079097 -0.012996
-0.007371 0.064906 0.026392
-0.028530 0.112430 -0.001130
-0.064154 0.099531 0.041509
0.060312 0.102675 -0.026828
-0.045397 0.074833 0.046476
-0.032869 0.122439 -0.000648
-0.073554 0.107760 0.034153
-0.044244 0.107881 0.029429
0.016268 0.156304 -0.020163
0.049774 0.117784 -0.025575
0.045478 0.113033 -0.021680
0.067776 0.060773 -0.003648
-0.059225 0.107502 0.038017
-0.050536 0.139124 0.015968
-0.079614 0.162444 0.030416
0.079193 0.133935 -0.042868
-0.032791 0.103870 0.001616
-0.028756 0.104333 0.001313
0.070945 0.103673 -0.019692
-0.043087 0.192208 0.000591
-0.046296 0.106315 0.032066
-0.034893 0.122967 0.014361
-0.041973 0.107622 0.025944
-0.069852 0.108843 0.035828
-0.044165 0.137647 0.018783
0.050700 0.103943 -0.032036
0.077117 0.103959 -0.024607
0.075493 0.097469 -0.016293
-0.041781 0.105302 0.011199
-0.033331 0.123715 0.010667
0.060995 0.067684 0.001294
-0.040344 0.107603 0.008779
-0.031657 0.136323 0.011801
-0.015306 0.096423 0.012343
0.058862 0.103814 -0.028745
0.058394 0.065596 0.001777
-0.041505 0.108495 0.024484
-0.031834 0.105473 0.001458
-0.072038 0.074694 0.042008
-0.055354 0.106298 0.037292
-0.029050 0.107501 0.000352
-0.023319 0.107537 0.003748
0.056041 0.107888 -0.031700
-0.018252 0.106893 0.007324
0.007504 0.127609 -0.003751
-0.014055 0.107939 0.007791
-0.067723 0.140190 0.053551
0.045606 0.117631 -0.021422
-0.009438 0.107777 0.007377
-0.006110 0.106267 0.007014
-0.004054 0.107972 0.005480
-0.000387 0.107718 0.003212
0.003407 0.105224 -0.003073
0.037141 0.107387 -0.002323
0.042302 0.105687 0.005352
0.064042 0.127560 -0.037588
0.046006 0.106024 0.003484
-0.085826 0.177143 0.041358
0.003697 0.108173 -0.002110
-0.052648 0.135909 0.017342
0.016848 0.065007 0.011255
0.004616 0.107909 -0.005988
-0.044932 0.179434 0.013150
-0.066251 0.140172 0.052584
0.042437 0.118445 -0.019277
-0.043768 0.122860 0.025221
-0.013909 0.054240 0.032613
-0.004118 0.112900 0.004682
0.017905 0.105713 -0.021241
0.020753 0.107752 -0.020465
0.026343 0.107362 -0.017397
-0.000362 0.102641 0.003177
0.028751 0.105947 -0.016912
-0.048681 0.137244 0.018420
0.058550 0.106366 -0.029932
-0.079018 0.078459 0.036522
0.061708 0.107960 -0.026119
0.035383 0.153402 -0.032192
0.065548 0.108579 -0.024175
-0.068638 0.106747 0.037928
0.021675 0.124681 -0.022453
-0.061471 0.151438 0.032098
0.066777 0.106491 -0.022355
-0.039201 0.058635 0.057999
-0.069108 0.087529 0.043538
-0.054115 0.125645 0.027010
0.070492 0.106593 -0.022288
-0.064338 0.113113 0.035553
-0.010297 0.111088 0.006858
-0.063497 0.110658 0.036920
-0.061262 0.124904 0.026602
-0.050052 0.112657 0.032803
0.024376 0.108825 -0.018596
-0.004003 0.067800 0.024712
0.047362 0.108756 -0.025435
-0.019687 0.118396 0.000477
-0.004509 0.122565 0.002501
0.048176 0.107177 -0.028753
0.071244 0.108884 -0.024812
-0.072490 0.111029 0.032305
-0.039866 0.113208 0.019977
-0.016469 0.110143 0.006729
0.042211 0.077566 0.012243
-0.019096 0.063853 0.037423
-0.038040 0.112949 0.005717
0.021791 0.072779 0.002530
-0.021244 0.114622 0.001301
-0.024734 0.112930 -0.000531
-0.049427 0.141352 0.015912
0.054673 0.113064 -0.033756
-0.022046 0.111390 0.002562
-0.025728 0.076211 0.043827
0.056325 0.111535 -0.032588
-0.004855 0.054249 0.030617
-0.014248 0.113171 0.005748
-0.034212 0.118236 0.000682
-0.008948 0.113281 0.005981
-0.000422 0.112975 0.002735
-0.053754 0.151810 0.034388
0.052670 0.117757 -0.034392
-0.067564 0.175075 0.026610
0.001988 0.112662 0.000692
0.005568 0.112789 -0.005350
0.044379 0.111562 -0.001541
0.045824 0.109954 -0.022656
0.001028 0.154638 -0.019242
0.074402 0.109455 -0.029081
0.012781 0.056458 0.021635
-0.048951 0.118029 0.030287
0.022401 0.112142 -0.021571
-0.049244 0.143461 0.034436
0.025706 0.112824 -0.019435
0.027465 0.111233 -0.017964
0.049370 0.113147 -0.026249
-0.044116 0.179992 0.008191
-0.045916 0.121438 0.027315
0.050976 0.112479 -0.031020
0.052633 0.112982 -0.033645
0.070111 0.111678 -0.026815
0.071005 0.113294 -0.030161
0.019360 0.072360 0.001130
0.073713 0.110682 -0.029629
-0.049259 0.122656 0.028297
-0.035317 0.172658 0.017894
0.015727 0.057919 0.021121
-0.059211 0.087477 0.043877
0.066615 0.124611 -0.039895
0.043868 0.113877 -0.003914
0.012404 0.056357 0.021828
0.060518 0.113858 -0.029296
-0.063650 0.116918 0.032994
-0.068445 0.117725 0.029831
0.004865 0.122927 -0.001865
-0.033869 0.132675 0.014696
-0.067139 0.115850 0.032333
-0.036260 0.131884 0.017300
-0.051022 0.116312 0.032061
-0.064805 0.143374 0.048796
-0.045182 0.117554 0.027957
-0.062392 0.143669 0.046148
-0.042836 0.117831 0.025713
-0.040691 0.117597 0.023419
-0.017463 0.126718 -0.002640
-0.038509 0.117894 0.019403
0.040227 0.114519 -0.003309
0.065253 0.133143 -0.037508
-0.037269 0.117551 0.015774
0.066696 0.079426 -0.003319
-0.036681 0.115142 0.004462
-0.020889 0.124127 -0.004134
-0.035770 0.114980 0.001120
-0.064533 0.119235 0.030735
-0.038872 0.177255 0.018648
-0.019284 0.067806 0.038438
-0.014155 0.102934 0.009527
0.046334 0.102796 0.008021
-0.037088 0.116210 0.004967
-0.057187 0.109440 0.036713
-0.035436 0.118089 0.002538
-0.041511 0.146610 0.026797
0.007708 0.068005 -0.015268
0.035777 0.123747 -0.017753
0.050597 0.142588 -0.039307
-0.027810 0.117592 -0.002276
-0.014012 0.118079 0.003768
-0.091149 0.139310 0.037146
-0.009266 0.117890 0.004523
-0.059068 0.112689 0.035805
-0.033472 0.101482 0.002600
-0.004165 0.117993 0.003535
0.057695 0.100856 -0.028200
-0.000732 0.117622 0.002177
0.001692 0.118018 0.000711
0.037458 0.149656 -0.023865
0.007326 0.073056 -0.014895
0.066429 0.114896 -0.028562
0.022805 0.115299 -0.022960
0.026266 0.117379 -0.021077
0.048044 0.116764 -0.023475
0.010592 0.151303 -0.012320
-0.054305 0.143482 0.038744
0.052939 0.106056 -0.033424
-0.036034 0.119373 0.014001
-0.074665 0.146802 0.057899
-0.044873 0.130999 0.022162
0.014886 0.076630 -0.004001
0.009009 0.118752 -0.011078
0.051692 0.117841 -0.030262
-0.034449 0.120882 0.002037
-0.063720 0.121926 0.028398
0.061278 0.121201 -0.032758
-0.059109 0.122779 0.029247
-0.040618 0.122386 0.022789
-0.058312 0.180952 0.021243
0.048760 0.106180 0.000994
0.023198 0.118208 -0.024466
-0.042273 0.071816 0.062834
-0.036285 0.123653 0.017270
-0.029437 0.123185 -0.004511
0.023810 0.087923 -0.012881
-0.024266 0.122863 -0.004364
-0.022763 0.120656 -0.003028
-0.076080 0.097694 0.036203
-0.014760 0.123512 0.000493
-0.001533 0.144966 -0.008280
-0.073520 0.097497 0.039013
-0.013292 0.121582 0.002317
-0.001152 0.121062 0.001948
0.000959 0.122946 0.000439
-0.024068 0.083615 0.031100
0.055425 0.129035 -0.038669
0.010493 0.122638 -0.010671
-0.019564 0.172404 0.003524
0.036810 0.122278 -0.006763
0.056436 0.053343 -0.003728
0.039713 0.121478 -0.006551
-0.024325 0.098445 0.010005
-0.064802 0.124098 0.024738
-0.027024 0.119656 -0.003466
-0.054295 0.117117 0.032673
0.024013 0.121616 -0.023710
0.026213 0.123190 -0.021368
0.047984 0.122759 -0.023404
0.060517 0.093458 -0.023002
0.065154 0.122715 -0.035698
-0.047318 0.124613 0.026552
-0.066963 0.174354 0.029079
0.025354 0.097779 -0.015648
-0.022229 0.132737 -0.008581
-0.070784 0.094895 0.041405
-0.031457 0.124312 -0.001909
-0.058710 0.120014 0.031488
-0.002268 0.123904 0.001591
0.041014 0.117730 -0.004725
0.029874 0.124572 -0.019247
-0.062670 0.126223 0.023614
-0.038674 0.127612 0.020063
0.078637 0.095709 -0.017608
-0.035965 0.127668 0.017452
0.030728 0.077803 0.005481
0.013988 0.124400 -0.015543
-0.043192 0.089154 0.041625
-0.013909 0.127322 -0.000872
0.005917 0.137755 -0.004417
-0.009291 0.127982 0.000744
0.003864 0.135760 -0.003063
-0.008333 0.125643 0.002091
-0.005427 0.125548 0.001956
-0.003906 0.127761 0.000973
-0.031955 0.125919 -0.001036
-0.000518 0.150067 -0.013714
-0.023014 0.127955 -0.006380
-0.019956 0.128319 -0.006260
-0.043978 0.062796 0.059295
-0.024882 0.062398 0.049155
0.050874 0.075231 -0.003427
0.010177 0.128147 -0.006168
0.030778 0.082734 0.005000
0.016125 0.127370 -0.015112
-0.073121 0.168853 0.048389
0.017566 0.125126 -0.020756
0.049269 0.132509 -0.026530
0.031680 0.128155 -0.017674
-0.007122 0.053380 0.031706
0.038853 0.127660 -0.018003
0.071173 0.124750 -0.042018
-0.062528 0.127949 0.021542
0.025642 0.127465 -0.019491
0.066297 0.088475 -0.009551
-0.018894 0.132170 -0.007658
0.029562 0.127112 -0.018647
0.041287 0.127860 -0.019050
0.045358 0.127650 -0.021466
0.049737 0.127711 -0.026018
-0.052645 0.162328 0.036048
0.051587 0.127744 -0.030659
-0.054616 0.163627 0.038521
0.052723 0.127826 -0.036479
0.046103 0.087953 0.013203
0.060912 0.127472 -0.036429
0.066540 0.127738 -0.039434
0.074819 0.128411 -0.042934
0.075861 0.127939 -0.043512
-0.060180 0.129472 0.021504
-0.049148 0.131225 0.022472
-0.073532 0.148872 0.055309
0.008372 0.119325 -0.008075
-0.043910 0.133217 0.020813
0.038954 0.150555 -0.027606
0.080312 0.128907 -0.044156
-0.028838 0.132318 -0.006820
0.004639 0.132248 -0.002672
0.006944 0.132637 -0.003923
0.025879 0.129736 -0.018016
-0.031608 0.133400 0.011895
-0.028937 0.133920 0.006080
-0.068705 0.174549 0.045707
-0.023000 0.131398 -0.007640
-0.089928 0.142055 0.038993
0.010775 0.132729 -0.006004
0.025718 0.132845 -0.015701
-0.069291 0.172681 0.049793
0.030754 0.132923 -0.016405
0.035797 0.132762 -0.017243
-0.000932 0.092687 0.003545
0.038797 0.131816 -0.018100
0.000471 0.092937 -0.000598
0.041153 0.132813 -0.019334
-0.059313 0.173036 0.029224
0.047462 0.132905 -0.024164
-0.049109 0.133712 0.020595
-0.042291 0.149580 0.026279
0.050765 0.132520 -0.030161
0.063847 0.054490 -0.006845
0.055249 0.132743 -0.039485
-0.067641 0.160948 0.016265
-0.074871 0.082529 0.040499
-0.066180 0.141852 0.052799
-0.026510 0.085474 0.033228
0.057988 0.130536 -0.037920
0.016887 0.068023 -0.001255
-0.060417 0.096542 0.042169
0.067308 0.131778 -0.038762
0.070760 0.132748 -0.040172
0.018987 0.160614 -0.028007
0.028554 0.104266 -0.016650
0.075832 0.132710 -0.041985
0.080707 0.132186 -0.044105
-0.019639 0.134033 -0.008537
0.054244 0.092578 0.008502
-0.053602 0.137607 0.015129
-0.069429 0.098196 0.041244
-0.029972 0.137923 0.009439
-0.028041 0.137985 0.005298
-0.038493 0.184514 0.000958
-0.027358 0.137236 -0.009336
-0.007683 0.135767 -0.002834
-0.003737 0.136673 -0.002406
0.024682 0.083213 0.001274
0.016339 0.137554 -0.009146
-0.053978 0.176995 0.029519
0.026423 0.137692 -0.013980
-0.064821 0.164026 0.044353
0.030921 0.137686 -0.015469
0.035823 0.137606 -0.017110
0.001183 0.097731 -0.000254
0.040882 0.138009 -0.020089
0.039535 0.156353 -0.036159
0.046540 0.137919 -0.025260
0.084384 0.137080 -0.044715
0.068298 0.135107 -0.038088
0.070701 0.086853 -0.007507
0.083804 0.134911 -0.044298
-0.014616 0.159810 0.000741
-0.033559 0.141867 0.014529
-0.089133 0.139001 0.035310
-0.004654 0.138995 -0.004103
0.071853 0.137072 -0.038839
-0.064131 0.107608 0.038421
0.075891 0.137743 -0.040204
0.058330 0.139674 -0.038402
-0.016876 0.074982 0.019950
-0.092102 0.139389 0.037984
-0.092148 0.141068 0.040051
0.020728 0.087193 -0.012651
-0.068481 0.143108 0.054642
-0.070873 0.139669 0.013494
-0.065430 0.139957 0.007312
0.062312 0.142696 -0.036167
-0.092835 0.143172 0.044465
0.044272 0.151588 -0.037252
-0.073879 0.143861 0.058556
-0.052419 0.140963 0.013992
-0.047226 0.141386 0.017003
-0.011187 0.162564 -0.003407
-0.044057 0.141626 0.017374
-0.038547 0.141988 0.016445
