0.019988 0.192928 -0.021921
0.016396 0.192100 -0.022725
0.012598 0.191242 -0.024268
-0.009138 0.188634 -0.039988
0.011006 0.187781 -0.025050
-0.018177 0.185971 -0.023791
-0.020254 0.184738 -0.023846
0.004837 0.181648 -0.029424
0.000373 0.182648 -0.029846
-0.004150 0.182982 -0.031724
-0.013231 0.183023 -0.036127
-0.015381 0.183022 -0.024482
-0.053486 0.179269 -0.059376
-0.027364 0.177612 -0.027526
0.015079 0.176054 -0.044540
0.012291 0.175763 -0.044937
-0.038159 0.176261 -0.036544
-0.042925 0.175926 -0.038345
-0.042835 0.176853 -0.040081
-0.054927 0.177732 -0.057102
-0.070069 0.175945 -0.053588
-0.054558 0.174794 -0.054417
-0.002123 0.174011 -0.013688
0.010893 0.173061 -0.044856
0.005914 0.173035 -0.045484
0.001630 0.172537 -0.045689
0.000021 0.172266 -0.014981
-0.008702 0.171945 -0.017419
-0.013906 0.173130 -0.020459
-0.004225 0.174973 -0.051715
-0.024195 0.173166 -0.026782
-0.027725 0.172437 -0.028091
-0.046667 0.171117 -0.042038
-0.054373 0.172511 -0.052358
-0.062645 0.173223 -0.050197
-0.045313 0.169903 -0.041443
0.009542 0.169233 -0.044801
-0.062006 0.168005 -0.043922
-0.066903 0.168751 -0.048744
0.001624 0.169314 -0.044698
-0.048911 0.168734 -0.040296
-0.009171 0.167689 -0.019174
0.000327 0.167698 -0.031906
-0.004336 0.169268 -0.016866
-0.013955 0.168181 -0.020961
-0.034463 0.177164 -0.035764
-0.024134 0.168061 -0.026033
-0.028413 0.167324 -0.028141
-0.038531 0.167444 -0.032775
-0.052308 0.166032 -0.038359
-0.053866 0.167594 -0.040398
-0.058979 0.169589 -0.045987
-0.033509 0.172660 -0.032312
-0.042073 0.164982 -0.033852
-0.006069 0.194579 -0.038334
-0.057736 0.163981 -0.042823
-0.006531 0.174998 -0.036685
-0.021144 0.163775 -0.024398
-0.054063 0.163248 -0.040566
-0.061256 0.162520 -0.049189
0.015712 0.163199 -0.042811
0.004186 0.161644 -0.030548
-0.024051 0.163345 -0.025520
-0.030827 0.162786 -0.029514
-0.034134 0.163080 -0.031075
-0.038480 0.163352 -0.032980
-0.040680 0.162128 -0.034283
-0.044159 0.163071 -0.035411
-0.051109 0.161849 -0.039211
-0.062814 0.162369 -0.049681
0.013921 0.160254 -0.043276
0.011149 0.163213 -0.042846
0.034837 0.161721 0.010431
0.024999 0.161249 -0.000593
0.000352 0.162777 -0.013010
-0.002770 0.162611 -0.013349
-0.005223 0.162973 -0.014621
-0.011295 0.161533 -0.018977
-0.022112 0.160723 -0.023635
-0.031222 0.160406 -0.029488
-0.022035 0.159451 -0.023478
0.028828 0.159459 0.004592
-0.075624 0.157646 -0.064272
-0.077331 0.157630 -0.065473
0.014870 0.187333 -0.024654
0.027723 0.158304 0.004750
-0.034159 0.168161 -0.031209
0.023270 0.158090 -0.000417
0.019539 0.157921 -0.005630
-0.070896 0.156377 -0.061718
-0.002405 0.158103 -0.029723
-0.003858 0.157042 -0.028417
-0.005008 0.157091 -0.019472
-0.004851 0.158539 -0.016570
-0.008806 0.157747 -0.017271
-0.014989 0.157538 -0.019874
-0.024743 0.157846 -0.026751
-0.037460 0.157553 -0.033263
0.049886 0.155995 0.025947
0.045015 0.158220 0.022200
0.027106 0.155776 0.015227
0.000232 0.154607 -0.029610
-0.001708 0.154161 -0.029107
-0.002789 0.154258 -0.028522
-0.009344 0.177510 -0.034830
-0.069140 0.154060 -0.059986
-0.012754 0.158200 -0.018179
-0.030993 0.152342 -0.029244
-0.043997 0.152926 -0.037131
-0.046867 0.151492 -0.038762
-0.052111 0.151052 -0.041888
-0.069289 0.151785 -0.052831
-0.004098 0.152968 -0.015895
-0.008879 0.153105 -0.017508
-0.013959 0.153079 -0.019533
-0.007905 0.179688 -0.033597
-0.071140 0.154058 -0.056979
-0.024340 0.152749 -0.025943
-0.034001 0.152716 -0.030882
0.047038 0.153402 0.026861
-0.068604 0.173360 -0.051829
0.035919 0.153071 0.023685
0.026160 0.152065 0.020359
0.021296 0.151341 0.016645
-0.066864 0.174968 -0.054127
-0.001255 0.150037 -0.015267
-0.031553 0.149773 -0.028979
-0.056356 0.149476 -0.044131
-0.060032 0.149948 -0.049416
0.059927 0.151131 0.056600
0.012611 0.159999 -0.042996
-0.003659 0.149726 -0.014799
-0.015902 0.179278 -0.025160
-0.064918 0.149574 -0.049758
-0.050292 0.149468 -0.040293
-0.012272 0.191852 -0.038649
-0.010017 0.149104 -0.018630
-0.057895 0.174968 -0.054085
0.059827 0.149860 0.056731
0.057728 0.149078 0.056289
0.014139 0.147638 0.010971
0.052341 0.148419 0.032114
-0.058988 0.173118 -0.051920
0.062869 0.148996 0.055379
0.040912 0.149149 0.029866
-0.005697 0.147719 -0.025865
-0.014143 0.147722 -0.020936
-0.023955 0.147848 -0.025412
-0.029160 0.147860 -0.027750
-0.064944 0.174887 -0.055668
-0.039164 0.147876 -0.032194
-0.042572 0.146955 -0.033310
-0.048677 0.147509 -0.037353
-0.054067 0.148050 -0.041967
-0.058368 0.145673 -0.042895
-0.059412 0.147883 -0.045889
-0.010270 0.174177 -0.019733
-0.067504 0.146309 -0.048669
-0.074011 0.147675 -0.051753
-0.076949 0.146401 -0.051472
0.041113 0.146727 0.032050
0.016059 0.189511 -0.023409
0.035807 0.148692 0.029387
-0.008199 0.196477 -0.037967
0.031088 0.147553 0.027830
0.032716 0.158916 0.010393
0.028187 0.146615 0.026950
-0.024092 0.178589 -0.027060
0.018217 0.145960 0.016427
-0.025650 0.176200 -0.029128
0.015290 0.146789 0.012042
-0.014010 0.145105 -0.022234
0.068739 0.146798 0.064243
-0.028940 0.175872 -0.029926
0.066521 0.148065 0.066839
0.053876 0.146170 0.050528
0.040276 0.151262 0.026876
-0.039453 0.144018 -0.031662
0.040365 0.161234 0.016795
-0.049104 0.143473 -0.037000
-0.054524 0.143630 -0.040380
-0.058293 0.143644 -0.042419
-0.048841 0.163070 -0.037503
0.068728 0.144806 0.062108
0.054463 0.144401 0.050886
0.008861 0.143514 0.004915
-0.069185 0.142848 -0.047710
-0.068371 0.177753 -0.056003
-0.072363 0.142832 -0.048164
-0.052129 0.143095 -0.038889
-0.074892 0.143010 -0.049373
-0.020714 0.173271 -0.025007
0.008231 0.142170 0.005557
-0.001748 0.164997 -0.031737
-0.013608 0.142500 -0.024963
-0.027262 0.140642 -0.030762
-0.024257 0.142976 -0.026121
0.015328 0.143192 0.013734
-0.069498 0.139916 -0.047239
0.044234 0.142757 0.034754
0.041005 0.143274 0.034377
0.036053 0.143172 0.033177
0.047327 0.156292 0.026344
0.032608 0.142029 0.031914
-0.010142 0.183301 -0.034665
0.017614 0.142215 0.016384
0.068826 0.142519 0.059646
0.066104 0.143302 0.063385
0.062867 0.142618 0.063212
0.015367 0.166233 -0.042974
0.055260 0.143008 0.052534
-0.043083 0.143822 -0.032915
0.045993 0.140398 0.035944
0.062556 0.140333 0.061243
0.040566 0.140308 0.035918
0.061357 0.151312 0.055899
0.017575 0.139222 0.016585
-0.025653 0.138562 -0.029287
0.022556 0.138373 0.022020
-0.003352 0.176832 -0.051753
0.058035 0.142012 0.056501
-0.018935 0.137743 -0.026268
0.015693 0.137853 0.014257
0.010249 0.137951 0.008957
0.037715 0.137027 0.036356
0.035670 0.138492 0.034886
-0.028615 0.152962 -0.027953
0.031877 0.137926 0.032643
0.070222 0.137225 0.066490
0.061588 0.138428 0.059214
0.058829 0.136672 0.054691
0.057476 0.138026 0.054378
-0.045877 0.143665 -0.035050
0.045271 0.137751 0.037137
0.066253 0.138621 0.063123
0.026868 0.138362 0.027879
0.020232 0.134336 0.017509
-0.047396 0.160321 -0.037520
0.043507 0.146734 0.031296
-0.034146 0.144290 -0.029833
0.029075 0.134632 0.030510
-0.018494 0.148646 -0.021931
-0.014465 0.133062 -0.026516
-0.018961 0.132765 -0.026519
-0.034028 0.156761 -0.030884
0.030203 0.149873 0.025499
0.050829 0.149856 0.030696
-0.023901 0.133019 -0.027841
-0.039939 0.157978 -0.034695
-0.064261 0.143068 -0.046136
-0.032495 0.131955 -0.032905
0.018980 0.132544 0.014421
0.064753 0.133982 0.060673
0.030414 0.143431 0.029666
0.010507 0.132734 0.009396
0.047991 0.150305 0.029961
0.031605 0.132813 0.033464
0.017453 0.130082 0.011250
0.059846 0.132953 0.053778
0.057443 0.133363 0.052003
0.023946 0.139282 0.023894
0.056849 0.131262 0.050709
-0.029920 0.168670 -0.029444
0.048843 0.131942 0.038045
0.046020 0.132751 0.038444
0.049909 0.154911 0.025993
0.040965 0.132806 0.038463
0.069520 0.132147 0.062696
0.044744 0.153653 0.025514
0.067135 0.132978 0.062221
-0.064413 0.177230 -0.056846
-0.037973 0.152213 -0.033125
-0.035909 0.127818 -0.034154
-0.037332 0.126687 -0.034912
0.069473 0.129520 0.063553
0.036778 0.146412 0.031472
0.033753 0.129258 0.035748
0.050433 0.152596 0.029307
-0.024014 0.127784 -0.028163
-0.026868 0.127829 -0.028820
-0.029429 0.127689 -0.030034
-0.065709 0.179660 -0.058977
-0.033457 0.127695 -0.032387
0.002200 0.128037 0.002426
0.015252 0.127905 0.009550
0.029365 0.138298 0.030488
0.010942 0.127596 0.008283
0.005051 0.127637 0.005113
-0.056027 0.180443 -0.058653
-0.019831 0.124600 -0.028704
0.060541 0.128608 0.053144
0.036199 0.128134 0.037337
0.030939 0.128073 0.033192
0.048979 0.156366 0.026409
-0.034318 0.147775 -0.030241
-0.023726 0.124084 -0.028658
0.006013 0.183762 -0.027611
0.062811 0.126097 0.056127
-0.035655 0.174515 -0.035045
0.058929 0.126295 0.050822
0.053343 0.125874 0.048611
0.046005 0.127647 0.039292
0.066021 0.125141 0.055681
0.064775 0.125196 0.056391
-0.015378 0.186037 -0.024231
0.007360 0.123562 0.006378
0.002386 0.124180 0.003050
-0.019257 0.122599 -0.029567
-0.029052 0.122784 -0.030014
-0.037200 0.122522 -0.033558
-0.039623 0.122890 -0.035610
-0.049186 0.073216 -0.011069
-0.001212 0.170425 -0.016946
0.029511 0.161585 0.004668
-0.053858 0.073072 -0.012136
0.026969 0.063811 0.066748
-0.025210 0.111206 -0.034110
-0.071702 0.071960 -0.017012
0.002644 0.075033 0.046079
0.025634 0.056707 0.059566
0.058645 0.070803 0.009601
0.058822 0.068349 0.009966
0.056186 0.071676 0.012705
-0.006546 0.192784 -0.039112
-0.060401 0.164703 -0.044480
-0.044094 0.073796 -0.010492
0.022011 0.068308 0.063948
0.046231 0.077830 0.069221
0.043080 0.075814 0.070841
0.040899 0.077757 0.072122
0.036166 0.077784 0.072732
-0.003849 0.186149 -0.031978
-0.044100 0.076716 -0.013327
-0.031206 0.069746 -0.004266
0.058371 0.069931 0.010529
0.052800 0.068194 0.047587
0.053885 0.071075 0.027215
-0.043768 0.159678 -0.036047
0.002924 0.073137 0.045196
0.026142 0.059054 0.062101
0.012898 0.141080 0.011895
-0.053650 0.055212 -0.008669
-0.071784 0.069748 -0.017172
-0.028469 0.163174 -0.027749
0.035308 0.088530 0.070287
-0.004058 0.179230 -0.032940
-0.045921 0.069879 -0.009114
-0.069957 0.065848 -0.019840
-0.014185 0.162650 -0.020157
-0.058571 0.066918 -0.013488
-0.028522 0.158029 -0.027784
0.013001 0.133913 0.011496
-0.025363 0.054405 0.004601
-0.023791 0.072356 0.003304
0.010813 0.121334 0.005834
-0.010145 0.187536 -0.037434
-0.023841 0.068544 0.004349
-0.033835 0.066738 -0.002731
0.040229 0.158046 0.018649
-0.037638 0.066501 -0.003389
-0.039180 0.068431 -0.005277
0.016046 0.111486 0.041865
-0.002433 0.061602 0.031629
-0.038832 0.108068 -0.032413
0.069871 0.133744 0.060522
-0.048755 0.059149 -0.018130
-0.041055 0.114396 -0.034047
-0.036008 0.087609 -0.019505
0.045283 0.073266 0.067784
0.060719 0.058510 -0.001186
0.010805 0.103599 0.049311
0.038312 0.070801 0.070916
0.035978 0.072933 0.071890
0.034978 0.070136 0.071145
-0.010442 0.176038 -0.019955
-0.036054 0.099454 -0.032152
0.006543 0.073868 0.047009
0.058971 0.064217 0.006269
-0.018827 0.162597 -0.022480
-0.060963 0.143010 -0.044441
0.068129 0.141907 0.060635
0.058201 0.065144 0.021001
0.031247 0.152125 0.023681
0.056193 0.067069 0.023493
0.054851 0.067776 0.028930
0.019021 0.190016 -0.023070
0.053003 0.070045 0.030689
0.044057 0.069643 0.066625
0.030982 0.054463 0.058121
0.054271 0.066985 0.033369
-0.001328 0.151652 -0.015604
0.033207 0.070130 0.071077
0.014947 0.173843 -0.044490
0.054396 0.080784 0.017097
0.030512 0.154414 0.019712
0.054122 0.066017 0.037086
0.000959 0.158022 -0.030090
0.049775 0.068046 0.058616
0.030983 0.067896 0.069881
0.054770 0.081293 0.014558
-0.049813 0.058263 -0.009654
-0.017705 0.064044 0.005450
-0.019692 0.064517 0.006779
0.061699 0.062216 -0.001100
-0.068892 0.072612 -0.017018
-0.008981 0.163051 -0.017160
0.010981 0.093026 0.054116
0.021891 0.152867 0.015642
0.006241 0.067941 0.042861
-0.064096 0.067904 -0.015640
-0.001727 0.127713 -0.002439
-0.053361 0.061748 -0.008236
0.023612 0.065866 0.065354
-0.060108 0.056763 -0.014535
0.040991 0.087958 0.071946
-0.059049 0.062982 -0.012746
0.034373 0.133781 0.035331
-0.062295 0.062616 -0.013519
-0.063214 0.172002 -0.047142
-0.010669 0.138777 -0.025804
0.036838 0.133113 0.037009
-0.064640 0.063002 -0.014952
0.045614 0.054690 0.050684
-0.047751 0.095611 -0.028452
0.008046 0.100644 0.051190
0.011106 0.078087 0.048769
0.041154 0.137704 0.037016
0.002847 0.106794 0.002490
0.026783 0.078148 0.067535
-0.037924 0.063281 -0.002198
-0.048386 0.062627 -0.017112
0.059002 0.059578 0.030037
-0.061963 0.059814 -0.013715
-0.067321 0.063554 -0.017220
0.010752 0.083535 0.052154
-0.004407 0.088539 -0.000823
0.025569 0.062273 0.064956
0.058586 0.056410 0.041632
0.047505 0.072306 0.064646
0.039790 0.073813 0.071486
0.056392 0.057734 0.048654
0.003178 0.064164 0.039341
0.001630 0.163192 -0.030919
0.044710 0.087618 0.071500
-0.012569 0.059001 0.027000
0.030719 0.156230 0.015461
0.025835 0.147922 0.023737
0.057003 0.062588 0.033044
-0.033839 0.072942 -0.006705
0.022827 0.060339 0.061420
0.058149 0.058945 0.035098
-0.015541 0.128367 -0.027921
0.008497 0.057592 0.039206
0.023273 0.145770 0.022629
0.005076 0.137348 0.003190
-0.012507 0.061862 0.026806
0.012665 0.075721 0.045924
-0.058901 0.177800 -0.055833
0.058797 0.058374 0.033030
0.057310 0.063628 0.028823
0.055329 0.102742 0.063032
-0.047799 0.097828 -0.032419
-0.040528 0.064726 -0.004649
0.054485 0.088419 0.063427
0.018189 0.105028 0.045850
0.058855 0.055957 0.040520
0.042405 0.101104 0.066441
0.057914 0.064449 0.024277
0.031107 0.060749 0.065842
0.002826 0.066340 0.040121
0.004758 0.065468 0.040853
-0.055471 0.097035 -0.040511
-0.029218 0.062823 0.004960
-0.006607 0.185777 -0.033439
0.037603 0.096213 0.067643
-0.001329 0.177702 -0.052309
0.057777 0.057893 0.044347
0.040713 0.068115 0.068212
0.028742 0.121486 0.030716
0.002869 0.056348 0.046390
0.051091 0.058221 0.053378
-0.028086 0.137570 -0.030846
-0.045524 0.103988 -0.034274
0.058210 0.114864 0.055653
-0.026556 0.055279 0.006145
-0.064013 0.072638 -0.015833
0.005770 0.057922 0.043448
0.031067 0.056341 0.060383
-0.029144 0.054257 0.004992
0.049117 0.078925 0.066828
0.047140 0.088084 0.070592
-0.043837 0.094023 -0.025944
0.021803 0.072168 0.063868
-0.033886 0.112933 -0.032058
0.025325 0.154493 0.015592
0.009874 0.074407 0.046964
0.001067 0.099782 0.001221
0.041152 0.054135 0.050960
0.032076 0.073176 0.071681
0.059148 0.059826 0.001482
0.024186 0.076427 0.065764
-0.023058 0.065993 0.006174
-0.003005 0.167982 -0.032019
0.027778 0.134052 0.029437
0.056839 0.067950 0.018728
0.019849 0.062787 0.060283
-0.030056 0.173411 -0.030445
0.049067 0.128861 0.038546
0.051632 0.053943 0.050532
0.057449 0.069070 0.014047
0.006105 0.078001 0.049275
-0.034378 0.069006 -0.005075
-0.048543 0.082660 -0.021355
0.041701 0.056462 0.054711
0.015366 0.097805 0.052223
0.005271 0.060930 0.041805
0.054222 0.073090 0.023832
0.067967 0.129484 0.063669
-0.005239 0.059051 0.030286
0.032769 0.092063 0.065739
0.005125 0.132949 0.004559
0.005287 0.054795 0.045283
-0.034442 0.063798 -0.000651
-0.001209 0.061531 0.032147
0.054539 0.058420 0.052103
0.036276 0.157044 0.017584
0.063799 0.123137 0.046678
0.002251 0.083164 0.049463
-0.026829 0.069670 0.003264
0.003269 0.069906 0.043464
0.012798 0.137406 0.011405
-0.053285 0.058302 -0.007652
0.040143 0.155161 0.020698
-0.027986 0.055282 0.006171
-0.009183 0.062556 0.027687
0.020588 0.142571 0.019702
0.040991 0.082898 0.072589
-0.021127 0.071342 0.003974
-0.028887 0.133146 -0.030570
0.052624 0.069840 0.045425
0.024091 0.158879 -0.000570
0.044649 0.083122 0.071623
-0.030470 0.073366 -0.006521
0.016203 0.103069 0.048792
-0.018981 0.157832 -0.021887
0.041690 0.072241 0.070114
-0.053480 0.068136 -0.010718
-0.030076 0.067033 -0.002274
0.040989 0.153085 0.024270
-0.010036 0.064723 0.025644
-0.050922 0.061286 -0.008424
0.052893 0.071837 0.028393
-0.018783 0.168228 -0.023188
0.047744 0.061062 0.055471
-0.025483 0.140865 -0.029524
0.036323 0.056744 0.059507
-0.034321 0.103052 -0.033065
0.058644 0.062518 0.024702
0.042447 0.157422 0.021371
-0.009208 0.058655 0.028148
0.052411 0.071005 0.045387
0.049289 0.073408 0.062570
0.046033 0.098079 0.068630
0.033826 0.159362 0.010345
0.035731 0.063775 0.067333
0.050646 0.054956 0.051515
-0.019104 0.152862 -0.022135
0.048769 0.070007 0.061361
0.054645 0.107155 0.061943
-0.020953 0.167472 -0.024221
0.046131 0.062767 0.058628
0.050753 0.087929 0.068122
0.006795 0.117881 0.004813
0.057657 0.055007 0.044469
0.002408 0.186586 -0.028406
0.027260 0.143204 0.027233
0.054457 0.077872 0.018454
0.008877 0.069091 0.043515
0.066753 0.127025 0.055612
0.031115 0.063267 0.067527
0.024440 0.150070 0.020492
0.055688 0.063738 0.038165
0.042488 0.066362 0.065407
-0.044561 0.172050 -0.041258
0.019437 0.103501 0.043915
-0.036592 0.171146 -0.033310
-0.028796 0.107431 -0.034493
-0.009358 0.193061 -0.038313
-0.026087 0.064539 0.005896
-0.077335 0.143486 -0.050126
-0.042980 0.068328 -0.006946
0.003768 0.056136 0.046257
0.030982 0.058545 0.062989
0.005853 0.168967 -0.044456
0.039615 0.059902 0.061668
0.029576 0.072372 0.070588
0.018086 0.067100 0.059685
0.051072 0.112894 0.058688
-0.013365 0.191881 -0.039081
-0.008845 0.147838 -0.019371
-0.033645 0.057899 0.002666
-0.007799 0.182606 -0.033367
0.058748 0.065567 0.017710
-0.052520 0.098635 -0.037218
0.054977 0.062778 0.048762
0.002713 0.166359 -0.043648
-0.038975 0.102865 -0.031968
0.021959 0.058290 0.058932
0.038367 0.160948 0.016299
-0.048826 0.151992 -0.040072
0.002826 0.078097 0.047858
0.058636 0.061367 0.028995
-0.040515 0.177388 -0.040499
0.024993 0.142940 0.024996
0.053653 0.076389 0.021544
0.011859 0.106180 0.001001
0.022520 0.143280 0.021874
-0.018994 0.127859 -0.027683
-0.015052 0.055941 0.021147
0.051377 0.063262 0.054805
0.050147 0.101487 0.066533
-0.063641 0.058465 -0.015084
-0.032057 0.054900 0.004777
0.020184 0.107797 0.039740
0.036274 0.123178 0.037706
-0.038965 0.071438 -0.007836
-0.018813 0.178054 -0.025385
0.022165 0.062959 0.062614
0.001793 0.102597 0.001637
-0.052327 0.164641 -0.038394
0.026510 0.054658 0.057962
0.041076 0.062929 0.063496
0.041018 0.093277 0.070242
-0.048655 0.056912 -0.019803
0.016056 0.084557 0.045443
0.052996 0.087259 0.065581
-0.020781 0.146321 -0.025359
0.001118 0.097274 0.000630
0.035670 0.058986 0.062806
-0.030775 0.058192 0.005606
-0.030001 0.064951 -0.000456
0.036813 0.097575 0.065236
0.065021 0.127291 0.056670
-0.002966 0.059715 0.031563
-0.050836 0.058570 -0.008223
0.069655 0.140329 0.061036
0.023963 0.072960 0.065852
0.043124 0.105466 0.063643
-0.019811 0.066504 0.006355
0.013783 0.085209 0.051115
-0.048196 0.066042 -0.014856
-0.026433 0.132739 -0.029108
0.037104 0.087135 0.071686
-0.025425 0.058366 0.007264
0.052382 0.121366 0.051496
0.058610 0.067430 0.012215
0.037476 0.053792 0.055272
-0.049745 0.067949 -0.011936
0.049081 0.064467 0.056872
0.036108 0.067746 0.069803
0.039231 0.064556 0.066538
0.041638 0.090676 0.071188
-0.024914 0.055975 0.005963
-0.044667 0.148436 -0.035412
-0.043320 0.071238 -0.008061
0.047237 0.054915 0.051293
0.041100 0.127610 0.039227
0.042759 0.061123 0.060281
-0.059406 0.055009 -0.015508
0.057463 0.059658 0.037175
-0.060001 0.068796 -0.014416
0.045867 0.068214 0.063475
0.051382 0.117805 0.054331
-0.004277 0.172709 -0.015111
0.055912 0.062839 0.043772
-0.073485 0.156714 -0.062852
-0.035955 0.059524 -0.000147
-0.011820 0.064478 0.025546
0.005986 0.062945 0.040410
-0.069322 0.148161 -0.050360
0.032070 0.077692 0.071810
0.016434 0.113774 0.040383
0.032537 0.091062 0.066348
-0.040236 0.153310 -0.034867
0.003191 0.054760 0.046524
0.044305 0.064576 0.061933
-0.013869 0.137684 -0.025643
0.052944 0.068986 0.032733
-0.023339 0.182123 -0.024764
-0.001010 0.159803 -0.014795
0.051813 0.067524 0.053410
0.045988 0.092984 0.070220
0.058734 0.099435 0.058008
-0.004526 0.062921 0.029931
0.004183 0.158374 -0.030413
-0.062065 0.065638 -0.013925
0.049919 0.083096 0.067730
-0.000737 0.122864 -0.000112
0.005794 0.163692 -0.043252
-0.059704 0.058995 -0.013369
-0.019065 0.182847 -0.024723
0.029437 0.078173 0.069727
-0.049937 0.054783 -0.020203
-0.006873 0.089546 -0.001265
-0.036896 0.059620 -0.000639
0.010188 0.072438 0.045218
-0.005384 0.167642 -0.019854
0.053697 0.066468 0.047907
0.053718 0.085063 0.063280
-0.011495 0.152593 -0.018974
-0.032643 0.061592 0.003067
0.019143 0.067518 0.060530
-0.059557 0.073117 -0.014634
-0.070297 0.064791 -0.020704
-0.057815 0.181855 -0.059137
0.012672 0.081897 0.050337
-0.015783 0.176757 -0.033447
0.005611 0.071583 0.045262
0.059734 0.062981 0.002914
-0.006120 0.196564 -0.038105
0.047716 0.066608 0.060131
0.044135 0.079297 0.071377
0.054666 0.074454 0.020421
-0.039557 0.073503 -0.010312
-0.005110 0.176796 -0.035018
-0.068938 0.068301 -0.017412
0.053749 0.079813 0.058448
-0.038865 0.078220 -0.011107
0.053380 0.076586 0.022220
0.036128 0.082763 0.072447
0.026887 0.081666 0.066865
0.030482 0.083289 0.069179
-0.073207 0.152423 -0.055318
0.047233 0.082887 0.070215
0.052266 0.082595 0.064076
-0.033828 0.076268 -0.008281
-0.058945 0.167717 -0.042229
0.006113 0.088039 0.053060
0.035639 0.155025 0.020521
-0.033931 0.117813 -0.031547
-0.053432 0.076978 -0.012801
-0.030512 0.075890 -0.008368
-0.035302 0.084238 -0.015185
-0.016814 0.177306 -0.033040
0.007990 0.080320 0.051071
0.008872 0.080322 0.051098
0.051171 0.072840 0.059522
0.056048 0.112765 0.058057
-0.038839 0.089206 -0.020394
0.053095 0.082039 0.060073
0.012751 0.107813 0.045220
0.053970 0.083350 0.058996
0.061190 0.122753 0.049431
0.067435 0.146678 0.065541
-0.062646 0.075944 -0.015581
0.055141 0.054588 0.048572
0.051643 0.115592 0.056388
-0.059041 0.076450 -0.015327
0.010995 0.118045 0.004784
-0.056165 0.076582 -0.014072
0.015125 0.093085 0.052743
-0.064004 0.168175 -0.046484
0.028626 0.120045 0.030496
-0.049147 0.077027 -0.012498
0.044417 0.059523 0.056983
0.004537 0.081961 0.050585
-0.008679 0.168477 -0.018009
0.070616 0.137839 0.064698
0.026338 0.073014 0.068086
0.011121 0.088132 0.053747
-0.057076 0.072648 -0.013693
0.030762 0.109864 0.032528
0.057478 0.071762 0.010653
0.046057 0.057827 0.053635
0.006611 0.083407 0.051981
-0.028271 0.058085 0.006722
0.028925 0.109156 0.030768
-0.074345 0.140143 -0.049149
0.014579 0.083179 0.048323
-0.044673 0.078125 -0.015542
-0.034049 0.078993 -0.010488
0.019884 0.112937 0.039390
0.026881 0.083463 0.066042
0.000169 0.186722 -0.029679
0.054936 0.079982 0.015950
0.020260 0.137557 0.018866
0.052441 0.077898 0.059750
-0.048248 0.078483 -0.015098
-0.039084 0.086922 -0.017359
0.050483 0.077757 0.063631
-0.048834 0.079721 -0.021181
0.054509 0.086042 0.059070
-0.043731 0.083297 -0.016291
-0.041656 0.081003 -0.013548
0.053247 0.074070 0.024827
-0.038786 0.082113 -0.012971
-0.059385 0.171091 -0.047775
0.014521 0.123463 0.006859
-0.034947 0.081942 -0.012841
-0.007945 0.174612 -0.036052
-0.031768 0.102778 -0.033954
0.033892 0.112823 0.035737
0.060832 0.143142 0.060747
0.002158 0.087008 0.050599
-0.015142 0.188530 -0.038961
-0.072175 0.150829 -0.053695
0.050892 0.092969 0.068225
0.015749 0.087728 0.049032
0.016237 0.086515 0.044672
0.022819 0.054110 0.054268
-0.003931 0.092886 -0.000231
-0.020522 0.118682 -0.031264
0.051954 0.070968 0.047722
-0.050889 0.083361 -0.024049
-0.008211 0.146948 -0.024837
0.003215 0.058168 0.045500
-0.039149 0.084460 -0.015061
-0.060675 0.151849 -0.049836
0.040312 0.054495 0.053116
0.002758 0.089304 0.051361
-0.008258 0.191310 -0.039395
-0.023362 0.137776 -0.027987
-0.024081 0.063247 0.006873
0.036571 0.092662 0.068955
-0.013285 0.187690 -0.037958
0.014388 0.088588 0.052277
0.053397 0.092077 0.065972
0.016277 0.108354 0.044306
0.055129 0.093041 0.063709
-0.040461 0.118247 -0.034622
0.007872 0.138255 0.006692
-0.050644 0.087665 -0.024310
0.000350 0.179802 -0.031784
0.019107 0.149957 0.015929
-0.048202 0.088059 -0.021925
-0.000151 0.173975 -0.013513
-0.018050 0.172734 -0.022504
0.008053 0.140898 0.006064
-0.042608 0.121257 -0.037353
-0.039148 0.097856 -0.030570
0.016190 0.133013 0.012952
-0.043679 0.086955 -0.017958
-0.042021 0.165753 -0.033751
0.059009 0.107711 0.056993
0.003158 0.092576 0.051953
0.007939 0.057768 0.040318
0.006078 0.093127 0.053074
0.061561 0.113951 0.049553
0.016999 0.092731 0.049860
-0.043779 0.091669 -0.022431
-0.038153 0.117424 -0.033186
0.014128 0.131047 0.010969
-0.043839 0.089375 -0.019955
-0.043882 0.167136 -0.035554
0.060098 0.108382 0.054799
-0.035871 0.086410 -0.017603
-0.038638 0.112841 -0.032746
0.053468 0.094508 0.066097
0.063074 0.146717 0.064689
-0.006962 0.091204 -0.001152
-0.055663 0.180836 -0.059103
0.035872 0.114149 0.037081
-0.000052 0.093505 0.000068
0.041094 0.097962 0.067987
0.050885 0.097959 0.067437
-0.063468 0.152082 -0.050219
0.052809 0.123608 0.049963
0.053471 0.096932 0.066103
-0.046904 0.100921 -0.033631
0.055502 0.097829 0.063580
-0.044423 0.095630 -0.028150
-0.026790 0.071420 0.002763
-0.048848 0.093291 -0.026161
0.057386 0.147158 0.055487
-0.047563 0.091304 -0.023070
0.056252 0.127477 0.049625
-0.039686 0.093219 -0.026554
0.006077 0.097742 0.051917
0.020484 0.148076 0.017938
-0.039911 0.091198 -0.022939
-0.043714 0.117717 -0.036948
-0.000784 0.127146 -0.001141
0.011071 0.097874 0.052973
0.017743 0.097745 0.049963
0.031443 0.123245 0.033945
0.018923 0.098974 0.048066
0.053229 0.099519 0.065930
-0.002946 0.097195 0.000242
0.058293 0.129856 0.051220
-0.030717 0.077242 -0.009521
0.047498 0.112020 0.058644
-0.038310 0.094819 -0.029193
-0.040419 0.169110 -0.034959
0.005660 0.099934 0.051054
0.004690 0.098954 0.000647
0.041644 0.102804 0.064547
-0.042568 0.106963 -0.033352
0.056136 0.118126 0.054210
0.046254 0.101757 0.066928
0.051435 0.103394 0.065250
0.002645 0.164036 -0.043176
-0.014132 0.055901 0.020710
0.057654 0.103302 0.060018
-0.004214 0.122443 -0.004502
0.011527 0.106263 0.046479
-0.043909 0.097894 -0.030941
0.001459 0.132457 0.000375
0.007259 0.127810 0.006716
0.026391 0.067727 0.067996
0.011273 0.100992 0.051586
0.053523 0.147840 0.032207
-0.053499 0.064131 -0.010104
0.014469 0.100859 0.051462
-0.043060 0.174226 -0.038140
0.018824 0.101768 0.047173
-0.038988 0.173305 -0.035813
-0.029945 0.109290 -0.033506
0.013793 0.079308 0.046960
0.059012 0.103155 0.057770
0.045994 0.104104 0.065307
0.006170 0.166345 -0.043642
-0.050317 0.098834 -0.035332
0.059817 0.104509 0.055529
0.005572 0.103278 0.001517
-0.050073 0.063372 -0.010668
0.006730 0.101468 0.000957
0.010382 0.107840 0.001838
0.006174 0.187295 -0.026735
0.007528 0.131502 0.006908
0.003925 0.054737 0.046280
0.020148 0.104579 0.040521
0.051111 0.107647 0.062937
0.057777 0.098150 0.059999
-0.048970 0.102911 -0.036075
-0.026918 0.130853 -0.028922
0.056851 0.108398 0.059611
0.014387 0.121232 0.005766
-0.048289 0.113394 -0.039281
0.009974 0.184461 -0.026795
0.033773 0.117809 0.035791
-0.052303 0.101637 -0.038269
0.056769 0.093419 0.060255
0.015305 0.106307 0.046575
0.036649 0.151190 0.026752
0.019274 0.107557 0.042576
-0.019678 0.068223 0.005475
0.063593 0.120095 0.046194
0.009479 0.104203 0.001375
-0.024286 0.121943 -0.029459
-0.053504 0.103680 -0.041441
-0.030412 0.103821 -0.034480
0.011016 0.104351 0.001041
0.058721 0.111756 0.056549
0.002277 0.183846 -0.028490
0.045930 0.109378 0.060416
0.040764 0.058266 0.058475
0.005966 0.107732 0.002405
0.027933 0.109305 0.030263
0.051040 0.110198 0.060810
-0.028498 0.143582 -0.026609
-0.014728 0.054903 0.020139
0.055185 0.115593 0.056425
-0.044662 0.108395 -0.035056
-0.048260 0.107776 -0.037182
0.060096 0.113000 0.053815
0.013208 0.189899 -0.023911
0.011051 0.123496 0.006806
-0.052227 0.107402 -0.041832
-0.043634 0.102397 -0.032724
0.018912 0.110834 0.041454
0.028209 0.112553 0.030783
0.030924 0.112989 0.033071
-0.026029 0.109650 -0.034476
0.054086 0.062253 0.052560
0.006098 0.112788 0.003487
0.010743 0.112953 0.003074
-0.047597 0.111846 -0.038074
0.036488 0.118176 0.037881
0.013843 0.119238 0.004968
0.056340 0.121933 0.051857
-0.043921 0.113092 -0.035722
-0.071661 0.175750 -0.053292
-0.029013 0.112972 -0.032494
-0.027584 0.061579 0.006492
-0.024619 0.113524 -0.033128
0.038657 0.114746 0.038437
0.059565 0.117534 0.052628
0.032875 0.081795 0.071513
-0.033946 0.108018 -0.032807
0.017122 0.117206 0.038792
0.011114 0.166691 -0.043376
-0.034141 0.122946 -0.031972
0.035484 0.054512 0.057238
0.020015 0.117993 0.037798
0.040734 0.118216 0.039426
-0.058919 0.180857 -0.058062
0.061781 0.118399 0.049030
-0.009403 0.143405 -0.025161
0.031191 0.117796 0.033832
-0.021537 0.114815 -0.033123
0.031632 0.087617 0.068275
0.007028 0.102449 0.050028
-0.029018 0.117879 -0.030880
-0.024038 0.117881 -0.031140
-0.067781 0.169860 -0.049464
-0.019335 0.142983 -0.026002
0.021410 0.120059 0.035708
-0.048976 0.166501 -0.037611
-0.006292 0.145305 -0.025821
0.043957 0.119780 0.039715
-0.004478 0.119267 -0.003555
0.011418 0.143053 0.008934
-0.052524 0.055148 -0.009298
0.041211 0.122701 0.039655
0.044951 0.122951 0.039536
0.058938 0.121186 0.051350
0.018402 0.121083 0.037279
-0.013857 0.178035 -0.035336
-0.078911 0.148193 -0.056719
0.058590 0.064534 0.020111
0.019545 0.121473 0.036503
-0.012782 0.175970 -0.019790
-0.063792 0.147286 -0.047744
0.020271 0.122733 0.034764
0.036770 0.157980 0.015803
0.036528 0.061341 0.065061
0.064164 0.122616 0.045753
-0.001437 0.120051 -0.000141
0.046347 0.106990 0.063032
0.055841 0.124236 0.050472
-0.073206 0.155139 -0.062222
0.006103 0.122758 0.005314
