0.027509 0.193915 -0.011458
0.028603 0.193551 -0.012380
0.022572 0.191190 -0.015370
0.006709 0.192203 -0.039085
0.025445 0.189171 -0.015087
0.024104 0.186910 -0.017859
0.020889 0.187074 -0.018476
0.017462 0.186811 -0.020731
0.015310 0.186296 -0.022825
0.012585 0.185712 -0.025827
0.020787 0.184548 -0.020731
0.019442 0.183176 -0.022929
-0.012031 0.182686 -0.031705
0.003343 0.181946 -0.036714
-0.008976 0.183653 -0.030537
0.015970 0.182755 -0.024496
0.020619 0.182295 -0.048722
0.017452 0.180740 -0.049626
0.014411 0.180553 -0.027915
0.010923 0.181596 -0.029285
0.002025 0.181955 -0.038670
-0.009770 0.181153 -0.032655
-0.012388 0.180982 -0.032791
0.013914 0.179603 -0.030045
0.011577 0.179257 -0.030881
-0.002153 0.176930 -0.037289
0.031760 0.175768 -0.034719
0.016079 0.177608 -0.049668
0.010036 0.177374 -0.034073
0.005819 0.175744 -0.012289
-0.001133 0.175755 -0.022651
-0.002996 0.175755 -0.022913
0.018915 0.174979 -0.048719
0.012915 0.174975 -0.050403
0.003280 0.174998 -0.036812
0.015642 0.174694 -0.049307
0.001297 0.174826 -0.035781
0.012545 0.184054 -0.026091
-0.020981 0.174200 -0.048839
-0.011163 0.174380 -0.034077
0.028066 0.173123 -0.036555
-0.003997 0.173794 -0.023896
0.031016 0.173579 -0.035133
0.016059 0.172632 -0.042800
0.002960 0.187154 -0.039686
0.028557 0.170749 -0.037617
0.025819 0.172294 -0.037815
0.021328 0.172300 -0.040359
0.014646 0.171511 -0.040594
0.011904 0.173377 -0.039335
0.011972 0.170382 -0.031574
0.009896 0.172456 -0.034059
0.007006 0.172687 -0.034269
0.005271 0.170381 -0.031696
0.005816 0.170426 -0.016865
0.005406 0.172820 -0.013689
0.000758 0.170858 -0.017737
-0.001857 0.170795 -0.020635
-0.012753 0.172093 -0.035727
0.013370 0.169592 -0.037390
0.008835 0.169610 -0.032068
0.028690 0.168811 -0.039101
0.007036 0.169322 -0.032056
-0.029469 0.168440 -0.056929
-0.002916 0.167962 -0.023186
-0.034065 0.167119 -0.059298
0.004167 0.168173 -0.020703
0.033776 0.165758 -0.032969
0.030940 0.166403 -0.033566
0.026499 0.166692 -0.035923
0.026025 0.168579 -0.037558
0.016369 0.168251 -0.039168
0.020876 0.062748 0.071091
0.051976 0.062277 0.026966
0.010574 0.175771 -0.038997
0.004070 0.114026 0.041901
0.044841 0.097855 0.032275
0.044060 0.127768 0.049372
0.037181 0.096311 0.042485
0.032423 0.097514 0.046040
0.011154 0.077494 0.082567
0.015247 0.154563 -0.025904
-0.008659 0.097625 0.053837
0.042029 0.126999 0.067323
-0.001139 0.174991 -0.022662
-0.016832 0.097037 0.049468
0.017820 0.125915 0.050004
0.031760 0.069598 0.051862
0.011409 0.097489 0.080485
0.044448 0.092328 0.027898
0.005978 0.062995 0.075387
0.042996 0.091872 0.031754
-0.009096 0.093284 0.054446
-0.014878 0.092976 0.052107
0.037540 0.135328 0.088730
-0.014313 0.170364 -0.037333
-0.017120 0.092861 0.050193
-0.014216 0.097879 0.050846
0.036511 0.127534 0.078338
0.045233 0.132836 0.045953
0.042638 0.088910 0.032065
0.018925 0.158023 -0.036227
0.040575 0.087549 0.034956
0.058629 0.057728 0.017396
0.036336 0.087384 0.037084
0.017475 0.105685 0.078598
0.033123 0.085848 0.038021
-0.011983 0.095857 0.053428
0.037686 0.129172 0.086045
0.043761 0.131983 0.048817
0.030769 0.087988 0.039922
-0.002005 0.167932 -0.021494
0.015696 0.157523 -0.026275
0.027680 0.087122 0.041575
-0.012321 0.088865 0.053630
0.003079 0.086134 0.079942
0.011827 0.087317 0.083571
0.045530 0.083153 0.031310
0.029624 0.058364 0.069007
-0.016699 0.089763 0.051224
0.041646 0.073043 0.040809
0.043644 0.140995 0.043302
0.031030 0.112766 0.074705
0.027703 0.068403 0.066632
0.041461 0.083206 0.036801
-0.005652 0.159446 -0.023928
0.036130 0.081744 0.039099
0.030256 0.082791 0.039032
0.031523 0.091956 0.041864
0.031321 0.054436 0.065765
0.043551 0.095222 0.033422
0.027304 0.082922 0.040356
-0.010400 0.089129 0.054113
0.018890 0.064847 0.073212
0.037921 0.090838 0.037787
-0.012365 0.092956 0.053716
0.046180 0.076000 0.018906
0.020824 0.083026 0.080520
0.026204 0.062989 0.070429
0.025451 0.106746 0.078745
0.016788 0.082405 0.082499
0.039564 0.072276 0.044530
0.019683 0.177762 -0.048561
0.020591 0.154388 0.031935
0.044185 0.142114 0.040891
0.011113 0.082734 0.083556
0.002324 0.082501 0.080251
0.040688 0.077744 0.040290
-0.002085 0.114641 0.043107
0.022435 0.189089 -0.016147
0.036116 0.078204 0.041578
0.036787 0.107346 0.050749
0.030567 0.078168 0.040953
0.036151 0.155620 0.031091
0.044010 0.093353 0.030134
-0.013311 0.165962 -0.035492
0.025169 0.076104 0.073089
0.030702 0.102870 0.075943
0.015923 0.097782 0.082053
0.015966 0.077734 0.081207
0.040422 0.067773 0.045677
0.006103 0.077784 0.082138
0.010550 0.079714 0.083272
0.043133 0.070142 0.038019
-0.002651 0.063555 0.071879
-0.014877 0.054887 0.043709
0.006076 0.058428 0.070878
0.040305 0.141374 0.048486
0.040664 0.062729 0.050576
0.030400 0.115875 0.073658
0.044172 0.098341 0.035397
0.052247 0.059075 0.024465
0.010965 0.167596 -0.030245
0.039089 0.061273 0.054162
0.044210 0.062581 0.045017
0.025983 0.145061 0.048044
-0.012758 0.176156 -0.037136
0.015894 0.087979 0.083641
0.043081 0.078097 0.037672
-0.014048 0.157639 -0.036184
0.053689 0.066204 0.018502
0.001153 0.177865 -0.037994
0.022986 0.081479 0.077606
0.026635 0.108725 0.077674
0.057487 0.056442 0.017314
0.048666 0.070440 0.033258
-0.004620 0.099621 0.052841
0.014802 0.083441 0.083466
0.032649 0.140730 0.082683
0.024032 0.073721 0.074035
0.018931 0.173054 -0.042026
0.027024 0.115774 0.073595
0.048853 0.076166 0.015629
0.014428 0.167235 -0.028853
0.025091 0.072789 0.048529
0.021201 0.092733 0.082291
-0.000362 0.071216 0.077543
-0.000910 0.114996 0.043144
0.055165 0.058864 0.023762
0.002654 0.069325 0.078688
0.016900 0.107048 0.076698
0.035710 0.152594 0.045568
0.012167 0.060883 0.072810
0.019783 0.078387 0.079315
0.037669 0.111892 0.052370
0.029988 0.162166 0.023173
0.002105 0.058890 0.070421
0.058923 0.059616 0.021169
0.009520 0.193512 -0.038370
0.031160 0.122353 0.070033
0.044203 0.059651 0.045845
0.036235 0.073224 0.046055
0.040845 0.112852 0.050395
0.035192 0.070949 0.049131
0.000644 0.176364 -0.036319
0.052806 0.069424 0.017740
0.046827 0.068343 0.036491
0.041114 0.092715 0.035802
0.036474 0.054502 0.060600
0.045815 0.063736 0.041231
0.027747 0.144577 0.049149
0.031097 0.073648 0.046030
0.045272 0.072059 0.034779
0.015775 0.058821 0.069548
0.026156 0.148012 0.045702
0.007784 0.196126 -0.037889
0.043462 0.145503 0.038644
0.011068 0.154877 -0.027508
0.015924 0.056588 0.066631
0.050444 0.070629 0.018794
0.047057 0.073804 0.020178
0.027627 0.145783 0.048418
0.043321 0.058751 0.048043
0.043727 0.145863 0.035502
0.037682 0.064692 0.052392
0.006091 0.068779 0.079256
0.039475 0.094204 0.039157
0.034104 0.054825 0.063889
0.005753 0.054393 0.065850
0.025255 0.067980 0.069941
0.006133 0.177460 -0.035295
0.038697 0.150761 0.038720
0.026666 0.073431 0.046080
0.018806 0.092120 0.083233
0.056673 0.057674 0.022489
0.016246 0.061762 0.072099
0.046383 0.073098 0.032128
0.016373 0.092239 0.083444
0.017083 0.053792 0.061817
0.043626 0.065725 0.043781
0.044213 0.082310 0.034558
0.054552 0.067941 0.016626
-0.014755 0.084128 0.050930
0.030973 0.093889 0.043926
0.006025 0.066333 0.077775
0.028177 0.072913 0.063126
0.042562 0.096591 0.037023
0.037765 0.058516 0.057388
-0.007069 0.172695 -0.026403
0.045519 0.137805 0.041635
0.038443 0.145584 0.083226
0.008295 0.095956 0.078957
0.038778 0.125302 0.076205
0.009615 0.088631 0.082889
-0.005738 0.097727 0.053650
0.019021 0.054031 0.060536
0.055449 0.062566 0.024867
0.039657 0.057693 0.055086
0.013077 0.091103 0.083311
0.006080 0.082843 0.082357
0.042591 0.063724 0.046970
0.015557 0.073252 0.079468
-0.004577 0.182668 -0.028940
-0.018647 0.171787 -0.044091
0.031796 0.057903 0.066882
0.032445 0.067343 0.055419
0.032875 0.102748 0.071957
0.040989 0.054993 0.052607
0.039182 0.118511 0.066517
0.011456 0.054169 0.065828
0.039492 0.054673 0.055646
0.010958 0.092840 0.082133
0.008415 0.083092 0.083240
0.034216 0.149999 0.075781
0.035504 0.075750 0.043679
0.002783 0.121364 0.041542
0.048659 0.064848 0.033785
0.020820 0.059256 0.068887
0.015808 0.158245 -0.026947
0.044475 0.077831 0.035251
0.054790 0.064861 0.017758
0.041863 0.058280 0.051238
0.020993 0.072757 0.075926
0.037254 0.149070 0.045409
0.010940 0.058336 0.070465
0.029042 0.061573 0.069073
0.039913 0.130350 0.082769
0.011029 0.072953 0.081002
0.006920 0.092233 0.079854
0.026150 0.075995 0.043847
0.026311 0.057930 0.069420
0.031208 0.071145 0.049442
0.032669 0.158276 0.039059
0.001345 0.117908 0.042653
0.038189 0.070046 0.047826
0.000948 0.057351 0.067575
0.030953 0.062821 0.065831
0.046087 0.105730 0.037312
0.039414 0.128068 0.075564
0.052748 0.066436 0.027052
0.035706 0.084092 0.037518
0.031837 0.159733 0.031472
0.020790 0.167887 -0.039035
0.040495 0.140863 0.077353
0.011102 0.055764 0.067618
0.031069 0.161043 0.031539
0.032493 0.064398 0.061787
0.031736 0.098844 0.072455
0.020952 0.097779 0.082194
0.050062 0.072451 0.016721
0.035827 0.117839 0.070134
-0.002340 0.067721 0.074871
0.000771 0.067525 0.076774
0.026590 0.072057 0.065624
-0.000572 0.164590 -0.017686
0.021189 0.055070 0.065210
0.041864 0.136639 0.075989
0.022376 0.066812 0.072266
-0.010840 0.178531 -0.035151
-0.002690 0.112061 0.044400
0.010646 0.069074 0.079138
0.049307 0.071416 0.032013
0.033722 0.061047 0.063475
0.015601 0.165997 -0.035812
0.029908 0.098006 0.075865
0.034006 0.151213 0.075410
0.032142 0.075795 0.043642
0.028191 0.195430 -0.011482
0.031193 0.118314 0.071971
0.020386 0.057133 0.066781
0.050308 0.063737 0.029886
-0.008832 0.102537 0.051058
0.038182 0.054461 0.057840
-0.001993 0.071754 0.076529
0.021768 0.077529 0.076962
0.002210 0.054711 0.064788
0.025798 0.097938 0.080052
0.042305 0.132325 0.071300
0.027620 0.092546 0.076911
0.010825 0.063202 0.075000
0.047808 0.062962 0.031062
0.002316 0.172033 -0.015540
0.000177 0.061384 0.072689
0.020386 0.068181 0.074314
0.029475 0.067281 0.064529
0.009813 0.196597 -0.037518
0.045851 0.074155 0.024227
0.015265 0.094242 0.083029
0.043784 0.146775 0.032780
0.045789 0.078943 0.031323
0.057443 0.063470 0.022121
0.043121 0.072872 0.037032
0.031048 0.067800 0.061380
0.021016 0.087903 0.081815
0.048111 0.073887 0.017742
0.005484 0.188126 -0.039479
0.047423 0.076877 0.016740
0.015051 0.054521 0.064537
0.025235 0.055664 0.067766
0.028654 0.070871 0.063457
0.043602 0.085965 0.033505
0.039125 0.065966 0.048930
0.023467 0.163417 -0.036805
0.044986 0.067136 0.040375
0.010147 0.099331 0.078151
0.034818 0.151660 0.049080
-0.012904 0.178312 -0.035026
0.017871 0.086546 0.083012
0.006078 0.087811 0.081263
0.047624 0.064685 0.036611
0.014182 0.069895 0.078400
0.039842 0.081378 0.038856
0.001452 0.077698 0.079979
0.016040 0.067732 0.076192
0.027068 0.078179 0.041697
0.048925 0.067433 0.034145
0.015446 0.064091 0.074018
0.017839 0.184655 -0.021312
0.050635 0.067678 0.031252
0.029084 0.162394 0.023639
0.042217 0.068968 0.041264
-0.007204 0.170903 -0.028002
0.044370 0.137334 0.045003
0.036364 0.057807 0.060854
0.040903 0.097966 0.040671
0.006003 0.072977 0.080952
-0.014126 0.154962 -0.036334
0.043061 0.111721 0.047783
-0.000975 0.158877 -0.018085
0.051935 0.068179 0.019938
-0.007636 0.157634 -0.026521
0.040367 0.122793 0.066888
0.024555 0.078107 0.074841
0.005060 0.122110 0.039925
0.026032 0.054321 0.066965
-0.010367 0.105018 0.047579
-0.015317 0.056047 0.043776
-0.010278 0.099484 0.052818
0.029376 0.071586 0.062186
0.034332 0.057559 0.064338
0.039162 0.099549 0.043930
0.011322 0.100702 0.078187
0.012578 0.101204 0.079041
0.029042 0.094152 0.075133
0.022908 0.155410 0.032595
-0.015343 0.167804 -0.038324
0.016296 0.102498 0.080093
0.021087 0.102914 0.080774
-0.013309 0.102113 0.049187
0.017138 0.151310 0.034224
-0.004046 0.102804 0.051009
0.005995 0.055838 0.067672
0.033160 0.100853 0.048534
0.036507 0.101806 0.047241
0.001472 0.063430 0.074669
0.027645 0.122605 0.067796
-0.028847 0.163816 -0.053364
0.035373 0.103503 0.049197
0.040012 0.152025 0.031073
0.034807 0.062387 0.060419
0.040621 0.103285 0.045268
0.036792 0.063074 0.056021
0.042678 0.101946 0.041967
0.044228 0.103347 0.039977
0.045152 0.102224 0.036424
0.012905 0.176923 -0.051035
0.033733 0.104405 0.070149
0.026924 0.120921 0.069067
0.045671 0.101449 0.032646
-0.008249 0.167773 -0.029150
0.014551 0.104332 0.077772
-0.001134 0.104506 0.048818
0.017743 0.124490 0.049871
0.044879 0.142743 0.036500
-0.011948 0.104683 0.047862
0.033231 0.106614 0.073053
0.004858 0.117804 0.040856
0.034570 0.108124 0.070923
-0.009467 0.106020 0.046685
-0.003853 0.106153 0.048943
-0.004507 0.176539 -0.035084
0.000272 0.108467 0.046447
0.036520 0.068090 0.050776
0.041997 0.107503 0.046716
0.044198 0.108493 0.044394
-0.024357 0.162818 -0.048961
0.039012 0.129449 0.084612
0.045515 0.107715 0.040830
0.035835 0.108788 0.067984
0.002000 0.116071 0.043405
0.031187 0.158779 0.037594
-0.007117 0.177780 -0.030384
0.026147 0.112732 0.075714
0.033441 0.110758 0.073421
0.035270 0.112767 0.070822
0.001168 0.167680 -0.020351
0.006056 0.123765 0.037733
0.037368 0.113288 0.067403
0.038470 0.115276 0.066018
0.044567 0.087292 0.030604
0.021848 0.113850 0.072601
0.000842 0.165866 -0.016411
0.001224 0.112807 0.044275
0.034386 0.156297 0.043921
-0.027269 0.165619 -0.051099
0.044945 0.113107 0.045667
0.039199 0.132535 0.084704
0.046517 0.112413 0.041203
0.047206 0.117949 0.041729
0.033242 0.114181 0.073071
0.037547 0.113365 0.053222
0.023087 0.116009 0.071457
0.038155 0.116718 0.067495
0.025995 0.117965 0.071120
0.043706 0.115045 0.048474
0.041357 0.117680 0.051525
0.034408 0.140039 0.082731
-0.001695 0.115683 0.042758
0.036062 0.122579 0.069737
0.024964 0.082918 0.075850
0.021321 0.106645 0.078986
0.039326 0.117924 0.053306
0.036982 0.139689 0.086042
0.044102 0.118354 0.049104
0.040390 0.133406 0.080998
0.045800 0.117924 0.045824
0.041213 0.133001 0.075176
-0.005864 0.170777 -0.027442
0.007793 0.158442 -0.027985
0.023564 0.084517 0.078651
0.038578 0.120201 0.068238
0.024490 0.088157 0.079368
0.021551 0.111567 0.075067
0.039159 0.123878 0.068921
0.042082 0.122888 0.051976
0.044112 0.123065 0.049538
-0.007112 0.105677 0.048796
-0.015518 0.162174 -0.037628
0.046026 0.122922 0.046163
-0.005346 0.178067 -0.030276
0.007598 0.162776 -0.029341
-0.013007 0.164099 -0.034227
0.047260 0.122729 0.041999
0.005334 0.163939 -0.012317
0.028024 0.104805 0.078113
0.019045 0.124514 0.050639
0.028140 0.065080 0.068143
0.037581 0.125110 0.077484
0.047262 0.127648 0.042438
0.037518 0.126841 0.078015
0.046640 0.132861 0.042262
0.019028 0.126288 0.050605
0.045931 0.127964 0.046145
0.037311 0.132752 0.085474
0.034310 0.157884 0.036340
0.011454 0.066731 0.077374
0.042903 0.133114 0.049668
0.046686 0.134266 0.037138
0.037297 0.137401 0.089549
0.039094 0.137396 0.088915
0.039825 0.137984 0.085499
0.040967 0.137881 0.080896
0.042450 0.135668 0.073009
0.025956 0.102728 0.079567
0.041890 0.137720 0.048851
0.046238 0.137597 0.036921
0.020794 0.109008 0.077215
0.032811 0.140024 0.081952
-0.020034 0.163235 -0.044309
0.037103 0.141771 0.082827
0.035977 0.143217 0.084493
-0.007165 0.186047 -0.029162
-0.027243 0.164056 -0.051443
0.039466 0.142332 0.080938
0.025865 0.163452 -0.035636
-0.022434 0.166055 -0.045201
0.023738 0.114850 0.072603
0.041257 0.142939 0.045838
0.042714 0.144246 0.041560
0.038460 0.144892 0.083255
0.032680 0.146248 0.087436
0.059042 0.061925 0.021387
0.036150 0.146928 0.086707
0.029074 0.148411 0.045547
0.001517 0.159643 -0.015511
0.026217 0.087659 0.076347
0.040445 0.121075 0.053246
0.036882 0.148079 0.049842
0.022611 0.148067 0.044036
0.008267 0.183069 -0.031526
0.032503 0.083539 0.037919
0.039271 0.146536 0.044992
0.026441 0.191810 -0.013009
0.005656 0.181970 -0.034524
0.040887 0.147617 0.040658
0.003923 0.184657 -0.037872
0.042061 0.148359 0.035522
-0.001204 0.105779 0.048519
0.005974 0.162540 -0.011449
0.032819 0.148501 0.088800
0.015812 0.160969 -0.026433
0.034509 0.148820 0.088602
0.040904 0.128006 0.070470
-0.006323 0.094951 0.053907
0.025374 0.092949 0.079858
0.032004 0.149536 0.076432
0.021519 0.149178 0.042170
0.042156 0.149464 0.031533
0.028198 0.095895 0.077914
0.016854 0.149111 0.036121
-0.002996 0.157752 -0.020124
0.038292 0.149666 0.042635
0.034240 0.150481 0.088521
-0.003582 0.108707 0.046972
0.032279 0.151693 0.075825
0.030919 0.107913 0.075637
0.021520 0.152688 0.036310
0.036526 0.152673 0.040356
0.022055 0.150903 0.039627
0.042806 0.127923 0.051076
0.037292 0.153324 0.035831
-0.004498 0.186083 -0.028536
0.026284 0.151913 0.040682
0.030080 0.152927 0.042030
-0.014522 0.087666 0.052214
0.039624 0.151179 0.036236
0.042667 0.138646 0.046948
0.018191 0.153455 0.030978
0.025200 0.154224 0.035207
0.033059 0.154222 0.043995
0.037587 0.154245 0.032785
0.034550 0.089203 0.038715
0.032688 0.143212 0.085052
0.013019 0.154351 -0.026583
0.024177 0.155829 0.031946
0.026033 0.155442 0.034115
0.032686 0.156360 0.043833
0.043277 0.135098 0.048014
0.034742 0.156788 0.041384
0.036323 0.155314 0.028002
0.053871 0.070662 0.015813
-0.015333 0.154952 -0.037010
0.036054 0.156037 0.028038
0.034696 0.066487 0.054782
0.054426 0.065699 0.024941
0.039871 0.108331 0.049281
-0.015453 0.157505 -0.037062
0.034114 0.095206 0.043303
0.010653 0.157809 -0.028069
0.035997 0.092955 0.040589
0.012925 0.155859 -0.026770
-0.006035 0.168476 -0.027773
0.028507 0.144371 0.048962
0.017717 0.158175 -0.034684
-0.008483 0.158641 -0.027632
0.001557 0.073131 0.079461
0.020725 0.159512 -0.037164
-0.009821 0.161935 -0.030106
-0.005183 0.162317 -0.024589
0.024583 0.072092 0.071376
0.001984 0.162288 -0.014287
0.035768 0.098333 0.044968
0.010802 0.162729 -0.029124
0.016663 0.162913 -0.035623
0.027999 0.162176 0.023770
0.014920 0.163325 -0.027864
0.020741 0.162976 -0.037631
0.031270 0.163303 -0.032963
0.017611 0.163895 -0.037399
0.034180 0.163553 -0.032810
-0.011294 0.163448 -0.033034
0.033463 0.109728 0.073460
-0.006942 0.163505 -0.026119
0.017409 0.071551 0.077670
-0.022184 0.164624 -0.046083
-0.029240 0.166855 -0.055386
-0.025129 0.165640 -0.048428
-0.019877 0.168867 -0.044798
-0.017930 0.166582 -0.039846
0.006331 0.167375 -0.030923
