0.024647 0.196534 -0.030505
0.024210 0.194429 -0.030957
0.031796 0.191525 -0.002517
0.024366 0.192283 -0.032847
0.021224 0.190976 -0.033558
0.029804 0.188944 -0.004035
0.023073 0.188808 -0.033801
0.030465 0.185591 -0.012028
0.029352 0.186483 -0.008175
0.026079 0.184825 -0.010991
0.005136 0.184539 -0.029897
0.039258 0.182873 -0.035885
0.027537 0.181404 -0.018159
0.025329 0.181227 -0.017631
0.008452 0.182816 -0.028143
0.041041 0.180610 -0.041924
0.026982 0.180331 -0.021224
0.025432 0.180201 -0.020671
0.036617 0.179243 -0.036480
0.027123 0.179730 -0.023694
0.002186 0.179881 -0.035302
0.011664 0.178086 -0.036728
0.038141 0.178815 -0.035987
0.040011 0.177800 -0.043920
0.036190 0.177094 -0.036827
0.027996 0.176105 -0.034743
0.020958 0.176954 -0.029096
0.008099 0.178506 -0.030052
0.006344 0.177989 -0.029866
0.007933 0.175753 -0.021203
0.037748 0.174998 -0.037083
0.031016 0.174998 -0.036694
0.041467 0.172702 -0.021098
0.012003 0.173387 -0.010061
0.010505 0.173373 -0.009263
0.006306 0.185992 -0.028672
0.034889 0.171464 -0.029108
0.032171 0.172559 -0.033628
0.018962 0.173126 -0.029522
0.014603 0.173166 -0.029217
0.013717 0.170839 -0.024931
0.012307 0.170987 -0.013652
0.010502 0.170817 -0.012650
0.009637 0.169668 -0.016083
0.018440 0.169628 -0.027155
0.015661 0.169683 -0.027206
0.043966 0.167714 -0.026816
0.042716 0.168279 -0.025166
0.040639 0.166225 -0.019856
0.039624 0.168208 -0.023595
0.033540 0.168088 -0.028794
0.029376 0.168359 -0.028714
0.040176 0.185802 -0.036318
0.025886 0.168321 -0.023673
0.012403 0.167503 -0.014925
0.011461 0.165899 -0.011307
0.037779 0.163153 -0.022658
0.032910 0.163460 -0.027190
0.044128 0.160636 -0.022195
0.028024 0.171681 -0.030660
0.044112 0.162786 -0.018145
0.034591 0.161779 -0.025590
0.027095 0.161676 -0.020411
0.019327 0.163317 -0.024147
0.041901 0.159730 -0.021341
0.011308 0.159851 -0.010450
0.018560 0.161695 0.032782
0.015775 0.161368 0.041959
0.040140 0.159430 -0.020826
0.021853 0.159338 -0.022169
0.021312 0.159339 -0.022098
0.008900 0.159188 -0.015454
0.016149 0.159778 0.042339
0.042861 0.158767 -0.024163
0.020633 0.159185 0.024471
0.019786 0.158977 0.032336
0.029363 0.157896 -0.023776
0.009323 0.157154 -0.017677
0.020347 0.157823 0.036908
0.009100 0.155239 -0.017681
0.015966 0.158581 0.047708
0.041380 0.154796 -0.027171
0.024920 0.156000 0.033290
0.022502 0.155865 0.039673
0.017817 0.156969 0.045510
0.015200 0.157180 0.050532
0.025679 0.154785 -0.016719
0.038651 0.177170 -0.037242
0.025942 0.153761 -0.016339
0.021567 0.154904 0.042546
0.043159 0.151631 -0.020321
0.040781 0.151962 -0.020687
0.039044 0.153784 -0.023325
0.019776 0.154054 0.046577
0.037991 0.149870 -0.023925
0.015804 0.153793 0.052274
0.043078 0.149670 -0.019705
0.017091 0.150820 0.053820
0.014217 0.152657 0.055958
0.012535 0.151420 0.058844
0.011384 0.151931 0.059019
0.005298 0.150779 0.049828
0.040229 0.162330 -0.019766
-0.000402 0.151266 0.082567
-0.003257 0.150466 0.094395
0.031095 0.149099 -0.024778
0.032540 0.148950 -0.025957
0.005004 0.149370 0.050838
0.032090 0.146586 0.025893
0.000374 0.148541 0.083861
0.030519 0.147711 0.035930
0.041538 0.156108 -0.027014
0.028928 0.147789 0.041033
0.039356 0.157204 -0.023470
0.027467 0.146992 0.045490
0.023864 0.147719 0.050697
0.018835 0.147519 0.055244
0.013539 0.147591 0.060415
0.010877 0.147434 0.062166
-0.004698 0.148181 0.094524
0.044006 0.163444 -0.016246
0.033560 0.144578 -0.030248
0.006813 0.145461 0.074868
0.005166 0.146968 0.075888
0.003058 0.146651 0.085345
-0.000006 0.147135 0.091659
-0.002334 0.147866 0.094109
-0.004552 0.145667 0.093202
0.035930 0.142982 -0.037277
0.033698 0.139807 -0.033571
0.031558 0.142468 0.033202
0.028827 0.152205 0.030019
0.031736 0.140320 0.033537
0.013240 0.167634 -0.018833
0.030117 0.142809 0.040840
0.044908 0.057543 0.041315
0.031660 0.085955 0.033374
-0.010059 0.097356 0.083468
0.037691 0.091536 -0.057959
0.028698 0.162520 -0.024603
0.031265 0.088123 0.036246
-0.010693 0.097965 0.083764
0.014201 0.088596 0.049176
-0.020829 0.092790 0.081474
0.036910 0.081534 -0.016359
0.042642 0.171083 -0.024108
0.028631 0.087463 0.045659
0.015464 0.163528 -0.023404
0.018216 0.086423 0.048397
0.008913 0.088146 0.049749
0.031366 0.085292 0.033903
0.010706 0.085862 0.048388
0.004465 0.087898 0.051163
0.002770 0.103763 0.076476
0.014210 0.132820 0.065555
0.032577 0.082934 -0.009484
0.031453 0.126416 0.017946
0.009708 0.181150 -0.032026
0.031784 0.084479 0.032525
0.007281 0.084918 0.048875
0.032132 0.079295 -0.010959
0.038441 0.078016 -0.017347
0.011053 0.138252 0.067094
0.034311 0.078026 -0.013798
0.023706 0.086686 0.048927
0.031600 0.076376 -0.012007
0.031394 0.082860 0.042752
0.039367 0.075998 -0.041374
0.029546 0.082913 0.046354
0.014271 0.086070 0.048360
0.027355 0.082153 0.049101
0.011993 0.158000 -0.017293
0.015654 0.081428 0.050295
0.014622 0.143368 0.061429
0.032645 0.142295 0.025437
0.038873 0.090038 -0.057539
0.000691 0.081970 0.049108
0.037479 0.074621 -0.015797
0.033702 0.152774 -0.025404
0.005584 0.124003 0.078983
0.019134 0.157717 0.040672
0.012161 0.079889 0.048362
0.044877 0.063213 0.042259
0.019266 0.088127 0.048951
0.024316 0.082939 0.050466
0.018300 0.066056 0.059129
0.025505 0.133493 0.056971
0.031545 0.074500 -0.012685
0.001155 0.127004 0.086635
-0.010434 0.101271 0.083653
0.029575 0.128298 0.047844
0.007659 0.141908 0.081080
0.040709 0.071940 -0.022291
0.038507 0.077205 0.032928
0.019114 0.079123 0.052790
0.014706 0.176496 -0.033215
-0.006022 0.082541 0.077509
0.014055 0.054581 0.065875
-0.004206 0.078810 0.052834
0.000768 0.133433 0.092790
0.042841 0.069732 -0.021751
0.019190 0.113002 0.061544
0.023587 0.127536 0.060347
0.040223 0.077519 -0.044591
0.005742 0.079816 0.048286
0.020941 0.188642 -0.033906
0.033613 0.157701 -0.025349
-0.024844 0.058844 0.067519
0.015066 0.076116 0.054116
0.008736 0.117933 0.076032
0.003984 0.077583 0.049926
-0.029583 0.073012 0.074734
-0.000571 0.143098 0.091586
0.031551 0.084882 0.033169
0.041174 0.078711 -0.047342
0.038050 0.083114 -0.017858
0.031133 0.143024 0.036755
0.032095 0.129278 0.019499
0.008712 0.054402 0.069883
0.030455 0.074680 0.041367
0.043804 0.173670 -0.019371
0.030663 0.164083 -0.027143
0.029910 0.088754 0.041027
0.031096 0.107435 0.007868
0.032082 0.093576 -0.000619
0.027380 0.078385 0.049324
0.027401 0.154561 -0.018700
-0.011008 0.078299 0.079217
-0.024811 0.078158 0.079424
0.014013 0.104387 0.059296
0.006823 0.110091 0.073888
0.042472 0.068210 -0.020596
0.014152 0.118049 0.064508
0.038798 0.145200 -0.030334
0.040419 0.068473 -0.019486
0.004537 0.074110 0.052600
-0.025727 0.062894 0.070927
0.010355 0.070704 0.059032
0.037274 0.077429 -0.015920
0.031613 0.077491 0.033286
0.033634 0.072786 0.040577
0.025727 0.148920 0.046837
0.022143 0.073232 0.053713
0.027474 0.122837 0.055321
0.024064 0.170975 -0.025266
-0.005123 0.088142 0.077208
0.006311 0.144805 0.077542
0.035793 0.091863 -0.016845
-0.023905 0.074338 0.078748
0.034639 0.076648 0.035121
-0.016240 0.074048 0.078995
0.017152 0.085020 0.048349
0.022321 0.099691 0.053990
0.039884 0.073396 -0.040427
0.010562 0.137784 0.077053
0.017022 0.161816 0.033624
-0.004830 0.071941 0.071514
0.004133 0.062785 0.070990
0.043535 0.068015 0.036707
-0.020797 0.071465 0.077964
0.040410 0.069548 0.037851
0.031159 0.095494 0.037307
0.000788 0.140177 0.092963
-0.002830 0.075646 0.053827
0.019389 0.076651 0.054113
-0.014261 0.106558 0.080133
-0.010981 0.061710 0.072523
0.043145 0.070970 0.035662
0.024556 0.138193 0.056259
0.024445 0.107817 0.056228
0.030306 0.137910 0.041351
0.047120 0.056907 0.037869
0.011605 0.134546 0.077212
0.019467 0.082778 0.050730
0.024413 0.097721 0.051209
-0.000901 0.102970 0.080590
0.046290 0.056079 0.038042
0.014192 0.057890 0.065924
0.030610 0.077591 0.041273
0.038893 0.067966 0.040125
0.018116 0.122778 0.064059
0.000509 0.072935 0.068283
-0.000212 0.137559 0.096151
0.008038 0.186034 -0.027677
0.028724 0.074060 0.046308
0.002068 0.070605 0.068559
-0.015844 0.059036 0.069829
0.007693 0.137696 0.085386
-0.004418 0.117320 0.077775
0.029386 0.077920 0.046256
-0.009526 0.076069 0.078338
0.041831 0.082424 -0.051947
0.040042 0.171291 -0.023318
0.025324 0.157826 -0.017909
0.030145 0.108897 0.009384
0.031406 0.191219 -0.002145
0.032476 0.071213 0.049228
0.029829 0.153101 -0.023532
0.038572 0.066332 0.045143
0.042668 0.156831 -0.027597
-0.015681 0.077635 0.080354
0.025604 0.092120 0.047399
0.019050 0.098651 0.054956
0.017608 0.161121 0.040533
0.013597 0.083350 0.048011
0.013669 0.062063 0.064728
-0.012662 0.089928 0.083546
-0.000768 0.077814 0.051219
0.021439 0.140042 0.058273
0.011374 0.054440 0.068160
0.014352 0.078257 0.052047
0.025956 0.128199 0.057654
0.004983 0.058177 0.072580
-0.015665 0.054513 0.065132
0.005582 0.068594 0.060978
0.030197 0.175770 -0.036603
0.042151 0.071095 -0.022205
0.034487 0.096600 -0.008564
-0.010546 0.087851 0.082460
-0.004818 0.069620 0.073132
0.034698 0.087697 -0.015932
0.005908 0.132500 0.086998
0.017033 0.054954 0.062864
0.007594 0.074305 0.051508
-0.002930 0.066088 0.073740
-0.020675 0.077693 0.080442
-0.025272 0.082985 0.079816
-0.014989 0.092781 0.083707
0.043958 0.064763 0.029605
0.020267 0.149422 0.052420
0.016523 0.069416 0.058418
-0.027807 0.082397 0.077976
-0.015903 0.061923 0.072333
0.006227 0.157986 -0.018423
0.027090 0.132615 0.054545
-0.029471 0.067682 0.072267
0.011151 0.137419 0.073363
-0.000613 0.058270 0.074743
0.013017 0.162901 -0.013846
0.024554 0.063026 0.056458
-0.000219 0.098132 0.077402
-0.006709 0.077796 0.076765
-0.024955 0.087812 0.079682
0.007530 0.061996 0.069207
-0.001470 0.062467 0.074414
-0.014951 0.089872 0.083555
0.011299 0.126936 0.077970
0.043163 0.059078 0.044090
-0.020275 0.064643 0.073873
0.002632 0.057712 0.073875
-0.004389 0.055994 0.073457
0.009178 0.079746 0.048288
-0.029343 0.077692 0.076287
0.010615 0.058704 0.067842
-0.000557 0.055325 0.073596
0.019170 0.062828 0.060908
-0.025271 0.091816 0.078374
0.020047 0.143808 0.057356
0.030270 0.192832 0.000094
0.033541 0.071698 0.046256
0.019516 0.102766 0.057094
0.034694 0.105932 -0.003561
0.039778 0.058998 0.044272
-0.020558 0.057060 0.066829
0.000560 0.063850 0.072660
0.008637 0.057562 0.070238
-0.023348 0.064883 0.073624
0.002038 0.146054 0.089210
-0.010501 0.058797 0.070186
0.003045 0.142715 0.089930
0.034685 0.082941 -0.014411
-0.015868 0.087640 0.083199
0.017995 0.176381 -0.032290
-0.010622 0.067810 0.075780
0.006194 0.143993 0.082305
-0.010822 0.083070 0.080833
0.041856 0.155081 -0.028290
0.002032 0.137441 0.094072
-0.004457 0.058568 0.074549
0.008832 0.077321 0.049667
0.026383 0.186310 -0.007907
0.037710 0.076400 0.034143
-0.019532 0.054689 0.064563
-0.026880 0.066186 0.072922
0.034051 0.150574 -0.026587
0.003404 0.124631 0.085445
0.009705 0.072458 0.056613
0.044829 0.059751 -0.027345
-0.006105 0.067506 0.074352
0.003533 0.133003 0.090856
0.039299 0.081296 -0.046358
0.028091 0.093260 0.045127
0.010010 0.167724 -0.017992
0.041954 0.080966 -0.051083
-0.011452 0.056579 0.067170
-0.024416 0.092101 0.078955
-0.015543 0.056785 0.067527
0.023507 0.151920 0.045437
0.016572 0.095859 0.053450
0.021904 0.076330 0.053666
0.034231 0.147597 -0.028392
0.023433 0.117945 0.060085
0.017112 0.057992 0.063854
0.026429 0.164874 -0.022271
0.032312 0.103349 0.004618
0.019317 0.167245 -0.025525
-0.027088 0.077398 0.077863
0.045578 0.055193 0.037577
0.022309 0.109644 0.058809
0.026834 0.136183 0.053887
0.013987 0.163492 -0.018796
0.022119 0.062090 0.059034
0.034795 0.063064 0.046944
0.040785 0.185806 -0.036830
0.024869 0.167155 -0.020740
-0.007317 0.083287 0.079091
0.029259 0.071828 0.050018
0.032137 0.085161 -0.006385
0.039278 0.063187 0.045656
0.025058 0.178887 -0.024111
0.032897 0.108051 0.005779
0.016446 0.054657 0.063356
0.003741 0.072039 0.054846
0.046805 0.060580 0.041157
0.005822 0.064943 0.067879
0.013492 0.156379 0.054082
0.023176 0.132631 0.059816
-0.010280 0.053370 0.063232
0.029094 0.063995 0.051446
0.019759 0.161766 0.025453
0.022915 0.059194 0.057693
0.008804 0.113908 0.073105
0.019391 0.068447 0.056878
-0.027047 0.086904 0.078297
0.009747 0.063218 0.066746
-0.011543 0.054463 0.064568
-0.020650 0.087894 0.082246
-0.000825 0.067939 0.071541
-0.000663 0.054411 0.072848
0.010466 0.162936 -0.008385
0.018256 0.142237 0.059330
-0.005450 0.063152 0.074954
-0.010747 0.064220 0.074125
0.011018 0.145287 0.062958
0.012004 0.123979 0.074535
0.039296 0.073888 0.033186
-0.020676 0.082838 0.081818
0.007960 0.094455 0.054601
0.037116 0.091329 -0.017464
0.024553 0.072839 0.051294
0.028186 0.184572 -0.010819
0.028190 0.107733 0.050984
0.023121 0.156146 0.034967
0.029970 0.124852 0.019221
0.011781 0.131625 0.078538
0.016567 0.145222 0.058497
0.014200 0.067795 0.060439
0.002650 0.067510 0.069353
0.034026 0.074578 -0.013840
0.042016 0.065981 0.038691
0.032787 0.098266 0.000932
0.004621 0.067330 0.066975
0.032767 0.064554 0.049048
0.025891 0.117597 0.057474
0.012379 0.159551 -0.014623
0.022108 0.059646 0.058921
0.032670 0.118031 0.010791
0.029428 0.067910 0.051884
0.007944 0.174799 -0.021178
0.041884 0.079187 -0.049414
0.035959 0.091291 -0.055779
0.040720 0.149930 -0.020804
0.033175 0.067657 0.049564
0.003785 0.083211 0.049143
0.014207 0.092977 0.051768
0.023981 0.067401 0.055321
0.038439 0.072549 0.035503
0.012351 0.128254 0.076015
0.024726 0.153236 0.040992
0.031106 0.138757 0.034899
-0.006870 0.115078 0.078237
0.030271 0.092803 0.041220
0.040338 0.082673 -0.049324
0.040946 0.065339 0.039387
0.043158 0.065229 0.038129
0.019419 0.058189 0.061504
-0.007924 0.080055 0.078762
-0.024594 0.059862 0.068951
0.004969 0.102464 0.061459
0.027255 0.157472 -0.019518
-0.000767 0.073396 0.055519
0.026208 0.061657 0.053087
0.019084 0.137915 0.060883
0.046977 0.058857 0.039593
0.003447 0.070058 0.056403
-0.020732 0.067848 0.075932
-0.025259 0.068068 0.075054
-0.020578 0.059310 0.069545
0.041403 0.056579 0.043458
-0.020756 0.062166 0.072011
-0.025873 0.072512 0.077029
0.004317 0.054474 0.072011
0.021215 0.106364 0.058237
0.031130 0.076544 0.036466
-0.009319 0.111897 0.079469
-0.001083 0.149598 0.083327
-0.015582 0.064416 0.074028
0.034031 0.092759 -0.008488
0.024472 0.173127 -0.029123
-0.006779 0.088086 0.080149
-0.015392 0.071820 0.077952
0.009232 0.082814 0.047989
0.021700 0.064908 0.058378
0.018637 0.152271 0.050448
0.001270 0.101913 0.077799
0.014512 0.073164 0.056682
0.034479 0.142560 -0.034063
-0.015715 0.082888 0.082172
0.031962 0.086979 0.032858
0.029536 0.102939 0.046151
0.019390 0.072848 0.055615
-0.001507 0.119129 0.077739
-0.006938 0.073014 0.075582
-0.010681 0.072698 0.077634
-0.017510 0.092941 0.083295
0.005532 0.112745 0.077394
0.038676 0.147350 -0.030198
0.039508 0.072720 -0.018923
0.031008 0.099126 0.004238
0.032225 0.123546 0.014720
0.021700 0.158204 -0.021324
-0.009216 0.092144 0.083179
0.010014 0.177743 -0.033580
-0.005766 0.092862 0.081118
0.044314 0.175750 -0.018322
0.010459 0.175740 -0.008738
0.027305 0.166716 -0.025480
-0.003759 0.091593 0.077806
0.036422 0.084825 -0.016753
0.032297 0.088195 -0.004612
0.027336 0.150947 0.040308
0.032357 0.138218 0.025629
0.005055 0.096823 0.057520
0.011409 0.121186 0.066719
0.005214 0.091248 0.053041
0.011863 0.135681 0.073601
0.009393 0.092514 0.052078
0.026250 0.170203 -0.027228
0.019275 0.092918 0.051166
0.009820 0.122556 0.076895
0.000538 0.074897 0.053149
0.023362 0.093272 0.049639
0.043393 0.062409 0.044380
0.031587 0.089881 -0.001751
0.036062 0.088153 -0.016888
0.041009 0.084506 -0.052580
0.033260 0.141167 0.020489
0.028739 0.117889 0.051380
0.005007 0.093778 0.054958
0.022320 0.146333 0.053715
0.010871 0.117636 0.066296
0.031302 0.092403 0.037569
-0.002858 0.094798 0.079205
0.030620 0.100893 0.041594
0.038948 0.086146 -0.051127
0.032068 0.142993 0.030998
-0.011488 0.093121 0.083687
0.039278 0.087704 -0.054209
0.031821 0.088110 0.033677
0.027716 0.103004 0.050227
-0.004286 0.150466 0.094604
-0.020299 0.097626 0.080369
0.018019 0.127522 0.063984
-0.005698 0.097846 0.082617
0.030704 0.122726 0.016444
-0.001953 0.098397 0.080176
0.023457 0.103268 0.054972
0.033031 0.092795 -0.003075
0.027160 0.099016 0.049224
0.031450 0.093553 0.000616
0.034680 0.091253 -0.016064
0.009304 0.097916 0.056216
0.003018 0.113070 0.079308
0.014170 0.122879 0.065484
0.022224 0.150950 0.049133
0.024317 0.077877 0.051782
0.014205 0.098082 0.055249
0.008090 0.124533 0.078924
0.040697 0.182623 -0.038557
0.020107 0.096430 0.053017
0.026375 0.095561 0.048332
-0.020720 0.073896 0.079052
0.029124 0.114878 0.013586
0.036281 0.069009 0.042683
0.028660 0.097828 0.046162
0.030576 0.097758 0.041589
0.036205 0.090182 -0.055264
0.037222 0.090887 -0.056158
0.031747 0.144998 0.033551
0.007531 0.099871 0.058980
0.034162 0.122085 0.006533
0.036076 0.092508 -0.057651
-0.004130 0.074324 0.057129
-0.019142 0.101238 0.079674
0.013524 0.137553 0.065305
0.035455 0.073150 0.037104
-0.015585 0.102807 0.081274
0.033506 0.132665 0.015663
-0.005674 0.102968 0.082818
0.030478 0.112939 0.011259
0.033888 0.097655 -0.002679
0.008923 0.103354 0.060370
0.005574 0.117771 0.078208
-0.005013 0.073794 0.059744
0.010638 0.101315 0.058024
0.014356 0.101909 0.057808
0.025692 0.102213 0.052409
0.017903 0.104851 0.058844
0.033512 0.087905 -0.008947
0.030931 0.102930 0.006185
0.033458 0.102517 0.001663
0.014701 0.167751 -0.024419
-0.010562 0.107789 0.081159
-0.000611 0.107722 0.080958
0.002450 0.108489 0.079204
0.004525 0.108055 0.076483
0.033603 0.136086 0.015480
0.019617 0.117640 0.062633
0.034445 0.102754 -0.003188
0.005629 0.105839 0.062746
0.012209 0.162619 -0.009989
0.009833 0.107675 0.062293
0.014226 0.108139 0.061229
0.019142 0.108239 0.059936
0.025613 0.183040 -0.013985
0.026541 0.105657 0.053217
0.031753 0.146437 0.033559
0.006078 0.107579 0.064305
-0.005696 0.107683 0.082202
0.029642 0.107622 0.046851
-0.013061 0.074830 0.078528
0.022901 0.113178 0.059561
0.008103 0.109216 0.064349
0.028634 0.183400 -0.013835
0.009977 0.174997 -0.033761
0.026955 0.109329 0.053846
0.012178 0.132610 0.075841
0.024156 0.176671 -0.028945
0.034129 0.107651 0.002186
-0.000742 0.112839 0.080670
0.014495 0.127753 0.065620
0.026156 0.154706 0.033336
0.031570 0.136050 0.026771
0.007624 0.113337 0.075103
0.009734 0.113078 0.064937
0.011263 0.111277 0.063212
0.014625 0.112463 0.062860
0.040967 0.074146 -0.043095
0.025347 0.112599 0.056931
0.028736 0.123292 0.051725
0.044081 0.166206 -0.017348
0.027248 0.113014 0.054504
0.028571 0.112743 0.051225
0.029367 0.112543 0.047527
-0.004877 0.076919 0.054874
-0.004092 0.143557 0.091854
0.009595 0.068347 0.061882
0.032333 0.113604 0.009388
0.008790 0.066140 0.064557
0.033591 0.113037 0.006504
-0.005536 0.112504 0.080545
0.034413 0.111699 0.002250
0.037791 0.087791 -0.018071
0.030114 0.118631 0.014560
-0.004329 0.115924 0.078847
0.003369 0.182232 -0.033038
0.002616 0.071288 0.067828
0.000210 0.132353 0.094404
-0.000249 0.117073 0.079308
0.003100 0.117679 0.078882
0.010143 0.116944 0.073379
-0.028755 0.082429 0.077154
0.016485 0.116215 0.063461
0.027461 0.117817 0.055037
0.025336 0.162765 -0.019279
0.024555 0.088546 0.047658
0.017598 0.119406 0.063728
0.029515 0.173472 -0.033253
0.030872 0.116662 0.012647
-0.014340 0.096776 0.083759
0.006240 0.138615 0.087581
0.027253 0.066406 0.053920
0.033974 0.117835 0.007032
0.007117 0.110069 0.073388
-0.000110 0.122025 0.076886
0.004037 0.122036 0.078197
-0.001005 0.071955 0.069926
0.020475 0.122841 0.062668
0.022366 0.137096 0.059097
0.015397 0.148789 0.057021
0.023571 0.122682 0.060391
0.013688 0.070802 0.059020
0.025982 0.122688 0.057563
0.036089 0.167335 -0.026024
0.029486 0.123479 0.047099
0.040322 0.147820 -0.031895
0.031377 0.097125 0.002709
0.035313 0.068146 0.046585
0.033327 0.122587 0.011286
0.004389 0.127704 0.085700
0.006279 0.126294 0.082456
0.005921 0.082000 0.048172
0.008987 0.128201 0.080806
0.020370 0.127931 0.062577
0.027280 0.127989 0.055238
0.001995 0.150404 0.081123
-0.000173 0.129528 0.094204
-0.010737 0.103317 0.082963
0.028728 0.128012 0.051102
0.001117 0.128990 0.092936
0.027241 0.064613 0.054023
0.010558 0.142448 0.065021
0.002740 0.129424 0.091048
0.030532 0.127895 0.020971
0.027423 0.142435 0.050063
0.032867 0.128124 0.015890
0.028686 0.142952 0.046043
0.033812 0.127549 0.011608
0.007121 0.130385 0.084052
0.011781 0.130236 0.078540
0.004004 0.147586 0.081797
-0.015740 0.067846 0.076069
0.007747 0.133421 0.084770
0.010266 0.132992 0.081339
0.017428 0.131620 0.063824
0.019764 0.132956 0.062109
0.036296 0.060198 0.044705
0.029796 0.129587 0.024331
0.006422 0.159028 -0.016130
0.028364 0.133091 0.051269
0.029395 0.133176 0.047364
0.030817 0.132781 0.025977
0.012449 0.142318 0.064110
-0.029029 0.069675 0.073788
0.013354 0.114528 0.063862
0.031314 0.131074 0.022529
0.031571 0.147612 0.028190
0.032483 0.132782 0.020694
0.029754 0.133470 0.042615
0.034035 0.130801 0.010906
0.012363 0.134284 0.073467
0.030385 0.134286 0.029557
0.030682 0.149460 0.030767
0.031958 0.134429 0.024265
-0.016314 0.098299 0.082697
0.004092 0.138052 0.091033
0.009394 0.137917 0.081152
-0.002409 0.093848 0.077328
0.014896 0.064124 0.062469
0.015762 0.138637 0.062728
0.011756 0.136374 0.073413
0.027876 0.137936 0.051130
-0.029153 0.064724 0.070310
0.029290 0.137989 0.046727
0.026085 0.176150 -0.032160
0.025443 0.154441 0.036168
0.031257 0.137268 0.029821
0.028126 0.151998 0.036713
0.005188 0.099057 0.059073
0.033083 0.137174 0.020569
0.026180 0.174612 -0.031966
0.016229 0.162328 0.033652
0.026305 0.139573 0.052999
0.030404 0.151348 0.028341
0.031909 0.139216 0.029194
0.005061 0.142942 0.086268
0.006925 0.140932 0.084213
0.031016 0.062810 0.047781
0.008135 0.142745 0.077320
0.023345 0.142643 0.055277
0.024850 0.069695 0.052815
0.025536 0.143462 0.052046
