-0.0298211 0.194516 -0.0189415 
0.000489106 0.191637 -0.0285159 
-0.0326466 0.190672 -0.0168812 
-0.0362277 0.188652 -0.0168183 
-0.0352512 0.190889 -0.0179252 
-0.00115673 0.189788 -0.0274556 
-0.00716008 0.186977 -0.0243927 
-0.0113789 0.185731 -0.0224787 
-0.0152041 0.184516 -0.0205738 
-0.0173969 0.18538 -0.0205567 
-0.0268498 0.183863 -0.00169611 
-0.037899 0.185704 -0.0163265 
-0.0126251 0.182669 -0.021313 
-0.0381711 0.182696 -0.0339501 
-0.0266308 0.182481 -0.016078 
-0.032688 0.180745 -0.000524697 
-0.0398592 0.181713 -0.0152259 
-0.0401178 0.179755 -0.0136117 
-0.0497854 0.179457 -0.00423606 
-0.0573403 0.179502 -0.00431373 
-0.0813075 0.180496 0.0040389 
-0.0874677 0.179326 0.00619804 
-0.0298375 0.180969 0.00074089 
-0.0346701 0.178985 0.000331946 
-0.0368165 0.178679 -0.0016863 
-0.0357829 0.180758 -0.0127262 
-0.0532069 0.1791 -0.00335786 
-0.0588082 0.178975 -0.00333547 
-0.0436464 0.177991 -0.00613321 
-0.0598653 0.178037 -0.0019505 
-0.0328436 0.177189 0.00229534 
-0.0201993 0.174249 -0.00293081 
-0.0218779 0.174266 -0.002615 
-0.0297252 0.175421 -0.000698648 
-0.0308694 0.175026 -0.00119994 
-0.036324 0.176158 0.00133243 
-0.0397687 0.174459 0.00148526 
-0.0847957 0.176834 0.0132746 
-0.0863787 0.177265 0.00858651 
-0.0887857 0.176527 0.00343761 
-0.0917672 0.176095 0.000379498 
-0.0934929 0.174893 -0.00224862 
-0.0466586 0.175504 0.00276787 
-0.0619487 0.173222 0.00155909 
-0.0429808 0.172685 0.00328894 
-0.00898441 0.171946 -0.00680583 
-0.0327109 0.171546 0.00144464 
-0.0116173 0.171694 -0.0061252 
-0.0153069 0.170904 -0.00503179 
-0.0197716 0.171494 -0.00324947 
-0.0217156 0.170457 -0.00287634 
-0.0253652 0.17158 -0.00137631 
-0.0298929 0.171585 -0.00036631 
-0.0318015 0.170505 9.57193e-05 
-0.035671 0.171698 0.00184361 
-0.040374 0.171364 0.00299378 
-0.0433768 0.170103 0.00466059 
-0.0461243 0.17135 0.00481985 
-0.0503063 0.171511 0.00576746 
-0.0702321 0.170108 0.0169011 
-0.0740983 0.171225 0.0163761 
-0.0809199 0.171879 0.0162647 
-0.0832863 0.172018 0.0121656 
-0.0832731 0.171108 0.0102907 
-0.0354322 0.185229 -0.0142533 
-0.0821893 0.169744 -5.46061e-05 
-0.0849905 0.171829 0.00647212 
-0.0908161 0.171787 -0.00116111 
-0.0822347 0.169053 0.0136784 
-0.0535429 0.16849 0.00643225 
-0.091955 0.168929 -0.00491399 
-0.0218465 0.166462 -0.00313969 
-0.0256973 0.166206 -0.00114118 
-0.0342569 0.164613 0.00307774 
-0.0352455 0.167067 0.00202545 
-0.0396317 0.166678 0.00422705 
-0.043989 0.166228 0.00667131 
-0.0500765 0.167151 0.00792837 
-0.0534418 0.165858 0.00997315 
-0.0581035 0.165452 0.0132599 
-0.0610782 0.165907 0.0145104 
-0.0753575 0.16514 -0.00308749 
-0.0803635 0.166142 -0.00252946 
-0.0845611 0.166715 -0.00120362 
-0.086038 0.164915 -0.00651296 
-0.0903158 0.166636 -0.00608281 
-0.0220013 0.163313 -0.00242992 
-0.0331549 0.16287 0.00247649 
-0.0764025 0.163869 0.0132132 
-0.0862181 0.163611 -0.00453297 
-0.00652274 0.161543 -0.00697684 
-0.0533124 0.171087 0.00545383 
-0.0628941 0.161766 -0.00895189 
-0.0743288 0.163132 0.0138334 
0.0425958 0.158754 -0.0185988 
-0.0638431 0.165939 0.0152511 
0.0298387 0.159927 -0.0189798 
0.0257575 0.159665 -0.0189065 
0.0170367 0.159621 -0.0193978 
-0.0117714 0.161664 -0.00531742 
-0.0440621 0.162411 0.00604179 
-0.0280266 0.184321 -0.0164106 
-0.0463536 0.161761 0.00690773 
-0.0577781 0.163082 0.0123464 
-0.0600542 0.162045 0.0123151 
-0.0775117 0.178691 0.00708158 
-0.0715401 0.162934 0.0138593 
-0.0767922 0.162103 -0.00482756 
-0.0820736 0.160727 -0.00937734 
-0.015034 0.161331 -0.00460955 
-0.0252068 0.161622 -0.000879265 
-0.0396176 0.161938 0.00382379 
-0.0423079 0.159809 0.000814678 
-0.0463053 0.159629 -0.00252809 
-0.0487414 0.159605 -0.00681687 
-0.0627118 0.159996 -0.01177 
-0.0752468 0.161923 0.01229 
-0.0122057 0.158609 -0.00436162 
-0.0988473 0.159617 0.0142543 
-0.100937 0.159622 0.0136424 
0.0296002 0.157577 -0.0178351 
-0.0675788 0.158829 -0.0113257 
0.0263769 0.156977 -0.0178997 
0.0224967 0.157594 -0.018357 
-0.0589269 0.157992 -0.0152879 
-0.072976 0.158852 -0.0105137 
-0.0765993 0.158237 -0.0113337 
-0.0552438 0.157139 -0.0179747 
0.0369605 0.154439 -0.0124368 
0.0304795 0.154577 -0.0101227 
0.0231076 0.154955 -0.0139111 
0.0193255 0.156356 -0.0179142 
0.0158482 0.157047 -0.0186704 
-0.0494009 0.157594 -0.00660061 
-0.100865 0.158151 0.0139179 
0.0226923 0.153978 -0.0100384 
0.0202614 0.153999 -0.0113975 
0.012584 0.155584 -0.0182227 
0.00526859 0.154746 -0.0191698 
0.00376023 0.154397 -0.0199059 
-0.0152366 0.157001 -0.00383861 
-0.0193427 0.156791 -0.00204851 
-0.0341998 0.15696 0.00270528 
-0.0469386 0.157407 -0.00227683 
-0.0510374 0.156776 -0.0100901 
0.0374921 0.153345 -0.0110181 
-0.0226515 0.156465 -0.000876587 
-0.02542 0.156356 -0.000218571 
-0.0295667 0.156488 0.000204858 
-0.0322394 0.156234 0.000594564 
-0.0435308 0.155496 0.0052473 
-0.0501887 0.155389 -0.00195114 
-0.0471838 0.164035 0.00837931 
-0.0952674 0.157397 0.014223 
-0.0512583 0.157614 -0.01264 
-0.0982331 0.157372 0.0138515 
0.050597 0.152749 -0.0167098 
0.0479917 0.152813 -0.016769 
-0.0530052 0.154201 -0.000635891 
-0.0592483 0.154335 -0.000729181 
-0.0840745 0.154773 0.0159991 
-0.068205 0.167059 0.0162311 
-0.0862779 0.155026 0.0141636 
-0.0885374 0.15555 0.0136036 
-0.0918483 0.156082 0.0138114 
-0.0956712 0.15486 0.0114453 
0.0326175 0.153097 -0.00847804 
-0.0742112 0.167441 0.0162101 
0.0259493 0.152784 -0.00842285 
0.0153527 0.152729 -0.0126615 
0.0120241 0.152937 -0.0166656 
-0.0851229 0.154111 0.0160671 
-0.0187319 0.181395 -0.0189574 
0.0395566 0.152136 -0.00923125 
0.00322969 0.15258 -0.0191795 
0.0187879 0.152326 -0.00958953 
0.057318 0.14879 -0.016696 
0.0538728 0.151254 -0.0170542 
0.0393571 0.149347 -0.0053485 
-0.0292263 0.181644 -0.0147719 
0.0325913 0.149759 -0.00512186 
0.0292718 0.151382 -0.00645186 
0.0259169 0.149854 -0.00538284 
0.0125484 0.15074 -0.0109449 
0.00964551 0.150935 -0.014993 
0.00578403 0.151586 -0.0177334 
-0.0226038 0.152507 -0.000856651 
-0.0745739 0.152768 0.0124653 
0.00199762 0.14915 -0.0176494 
-0.0807618 0.169743 0.00028397 
-0.0116071 0.164015 -0.00525209 
-0.0116351 0.150876 -0.00567036 
-0.014984 0.152004 -0.00479256 
-0.0205397 0.151692 -0.00171546 
-0.060364 0.152515 0.00285042 
0.0078275 0.148748 -0.0132392 
-0.0315196 0.181514 -0.0139723 
-0.0100439 0.148879 -0.00620264 
-0.0357251 0.161465 0.00268039 
-0.0253173 0.151619 -0.000398355 
-0.032532 0.159996 0.000743645 
-0.0297793 0.151739 0.000549846 
-0.0333471 0.150268 0.00244159 
-0.03995 0.151953 0.0044565 
-0.0439995 0.151649 0.0058837 
-0.0101185 0.150514 -0.0060777 
-0.0463156 0.152725 0.00626452 
-0.0502983 0.152256 0.00766698 
-0.056479 0.152437 0.00868795 
-0.0932079 0.152247 0.00628667 
-0.0940883 0.150893 0.00403072 
0.0464219 0.147525 -0.00639306 
0.0114851 0.148772 -0.00892388 
-0.0117601 0.148465 -0.00627537 
-0.0572042 0.149611 0.0103141 
-0.0604899 0.15074 0.0102048 
-0.0642492 0.149837 0.011542 
-0.0729628 0.151908 0.0136337 
-0.0752448 0.1504 0.0149589 
-0.0774718 0.151158 0.0155701 
-0.0814276 0.151784 0.0172821 
-0.085253 0.151234 0.0189304 
-0.0882775 0.152529 0.01642 
-0.0909043 0.150425 0.0179622 
-0.0950715 0.151482 0.0104519 
0.0940025 0.146514 -0.00497118 
-0.0153549 0.14875 -0.00492601 
-0.0781562 0.149297 0.0166142 
-0.0674707 0.148875 0.0130674 
0.0874483 0.144955 -0.00609946 
0.0780948 0.145682 -0.00940297 
0.072353 0.145298 -0.0105527 
0.0479074 0.145763 -0.00590806 
0.0461947 0.145151 -0.00510558 
-0.0196744 0.148131 -0.00294747 
0.0436413 0.14663 -0.00515948 
-0.0470968 0.150074 0.0079055 
0.0363342 0.147393 -0.00422295 
-0.0357395 0.151875 0.0030176 
0.0325557 0.146286 -0.00354471 
0.072795 0.0921793 0.0181146 
-0.0442481 0.0839178 0.0218325 
0.035603 0.0937839 -0.0028923 
0.0369451 0.0884502 0.0261669 
0.00474702 0.122274 0.000338479 
0.0363547 0.0941771 0.0190818 
-0.0237942 0.0952565 0.00335985 
0.0393072 0.145934 -0.00376739 
-0.0115545 0.132246 -0.0152552 
0.0181178 0.0913806 -0.013189 
-0.0930714 0.171583 -0.00361923 
-0.0922267 0.152495 0.0130304 
-0.0645563 0.0987144 0.0139972 
0.032297 0.121709 -0.0158177 
-0.0854575 0.142535 0.0228158 
-0.093069 0.150165 0.0152461 
-0.0679069 0.0969212 0.0141728 
-0.0888421 0.168444 -0.0020086 
-0.0677824 0.163946 0.0148266 
-0.0803378 0.0986988 -0.00368044 
0.0877632 0.131891 -0.00889515 
-0.0808749 0.0965957 -0.00772864 
-0.0198048 0.0561295 0.0246573 
-0.0673984 0.108173 0.0100509 
0.00826375 0.131913 -0.00117122 
0.0394685 0.141681 -0.00253406 
0.0441853 0.0929045 0.0300812 
0.0383942 0.0930747 0.0250338 
-0.0744051 0.0987524 0.0100096 
-0.0773504 0.0986607 0.00627374 
-0.0362327 0.127635 0.00159203 
-0.0809874 0.0959385 -0.00738519 
-0.0301384 0.0930409 0.00502565 
-0.0132093 0.0937956 0.00628884 
-0.048788 0.0569727 0.0333062 
-0.0163233 0.0925785 0.00662735 
-0.014023 0.0908188 0.00758155 
0.0207406 0.0689917 0.0081621 
-0.0263595 0.0934009 0.00549164 
0.0400243 0.156237 -0.0171927 
0.0679332 0.0902645 0.0177234 
0.0313106 0.0836889 0.0181573 
0.0726022 0.0884152 0.0203094 
-0.0838041 0.142326 0.0054962 
-0.0264774 0.0908954 0.00802184 
-0.0713021 0.165796 0.0156489 
0.0451449 0.1492 -0.00724106 
0.0354862 0.0893566 -0.00215044 
0.0654872 0.0617594 0.0223262 
-0.0577355 0.0881513 0.0182565 
-0.0968303 0.159602 0.0143411 
-0.0906682 0.144828 0.0204699 
0.0320195 0.0889229 -0.00213827 
0.029043 0.0871911 -0.00182417 
0.0262365 0.0883562 -0.00375887 
0.042227 0.0965913 -0.00295513 
-0.0770608 0.108302 -0.00528484 
-0.0255743 0.142467 -0.00299986 
-0.0417917 0.0924632 0.0197194 
0.0463104 0.0887283 0.0293563 
0.0292926 0.087504 0.0138721 
-0.0506624 0.0930713 0.0198192 
0.0436695 0.107573 0.0185491 
-0.0610947 0.0936231 0.0159569 
-0.0606392 0.11645 0.00810487 
-0.0648911 0.0941634 0.0152518 
-0.0677864 0.0932921 0.0150244 
0.0616889 0.0841866 0.016778 
0.0427361 0.123939 -0.00186675 
-0.054066 0.151546 0.00876375 
-0.0754541 0.0644611 -0.0021816 
-0.00873997 0.0960927 0.00673464 
-0.0164197 0.0887568 0.00868952 
-0.0753341 0.093783 0.0109438 
-0.00494855 0.0935884 0.00507961 
0.0428818 0.127249 -0.00183197 
0.021007 0.0838197 -0.00548274 
-0.0326268 0.166913 0.00112619 
-0.0763059 0.102413 0.00567677 
-0.0349869 0.087291 0.0204115 
-0.0151459 0.12898 -0.0153217 
-0.0787957 0.0890785 0.00739722 
0.0908441 0.128519 -0.00910828 
-0.0529896 0.1778 -0.00264427 
-0.0250513 0.147184 -0.000869826 
0.0198477 0.0957431 -0.0145563 
-0.046179 0.168216 0.00625381 
0.0400068 0.127307 -0.00309708 
0.0249691 0.0836632 0.0108111 
0.0206271 0.0819844 0.003698 
-0.0760242 0.0842917 0.0114685 
-0.0101657 0.0693235 0.0207672 
-0.0479838 0.107749 0.00954824 
-0.0506372 0.0888504 0.0206641 
-0.00213786 0.132239 -0.00371174 
-0.0609135 0.0889327 0.0169058 
0.0365112 0.0589612 0.0261098 
-0.0912111 0.141799 -0.000789672 
0.0454599 0.0849435 0.0290067 
-0.0817508 0.0925866 -0.000232093 
-0.0678003 0.0888337 0.0156963 
0.044458 0.0850189 0.0293392 
0.0925124 0.13606 -0.00760198 
-0.0717681 0.0890508 0.0141328 
-0.0819237 0.0881234 -0.00043866 
-0.0322811 0.185613 -0.0149666 
-0.0874261 0.171903 0.00211694 
-0.0227509 0.0850906 0.0106559 
-0.0222928 0.149976 -0.00179405 
0.017955 0.128237 -0.00319564 
-0.0488798 0.0968096 0.0172054 
0.0748901 0.0787937 0.0229262 
-0.0718529 0.0667591 0.0101027 
0.0723545 0.0773329 0.0236266 
-0.0716466 0.0645196 0.00743887 
-0.0612281 0.0974056 0.0146299 
-0.0500065 0.159579 -0.00995958 
0.00189178 0.135765 -0.00327892 
0.0281748 0.0669323 0.0106886 
-0.0169275 0.0840463 0.0103426 
-0.0757779 0.0891017 0.0113383 
0.0414204 0.0835198 0.0294642 
0.0279741 0.059352 0.0217699 
-0.013596 0.119284 -0.00678414 
0.0656238 0.0778545 0.0239875 
-0.05957 0.172435 0.00377791 
0.0621499 0.0785773 0.0228279 
0.0668962 0.0932532 0.012799 
0.00151373 0.0999319 0.00235999 
-0.0754295 0.070945 -0.0240787 
0.00571202 0.146334 -0.0110091 
-0.0315835 0.0828225 0.0212458 
-0.0743149 0.0650732 0.00328312 
-0.0539171 0.162339 0.0106002 
-0.0339632 0.0845086 0.0213492 
-0.040815 0.0829962 0.0221021 
-0.0239634 0.0623242 0.0260478 
0.0368952 0.0794472 0.0270766 
0.0202781 0.0921287 -0.0110086 
0.033519 0.0793 0.0224804 
0.0327711 0.0932256 -0.00321617 
0.0395699 0.159504 -0.01803 
0.0313962 0.0789298 0.0176828 
0.0271757 0.0788372 0.0153547 
0.0307413 0.12398 -0.0140812 
-0.0186711 0.0805122 0.0110287 
-0.0340599 0.0812022 0.0221967 
-0.0379556 0.181069 -0.0330873 
-0.0272426 0.0692106 0.0264706 
0.0157362 0.0810254 -0.0108579 
-0.0123233 0.102421 0.00323186 
-0.0493793 0.162089 0.00853684 
0.0404982 0.0884101 0.0299126 
-0.0377938 0.0840485 0.0219454 
-0.0577891 0.0845578 0.0181112 
0.0420749 0.149728 -0.00688947 
-0.0662623 0.150009 0.0116395 
0.037352 0.0895654 -0.00247623 
0.0418181 0.0667723 0.0177895 
0.0348354 0.0927409 0.0167716 
-0.0719744 0.0842404 0.0141918 
0.040328 0.0755282 0.0267825 
-0.0884092 0.166909 -0.00454758 
-0.038691 0.0603975 0.0348745 
0.0258803 0.146437 -0.00391045 
0.0295972 0.0697556 0.019252 
-0.0490606 0.0692019 0.0371465 
-0.0141242 0.078817 0.0138502 
-0.0128153 0.0882694 0.0110278 
-0.0511228 0.102363 0.0124283 
-0.0554302 0.0841518 0.0191372 
0.0652702 0.0735124 0.0248012 
-0.0102932 0.0889253 0.0101169 
-0.0799144 0.0746965 -0.00621031 
0.0457379 0.123581 -0.00147483 
0.0220897 0.0882604 -0.00653557 
0.0651909 0.0897951 0.0142847 
-0.0627547 0.0692054 0.0164465 
-0.0178983 0.18091 -0.0192818 
0.0361837 0.150876 -0.0064131 
0.0554575 0.0739372 0.0223108 
0.020968 0.0661952 0.00946432 
0.0319081 0.0752434 0.0217736 
-0.0249299 0.0770944 0.0207159 
0.0515205 0.0741032 0.0201811 
0.00261326 0.146354 -0.0153893 
0.0471113 0.0722844 0.0192669 
-0.0450862 0.0799686 0.029322 
-0.0306055 0.0793754 0.0217889 
-0.0340909 0.080186 0.0222716 
-0.0487516 0.080158 0.0255875 
0.088103 0.128405 -0.00966211 
0.0374072 0.0737715 0.0261217 
-0.0269319 0.175871 -0.00221146 
0.0182518 0.0739882 -0.00565479 
0.0328141 0.0738209 0.0237648 
0.0348615 0.107852 -0.00466444 
0.0279734 0.073891 0.0145942 
0.028072 0.0934714 -0.00497825 
0.0907066 0.13112 -0.00885145 
0.0490855 0.0641697 0.021579 
0.0203655 0.0739817 0.00862253 
0.0524824 0.154291 -0.0174842 
-0.0379168 0.0775885 0.0298779 
-0.0448512 0.0926065 0.0203185 
-0.0194987 0.10621 -0.00488483 
-0.0496689 0.140242 -0.0116489 
0.0718508 0.0701264 0.0241209 
0.0236282 0.0630946 0.022663 
-0.0886074 0.179333 0.00416049 
-0.0352966 0.177902 -0.0121267 
0.0671782 0.117393 -0.00824247 
0.0247533 0.0847551 -0.0029301 
0.029363 0.0663183 0.01072 
0.0559913 0.079366 0.0176762 
-0.0386357 0.0638892 0.0346045 
0.0532979 0.0771729 0.018812 
-0.02274 0.146891 -0.0011527 
-0.0614525 0.0776895 0.0214786 
-0.0707179 0.0984032 0.012532 
0.0491502 0.0562375 0.0180613 
0.0394046 0.132171 -0.00251052 
-0.0436643 0.0811316 0.0221889 
0.0353022 0.0548239 0.00791687 
0.0665564 0.121655 -0.011519 
-0.0647602 0.0891376 0.0162915 
0.0601054 0.0819342 0.0183326 
-0.0529165 0.0767123 0.0294613 
0.0692579 0.0738918 0.024422 
-0.00412718 0.141216 -0.0158085 
-0.0788009 0.0793268 0.00726203 
0.0420806 0.0939712 -0.00316146 
0.00924511 0.155499 -0.0189279 
-0.0502358 0.155167 0.00658622 
-0.080783 0.079345 0.00264429 
-0.00581007 0.102852 0.00381795 
0.0500223 0.137335 -0.00307199 
0.0684595 0.0963192 0.01207 
0.0201126 0.0819335 0.00153539 
0.00150649 0.103132 0.00240493 
0.0299325 0.125375 -0.0124137 
-0.0459608 0.109646 0.00824042 
-0.0687715 0.120989 -0.00603824 
-0.00922685 0.0729215 0.0202622 
-0.0237641 0.0994364 -0.00421896 
-0.0254216 0.096929 -0.00154734 
0.0171489 0.0883115 -0.0125791 
-0.0128758 0.073963 0.0195683 
-0.0158453 0.0738181 0.016732 
-0.0531724 0.132005 -0.00291463 
-0.0557219 0.0763073 0.0239801 
0.0618953 0.0684975 0.0248579 
0.0220873 0.141221 -0.00258045 
-0.0442295 0.117773 0.00600182 
-0.0677489 0.084235 0.0159062 
-0.0150193 0.106488 -8.60006e-07 
-0.039201 0.147206 0.00484571 
-0.0226552 0.0558669 0.0224112 
0.0457896 0.0600276 0.0189664 
-0.0711149 0.161631 -0.00772714 
0.012287 0.127154 -0.0012315 
0.0233131 0.0925368 -0.00764451 
-0.0549677 0.0612614 0.0364678 
0.0689076 0.131795 -0.0145424 
-0.0838691 0.0606312 -0.0244191 
0.0261974 0.154329 -0.0105551 
0.054842 0.0638129 0.0234014 
0.00156046 0.108635 0.00230371 
-0.0770386 0.0717165 -0.0244206 
-0.013466 0.0837183 0.0131816 
-0.0254687 0.0990964 -0.00750233 
0.0582411 0.079266 0.0199026 
-0.0410079 0.0649165 0.0337421 
-0.0628386 0.0649946 0.0278286 
-0.0714043 0.0626686 -0.0158754 
-0.0739259 0.0697086 0.00973429 
-0.0364212 0.141652 0.00104575 
-0.0718505 0.0793495 0.014094 
0.0466615 0.0971528 0.0278126 
-0.0709865 0.0615862 -0.0163388 
-0.0380259 0.1836 -0.0343538 
0.0368046 0.0925284 0.0206585 
-0.0210612 0.0731353 0.0202774 
-0.00928404 0.122462 -0.00387325 
-0.0141574 0.0636361 0.0252368 
0.0221685 0.137242 -0.00233916 
0.036554 0.0837656 0.0256632 
0.0495535 0.126863 -0.00152784 
0.0118687 0.137209 -0.00212155 
-0.010479 0.0822174 0.0142888 
-0.00686188 0.18916 -0.0257301 
-0.0490223 0.0752762 0.036717 
0.0191665 0.146325 -0.00457136 
-0.0789618 0.0982488 0.00286731 
0.0313652 0.0741062 0.0174307 
-0.0506441 0.0841761 0.0208418 
0.0551672 0.0553212 0.0186411 
-0.0742753 0.0641028 -0.0156271 
0.0417492 0.116374 0.0126617 
0.0381795 0.0840398 0.0293471 
0.0236602 0.0599954 0.0226324 
0.0345527 0.08387 0.0214147 
0.069088 0.0830637 0.0225103 
-0.0756631 0.0686413 -0.0163455 
-0.062598 0.0683554 0.0278697 
-0.00739741 0.0651084 0.0220332 
-0.0710262 0.0937374 0.0135744 
-0.0675958 0.0745251 0.0155312 
0.0573 0.0559763 0.0190525 
-0.00267473 0.138325 -0.0101455 
0.0389654 0.102733 -0.00236054 
-0.0863609 0.175583 0.00646857 
0.0145725 0.0676723 0.00776919 
-0.0810512 0.168482 0.0141039 
-0.027409 0.095418 0.000210305 
-0.0726273 0.104984 0.00823574 
0.0259594 0.0915209 -0.00532797 
-0.0822085 0.0839208 -0.00612271 
0.00551246 0.0585698 0.011829 
0.0839587 0.144537 -0.00655903 
-0.0284015 0.076018 0.0216606 
0.0735346 0.145568 -0.00854288 
-0.0519277 0.0642832 0.0379187 
-0.0101099 0.0645888 0.023441 
-0.012674 0.12826 -0.014074 
0.029062 0.140832 -0.00271975 
0.0242906 0.0658238 0.0110533 
-0.0820876 0.0852147 -0.000477375 
0.0614656 0.0602735 0.0221249 
-0.0292346 0.137453 -0.0023245 
-0.0595166 0.0702746 0.0380751 
0.0163085 0.150347 -0.00805505 
-0.0603569 0.0633291 0.01437 
-0.0092476 0.161471 -0.00599972 
-0.0610454 0.0599729 0.0310038 
-0.0803822 0.0644011 -0.0173217 
0.0189074 0.0805093 0.000658343 
0.0273573 0.0553617 0.000414878 
0.0349435 0.0887378 0.0211698 
-0.0761905 0.0660082 -0.00072218 
0.0779606 0.126895 -0.0103221 
-0.0502862 0.125821 0.00465605 
-0.0913774 0.147757 0.0193071 
-0.080249 0.069539 -0.0239929 
-0.0612583 0.0600474 0.011041 
-0.073961 0.113173 -0.00336237 
0.0785667 0.0985625 0.013284 
0.0295873 0.154586 -0.0105957 
0.0520514 0.0649455 0.0229608 
0.0409493 0.0930754 0.0291983 
-0.0570263 0.17764 -0.00139247 
-0.0222703 0.147617 -0.00189168 
0.0777823 0.0882078 0.0192812 
-0.0477877 0.0843853 0.0215153 
-0.0785789 0.0684546 -0.0175205 
-0.0188475 0.118208 -0.0129003 
-0.0489532 0.077187 0.0362843 
-0.0492273 0.176901 0.00113996 
-0.0851576 0.0610802 -0.0250201 
0.0073504 0.0594187 0.0135141 
-0.0680725 0.0597255 0.00438423 
0.0181995 0.0739083 0.00388372 
-0.0515718 0.0759854 0.0370695 
-0.00831485 0.11253 0.00133916 
-0.0257527 0.0613338 0.0251631 
-0.0299234 0.166637 0.000494788 
-0.0122964 0.122559 -0.00760782 
0.0171426 0.0740321 4.70305e-05 
-0.0213203 0.112717 -0.012054 
0.0564691 0.0770341 0.0209849 
-0.0455537 0.0648457 0.036452 
-0.0478098 0.0891498 0.0212865 
-0.0649295 0.0569588 0.00222116 
0.0355831 0.0780441 0.0264357 
-0.055816 0.0756776 0.0298241 
-0.0815586 0.0939824 -0.00350334 
0.0179865 0.0605694 0.0248946 
0.0133582 0.060506 0.0265152 
0.0369027 0.122268 -0.00671231 
0.0337219 0.0776855 0.0244594 
0.0589021 0.0733243 0.0239085 
0.0391543 0.0981293 -0.00256151 
0.0414701 0.064071 0.0176119 
-0.0681157 0.145729 0.015248 
0.0110902 0.065 0.00525228 
-0.0481933 0.103349 0.0106821 
0.0269165 0.0657597 0.0183115 
-0.0622288 0.0698909 0.0248118 
-0.0541601 0.0735898 0.0411772 
-0.0398093 0.156329 0.00374539 
0.00712188 0.0589329 0.0244012 
0.029299 0.110432 -0.01681 
-0.0585511 0.0743823 0.0285591 
0.00613972 0.0586279 0.0239329 
0.0794301 0.0940978 0.0157375 
-0.0491994 0.0649089 0.0377212 
-0.017584 0.0559748 0.0254265 
-0.0645567 0.110374 0.00987497 
-0.00937988 0.103184 0.00358265 
0.0119757 0.132128 -0.0014165 
-0.0246278 0.102832 -0.00939393 
-0.0506001 0.138001 -0.0126383 
0.0359889 0.141124 -0.0023569 
0.0374097 0.0839509 0.0283805 
-0.0528856 0.157194 -0.0166422 
-0.0402219 0.141049 -0.000944998 
0.0669273 0.109261 -0.00508382 
0.0691328 0.068915 0.0245234 
-0.0789104 0.0843006 0.00771261 
-0.0515531 0.056743 0.0329395 
0.0587244 0.0689456 0.0245811 
-0.0508932 0.0779043 0.0271932 
-0.0767644 0.0705943 0.00623267 
-0.0310126 0.0699765 0.0270204 
0.0774901 0.131168 -0.00935164 
0.0173512 0.0779815 -0.00757783 
-0.084256 0.140976 -0.00239779 
-0.0538324 0.0783076 0.0236148 
-0.0704054 0.118327 -0.00610773 
-0.0692234 0.061527 0.00639277 
0.0594739 0.102046 -0.00968487 
0.0170665 0.0801391 -0.00871313 
-0.0877774 0.142803 0.00245448 
-0.0544826 0.0937064 0.018099 
-0.0585972 0.0576138 0.0088975 
0.0286226 0.0902716 -0.00331138 
0.044303 0.0887753 0.0300443 
-0.077926 0.106435 -0.00400268 
0.0188054 0.0693495 -0.00457777 
-0.009965 0.1289 -0.0104154 
0.0694168 0.0869292 0.0208112 
-0.0821602 0.0886024 -0.00655922 
-0.00311734 0.190172 -0.0270442 
0.0501618 0.155031 -0.0174669 
-0.0365827 0.075238 0.029161 
0.0843415 0.135136 -0.00812202 
-0.0420343 0.0596099 0.0333772 
0.0763793 0.0897766 0.0192272 
0.0679604 0.12687 -0.0131026 
-0.0481893 0.0579287 0.0344475 
0.0325029 0.0549283 0.00571926 
0.048457 0.0570408 0.0184957 
-0.0536565 0.133789 -0.00953973 
-0.0192561 0.0703778 0.0202101 
-0.0167702 0.0680305 0.020259 
0.0789847 0.0912559 0.0172733 
-0.0779276 0.167101 -0.0014619 
0.032926 0.15964 -0.018615 
-0.0621874 0.126691 -0.0060753 
0.0753795 0.0831811 0.0217652 
-0.0570341 0.127436 0.000760005 
-0.0279889 0.0901872 0.00881292 
0.0641202 0.0874445 0.0156172 
-0.0517489 0.0807432 0.0224554 
0.0282832 0.0643051 0.0211434 
0.0693193 0.0932236 0.0162779 
-0.0101498 0.0932378 0.00844538 
-0.0777891 0.0742117 0.00638042 
0.0177641 0.0836514 -0.00916079 
0.0344713 0.0683951 0.0235704 
-0.0328691 0.193959 -0.0188837 
-0.0146836 0.0758194 0.0137919 
0.0621149 0.0637209 0.0238871 
-0.0830203 0.0614657 -0.0240781 
-0.0292881 0.0922154 0.00642026 
-0.0684067 0.067811 0.0133485 
-0.044769 0.0574732 0.0317594 
-0.0578854 0.0986092 0.0146168 
-0.00961667 0.0751743 0.0185278 
-0.0802988 0.0742663 -0.00314638 
-0.0580688 0.0603164 0.0341707 
0.00465588 0.148627 -0.0161902 
0.0412398 0.112172 0.0148374 
0.063075 0.0822034 0.0211491 
0.0198221 0.0808359 -0.00543441 
-0.0630421 0.0570545 0.00565801 
-0.0142282 0.11692 -0.00570957 
0.00746763 0.0564791 0.0242669 
-0.0383715 0.0680551 0.0331014 
-0.0406752 0.090147 0.0208072 
-0.0589911 0.0566163 0.0308407 
0.0242765 0.0948565 -0.0079544 
-0.0240607 0.0647423 0.0263559 
-0.0278651 0.0959397 -0.00374556 
0.00926206 0.146451 -0.00779674 
-0.0824879 0.0683752 -0.0258357 
-0.0365432 0.183596 -0.0341071 
-0.0242284 0.0742721 0.0209611 
0.0212734 0.0596872 0.0232881 
-0.0104011 0.16399 -0.00571471 
-0.0443736 0.0887124 0.0214798 
-0.0600196 0.0572439 0.0305985 
0.0777504 0.0839477 0.0208724 
0.0709534 0.131657 -0.011729 
0.00850923 0.136735 -0.0022004 
-0.0808365 0.061315 -0.017238 
-0.00175163 0.0983988 0.00376526 
0.0464303 0.131955 -0.00174003 
-0.0936585 0.148564 0.0149067 
0.0161809 0.0840437 -0.0118207 
-0.0722773 0.0611143 -0.00323766 
-0.0383806 0.0880353 0.0211875 
0.0434093 0.156894 -0.0174807 
0.0665722 0.0878979 0.0187528 
-0.0519771 0.0595141 0.0358457 
-0.0576337 0.0565614 0.00670069 
0.0491243 0.0686625 0.0212674 
-0.0271056 0.0648063 0.0259319 
-0.0777718 0.0693864 -0.0221496 
-0.016869 0.0793946 0.0113228 
-0.054164 0.100611 0.0137652 
-0.061216 0.0696058 0.0310356 
-0.0751859 0.0743777 0.0106712 
-0.0681877 0.099988 0.0128672 
-0.0759046 0.0682579 0.00430831 
-0.0232943 0.0922034 0.00702387 
0.0105491 0.064527 0.0166497 
0.017596 0.077802 -2.03634e-06 
-0.0802323 0.162107 -0.00393045 
-0.0488818 0.0610808 0.0368409 
-0.0728114 0.0630009 0.000892099 
-0.0645426 0.0591757 0.00767507 
0.0489566 0.060334 0.0205742 
0.00671286 0.0564139 0.0121538 
-0.00184372 0.125218 -0.000581544 
-0.081947 0.0839198 -0.00307801 
-0.0590586 0.0647482 0.0356164 
0.0385628 0.112563 0.0113872 
0.018893 0.0786085 0.00326555 
0.0300626 0.112129 -0.017811 
-0.0678259 0.0793768 0.0158696 
-0.0456605 0.113553 0.00744097 
0.0616706 0.0740345 0.0242264 
0.00815612 0.122699 -0.0002402 
-0.0633603 0.178827 -0.00192785 
0.01926 0.149721 -0.00664064 
-0.0806479 0.0937814 0.00250292 
-0.0486465 0.139993 -0.00814911 
-0.0667469 0.0613539 0.00912198 
-0.0622943 0.0612462 0.0281582 
0.0380174 0.0547965 0.00984203 
0.00607396 0.0565484 0.0237637 
0.0544322 0.0691796 0.023346 
-0.0640735 0.163004 0.013568 
-0.023909 0.0590743 0.0244333 
-0.0165607 0.0711454 0.0186321 
0.0650865 0.0842942 0.0205656 
-0.0610261 0.108584 0.0111132 
-0.0548764 0.129945 -0.00165163 
-0.0643739 0.0647347 0.0136039 
-0.010067 0.0604178 0.024843 
0.0254319 0.132819 -0.00397716 
0.0174376 0.154247 -0.0143994 
-0.00719869 0.141804 -0.017543 
-0.0609303 0.084034 0.0172813 
-0.0796672 0.0737282 0.000408415 
-0.023053 0.0886911 0.00900477 
0.0343024 0.0564517 0.0241451 
-0.017109 0.0598591 0.0260368 
0.0291081 0.134978 -0.00315651 
0.067783 0.0646534 0.0237208 
-0.0649041 0.0841074 0.0166124 
-0.0939983 0.147406 0.0131616 
-0.0494457 0.178754 -0.00296222 
-0.0839444 0.0655528 -0.0252156 
-0.083872 0.0613004 -0.0205655 
0.0688153 0.0984717 0.00996471 
-0.00187512 0.103325 0.00329459 
0.0686503 0.104251 0.00316109 
-0.0615956 0.0630564 0.0136059 
0.0307873 0.111919 -0.0135186 
0.0690801 0.0786213 0.0237528 
0.0368222 0.0562113 0.0263849 
-0.0809002 0.0890217 0.00278795 
-0.0615174 0.0715263 0.0282706 
-0.076894 0.0649457 -0.0161274 
-0.084199 0.163225 -0.00254213 
-0.0468118 0.0603731 0.0359358 
0.0442301 0.0639343 0.0190225 
-0.0666281 0.12207 -0.0031694 
0.0429878 0.142684 -0.00300097 
-0.0446512 0.0564268 0.0313799 
-0.0595728 0.0691841 0.0348622 
-0.0478901 0.082039 0.0218077 
0.0339237 0.0641357 0.022798 
0.0588074 0.0612237 0.0230272 
-0.0746719 0.108275 0.00369817 
-0.00716212 0.172839 -0.00750552 
-0.0926465 0.145634 0.00733038 
-0.0538075 0.0969714 0.0161417 
-0.0556317 0.0691565 0.0388881 
-0.0553538 0.0891458 0.0191231 
-0.0741553 0.0675795 0.00730742 
0.0269568 0.0656543 0.0146355 
-0.059469 0.0752042 0.0223965 
-0.0807158 0.0962416 -0.000215296 
-0.0705489 0.0697781 0.0127468 
-0.0471946 0.16524 0.00843042 
-0.0663943 0.122775 -0.00827006 
-0.0655344 0.069242 0.0152032 
-0.0578575 0.146165 0.0122999 
0.0136286 0.0640288 0.0261128 
-0.06238 0.0610273 0.0268232 
0.081246 0.149534 -0.00769164 
-0.0458788 0.0696708 0.035463 
0.0764029 0.093313 0.017138 
-0.0305799 0.0654975 0.0255614 
-0.0560017 0.0751498 0.0404946 
-0.0136654 0.0694185 0.0201234 
-0.0806046 0.169053 -0.000219928 
0.0365192 0.159559 -0.0183785 
-0.0614429 0.127525 -0.00877333 
0.0405215 0.0791513 0.0281318 
0.0552322 0.0597304 0.0217416 
0.0225119 0.0829938 0.00664678 
0.0177003 0.0640309 0.0245986 
-0.00755722 0.0686361 0.0199084 
-0.0612872 0.0739716 0.0227392 
0.0258184 0.14173 -0.00284966 
0.0806674 0.146154 -0.00727828 
-0.0454586 0.0737461 0.0341171 
-0.0794704 0.0992806 0.000460157 
-0.0556374 0.0580962 0.0336637 
-0.0774899 0.0679177 -0.00427094 
-0.086651 0.168765 0.00107042 
0.0586776 0.0580127 0.0207185 
0.0229168 0.0842768 0.00498795 
-0.0627462 0.158414 -0.0134142 
0.0147316 0.127879 -0.00197959 
0.0210816 0.0642482 0.0233833 
-0.0810135 0.15913 -0.00445004 
0.0321099 0.0695463 0.0230907 
-0.0824584 0.139539 -0.00452558 
-0.0664704 0.057956 0.00095258 
-0.0594997 0.073407 0.0381955 
-0.0822841 0.14046 -0.00372075 
-0.0328006 0.152737 0.000903316 
-0.0817137 0.0943112 -0.00673423 
-0.0865799 0.179428 0.00875756 
0.0261193 0.0554728 -0.000994157 
-0.0647493 0.11375 0.00827051 
-0.0209654 0.0642886 0.0258991 
-0.0580675 0.0942643 0.0161549 
-0.0611972 0.0570118 0.00709118 
0.019027 0.0787028 -0.00575911 
-0.0817259 0.0796021 -0.00299654 
-0.0549838 0.0648372 0.0376034 
-0.0640028 0.0618136 0.0116474 
0.0678252 0.104471 0.000456935 
0.0286609 0.105644 -0.0101587 
0.0359896 0.062259 0.024436 
-0.055632 0.154952 -0.000589786 
0.0726395 0.0839287 0.0221958 
-0.0770288 0.0681958 -0.0163731 
-0.0142997 0.0595888 0.0260343 
-0.0583065 0.0709335 0.0396417 
-0.00857073 0.116312 0.000100043 
-0.0506631 0.129008 0.00208908 
0.00923851 0.0670228 0.0143844 
-0.0535086 0.143464 0.0114146 
-0.0240129 0.0671227 0.0262459 
-0.0617578 0.0647478 0.0313286 
0.049029 0.072289 0.0200794 
0.0514224 0.0582462 0.0199669 
0.00159249 0.127217 -0.000668049 
-0.0216601 0.0678142 0.0250235 
-0.0324372 0.178952 0.00198068 
0.0565723 0.122012 -0.00333704 
-0.0880192 0.143969 0.00829677 
-0.00472548 0.0893163 0.0055953 
-0.0678281 0.0710062 0.0146486 
-0.0328469 0.0702769 0.0272517 
0.0742264 0.074197 0.0237245 
-0.0298073 0.192402 -0.0180901 
-0.010675 0.158932 -0.00500174 
-0.046027 0.15583 0.00545245 
0.0689406 0.123874 -0.00995689 
-0.0372533 0.0807696 0.0221629 
-0.0567778 0.153775 0.00077758 
0.0274523 0.0871479 0.0100307 
0.0585479 0.0644394 0.0240804 
-0.0389201 0.179535 -0.0122065 
-0.078554 0.0714713 0.0031032 
-0.0914637 0.139252 -0.00276887 
-0.0578146 0.0739064 0.0403819 
0.0652014 0.0649103 0.0243125 
0.0348746 0.0751169 0.0258569 
-0.0903737 0.145617 0.010105 
-0.0203019 0.0597454 0.0258496 
-0.0579569 0.0908194 0.0173805 
-0.0809646 0.084316 0.00280334 
-0.00184385 0.0935719 0.00399244 
-0.0796074 0.0750447 0.00243974 
-0.0419052 0.0567477 0.0323694 
0.028582 0.0855833 -0.00148011 
0.0519057 0.0679229 0.0227421 
-0.0555089 0.0566707 0.0320782 
-0.0713006 0.0743579 0.0137127 
-0.0651781 0.0742491 0.0163775 
-0.0517991 0.136099 -0.00989879 
0.010676 0.0641216 0.0243895 
-0.0628846 0.0745273 0.0203529 
-0.0196826 0.0900736 0.00819201 
0.0149845 0.132249 -0.00162231 
0.044969 0.0684511 0.0191616 
-0.0779709 0.103518 6.76128e-05 
0.0327019 0.115522 -0.0129961 
0.0112224 0.0670994 0.0159868 
-0.0793926 0.0708856 -0.00328761 
-0.0640677 0.122671 0.000574718 
0.0122765 0.0671992 0.0241561 
0.0709847 0.111392 0.00114439 
-0.0610584 0.103871 0.0126989 
0.0720163 0.0737582 0.0242897 
0.0313466 0.0640896 0.0222608 
0.0429333 0.103222 0.026059 
-0.0973489 0.144179 0.00407361 
0.0183796 0.06953 0.0040346 
-0.048072 0.143768 0.0100831 
0.0359231 0.135156 -0.00279627 
-0.0743039 0.147037 0.016893 
0.0550679 0.0565826 0.0193949 
0.0434068 0.110403 0.0168831 
0.0283084 0.066088 0.0105604 
-0.0263864 0.0883402 0.00969337 
0.0231217 0.130584 -0.0047672 
-0.0603536 0.160806 -0.0113523 
0.0277594 0.0837305 0.0147587 
-0.0725676 0.160593 -0.00885232 
0.0443413 0.0821351 0.0283916 
0.0028691 0.0998301 0.00159173 
0.0463351 0.155529 -0.0173422 
-0.0339341 0.073687 0.0280858 
-0.0318274 0.0732333 0.027381 
-0.0803762 0.0981155 -0.00726465 
-0.061401 0.0655297 0.0156292 
0.0248248 0.0689243 0.0108154 
0.0522018 0.0556718 0.0183675 
-0.0189759 0.103264 -0.00152069 
0.00125576 0.122525 0.000342427 
0.028438 0.0699035 0.0132161 
0.0298817 0.0683927 0.0206936 
-0.0297908 0.16096 0.000853091 
-0.010731 0.126646 -0.00878666 
0.0175032 0.0708929 -9.37522e-06 
-0.00579909 0.137567 -0.0140882 
-0.00602398 0.117821 0.000322194 
-0.028743 0.0724074 0.0263736 
0.030076 0.0687193 0.0124579 
-0.0336715 0.142528 0.00349117 
-0.0198389 0.161266 -0.0027005 
-0.0222078 0.0975728 0.00155834 
0.03375 0.0592231 0.0239961 
-0.0161308 0.0957409 0.00541117 
0.0192215 0.0939956 -0.0139702 
-0.0873174 0.139542 -0.00346363 
0.0205795 0.094317 -0.012526 
-0.00621458 0.0982881 0.0047722 
0.0427878 0.132036 -0.00189534 
-0.0627669 0.0701848 0.0208296 
-0.048301 0.0997836 0.0124829 
0.0221703 0.133915 -0.0028483 
-0.00971174 0.0850918 0.0114903 
0.0172327 0.0745922 -0.00708817 
-0.0266991 0.0968701 -0.00483335 
-0.0513068 0.17425 0.00643217 
0.0324963 0.126672 -0.00877361 
-0.0124629 0.0980376 0.00466465 
0.0807036 0.13674 -0.00760989 
0.0357322 0.0975929 0.0185147 
0.0774294 0.138354 -0.00783226 
0.0368331 0.0980927 0.0208728 
-0.0463532 0.0776764 0.0340302 
0.0392691 0.09807 0.023946 
-0.0419499 0.0784578 0.0314963 
0.0395885 0.0978818 0.0228506 
-0.0414157 0.0741987 0.0325309 
0.0376038 0.117767 0.00794985 
-0.031645 0.193962 -0.0186468 
-0.0169323 0.0652204 0.0246265 
0.0420111 0.0979352 0.0282458 
0.0444565 0.0962591 0.0294123 
0.0467153 0.0935797 0.0289451 
-0.0785906 0.103507 -0.00650461 
-0.0807328 0.140789 0.00331364 
-0.0140819 0.126055 -0.0133262 
-0.0791292 0.102476 -0.00367438 
-0.0780374 0.166799 0.0143326 
-0.0292308 0.0944062 0.00311316 
-0.0734565 0.102641 0.00915246 
-0.0157467 0.166052 -0.00454085 
-0.0709978 0.102329 0.0111078 
0.0392274 0.13687 -0.00212464 
-0.0192041 0.166057 -0.00374135 
-0.068522 0.103786 0.0115314 
-0.064356 0.103198 0.0126076 
-0.0554675 0.13235 -0.0123881 
-0.0199268 0.0835597 0.0104295 
-0.0578694 0.103178 0.0130896 
0.0223349 0.0977813 -0.0131913 
0.0494723 0.129982 -0.00192879 
0.0288665 0.0978139 -0.00600581 
0.0189448 0.0881856 -0.0100067 
0.033108 0.0979116 -0.0038067 
0.0530612 0.122655 -0.00215431 
-0.0883209 0.164002 -0.00739657 
0.0124212 0.145461 -0.00549746 
-0.0621238 0.0800658 0.0182719 
-0.0758246 0.104463 0.00412542 
-0.0537251 0.104002 0.0123497 
-0.0454314 0.14069 -0.00360042 
-0.0594929 0.0727788 0.0310273 
-0.0168534 0.109024 -0.00352727 
-0.0224641 0.160404 -0.00139209 
-0.0204699 0.100118 -0.000134338 
0.0356918 0.0982704 -0.00281018 
-0.0266406 0.18273 -0.000809739 
0.049584 0.123333 -0.00160264 
-0.0590556 0.0608895 0.0127649 
0.015236 0.147409 -0.00611662 
0.0236974 0.0789666 0.0119139 
0.0318711 0.0595529 0.0228654 
-0.0194503 0.0938195 0.0058697 
-0.0136772 0.0665731 0.0207902 
0.0456319 0.0988025 0.0276771 
0.0702134 0.0964759 0.0141384 
-0.0957428 0.147684 0.00938864 
0.0251052 0.0978389 -0.00903762 
0.0727457 0.0985729 0.0134577 
-0.0517382 0.0692623 0.0377552 
0.0760205 0.0970757 0.0149269 
-0.0367472 0.181811 -0.0333437 
-0.0235609 0.0696056 0.0243258 
-0.021632 0.102983 -0.00538351 
-0.032758 0.140405 -0.00116721 
0.035102 0.099663 0.0175515 
0.00274796 0.103054 0.0019426 
-0.0722423 0.116248 -0.00323843 
0.040544 0.101289 0.0244439 
0.0402876 0.103164 0.0227392 
-0.0165205 0.099018 0.00341094 
0.0424197 0.101426 0.0268121 
0.0367593 0.112779 0.00872818 
0.0679939 0.0995439 0.00659227 
-0.0823839 0.17566 0.0166105 
-0.0766991 0.107931 -0.000789853 
-0.071576 0.108287 0.00750502 
-0.0504415 0.105499 0.0108787 
-0.0508811 0.0777295 0.0355465 
-0.0176543 0.106699 -0.00240675 
-0.0229606 0.104509 -0.00996806 
0.0243169 0.101422 -0.0140111 
0.0299082 0.102785 -0.0070084 
0.0332108 0.102501 -0.00450107 
-0.0612062 0.169724 0.0103761 
-0.0564986 0.160176 -0.0133253 
0.0773807 0.135422 -0.00825864 
0.0354085 0.10322 -0.00352449 
-0.0567233 0.171285 0.00582481 
-0.0531646 0.159769 -0.0145306 
0.0748114 0.136516 -0.00880693 
-0.013372 0.108458 0.000453053 
-0.0575103 0.107669 0.0117345 
0.0396598 0.117352 0.0102488 
-0.0541337 0.10841 0.0111215 
0.014356 0.124575 -0.00244837 
-0.0627145 0.176523 -0.000329265 
-0.0214872 0.10483 -0.00792612 
0.0250916 0.103406 -0.0156404 
-0.0189366 0.0972168 0.00370875 
0.0686328 0.102342 0.00539985 
-0.0408879 0.0695385 0.0331033 
0.073502 0.101775 0.0111493 
0.0763467 0.103258 0.0101968 
-0.0709046 0.0607025 0.000226827 
0.0275287 0.107388 -0.0163974 
0.00158161 0.113113 0.00184571 
-0.0523893 0.155329 -0.00151444 
0.0778727 0.100868 0.0119769 
-0.0104356 0.0787376 0.0151812 
-0.0760381 0.110035 -0.00327848 
-0.0251928 0.106004 -0.0105877 
-0.0628399 0.0781079 0.0201879 
-0.0224684 0.107979 -0.0109873 
-0.00889808 0.10789 0.00235116 
-0.0056832 0.106852 0.00336227 
0.0426802 0.139762 -0.00221867 
-0.00215959 0.108139 0.00291417 
0.00347484 0.108029 0.00155819 
0.0267931 0.104752 -0.0127479 
-0.0912443 0.14437 0.00623873 
-0.0439794 0.143932 0.00824593 
-0.00996015 0.0724452 0.0204836 
0.0378294 0.107709 0.0122903 
0.0406676 0.10806 0.0159602 
0.0385078 0.10585 0.0199332 
-0.0569723 0.158679 -0.0152762 
-0.0838769 0.062817 -0.0222371 
-0.0428412 0.140894 -0.00179749 
-0.0749429 0.110842 -0.000462977 
0.023082 0.159883 -0.019317 
-0.072672 0.112078 0.00247351 
-0.0582197 0.0788598 0.0212708 
-0.0699384 0.112514 0.00591885 
-0.0761938 0.142569 0.021584 
-0.0672966 0.111844 0.0081924 
0.0287652 0.107752 -0.0124945 
0.0329301 0.105932 -0.00542965 
-0.0849669 0.162686 -0.00754208 
-0.0747944 0.112096 -0.00732616 
-0.0605179 0.11305 0.00971962 
-0.081942 0.0890839 -0.00359819 
-0.0575247 0.11414 0.009717 
-0.0217844 0.184525 -0.0190575 
-0.0543575 0.112982 0.00993298 
-0.0472778 0.111389 0.00824336 
0.00593329 0.109132 0.000382845 
-0.00236887 0.112616 0.00225654 
0.0189227 0.136894 -0.00220302 
0.0705694 0.102601 0.00825241 
0.0523435 0.136421 -0.0037255 
0.0188597 0.159658 -0.019062 
-0.0722637 0.114356 0.000754618 
0.0677515 0.107789 -0.00161804 
-0.0612873 0.100421 0.0137885 
-0.0152416 0.103204 0.0017143 
0.0697164 0.107667 0.00260982 
0.0309354 0.106094 -0.0074288 
0.0732618 0.107483 0.00573881 
0.0375274 0.104435 0.0129508 
0.0764178 0.106389 0.0074371 
0.0209593 0.078887 0.00789839 
-0.0873953 0.14413 0.0224109 
-0.00525725 0.122509 -0.000853756 
-0.0180839 0.11285 -0.00912307 
-0.0156491 0.112835 -0.00455309 
-0.0123111 0.112842 -0.00102099 
-0.00565717 0.113486 0.00169612 
-0.0551149 0.0809611 0.0194318 
-0.0685842 0.115088 0.00500435 
-0.0714513 0.142958 0.0173151 
0.00417996 0.113165 0.00115705 
0.00650122 0.113043 0.000258716 
0.0286825 0.109685 -0.0180259 
0.068507 0.111684 -0.00198263 
0.0312883 0.108458 -0.00844109 
0.0764582 0.109086 0.00487817 
-0.0502237 0.108927 0.0100451 
0.0671965 0.109276 -0.00439405 
-0.0710892 0.0667571 0.0109162 
-0.0696912 0.11779 -0.000270735 
0.051785 0.0709801 0.0219152 
-0.0670693 0.118125 0.00323791 
0.0751109 0.111792 0.002754 
0.0831856 0.124106 -0.010824 
0.000619769 0.1386 -0.00626519 
0.0120711 0.0667215 0.00587016 
0.0351292 0.101095 0.0174924 
0.0771231 0.107782 0.00620014 
-0.0635095 0.117778 0.00624108 
0.000779966 0.143614 -0.0134556 
0.0341938 0.122563 -0.0103235 
-0.0759201 0.0790751 0.0114559 
-0.0468071 0.0786265 0.0327933 
-0.097515 0.146884 0.0055844 
-0.0575169 0.118099 0.00787812 
-0.0421274 0.115149 0.0051308 
0.0311708 0.113544 -0.0161495 
-0.0440245 0.17894 -0.00628401 
-0.085087 0.0634351 -0.0251695 
0.0669045 0.112689 -0.00688853 
-0.0260122 0.183902 -0.0169495 
-0.0495383 0.113206 0.00883266 
0.068237 0.11334 -0.00386003 
0.0737073 0.110477 0.00345668 
-0.0416818 0.118607 0.00477151 
-0.0682807 0.064523 0.0111116 
-0.0696241 0.119097 -0.00294321 
-0.0987093 0.145714 0.00239339 
-0.0465782 0.118818 0.00681032 
-0.0206974 0.117115 -0.0128399 
0.0225304 0.15112 -0.00716681 
-0.0490561 0.140327 -0.00922547 
-0.016715 0.117959 -0.0108224 
0.0877319 0.136527 -0.00751556 
0.0571502 0.150123 -0.0167906 
-0.0163207 0.116177 -0.00855109 
-0.0111014 0.11713 -0.00214497 
-0.00219372 0.117322 0.00130134 
0.00959338 0.0610705 0.0157184 
0.0407839 0.10594 0.0219095 
0.0727526 0.113701 0.000361832 
0.0643916 0.0603492 0.0216651 
-0.0610798 0.11954 0.00616597 
-0.0438178 0.147292 0.00722622 
0.00137149 0.117806 0.00117195 
-0.0785211 0.0937975 0.00718132 
0.00784775 0.117906 -0.000306399 
-0.0385381 0.119379 0.00237038 
0.0905456 0.142821 -0.00533138 
0.0328267 0.117641 -0.0162307 
0.0341525 0.117082 -0.0103621 
-0.0649955 0.0795535 0.0166556 
0.0366794 0.0699947 0.0244169 
-0.0882361 0.146892 0.0219638 
-0.0953385 0.142843 0.00241025 
-0.0180805 0.122318 -0.013842 
0.0362968 0.117398 -0.00629396 
0.0392431 0.117422 -0.00332681 
0.0384871 0.0863796 0.0294031 
0.0363494 0.108573 0.00961117 
-0.0604865 0.122692 0.00385197 
-0.0567461 0.121855 0.00592175 
-0.0539653 0.123736 0.00536955 
0.0731437 0.116505 -0.00179379 
-0.0465189 0.123244 0.00555072 
0.00495115 0.132724 -0.00149525 
-0.0436991 0.122256 0.00521933 
-0.0408094 0.122815 0.00392295 
-0.0307457 0.0669039 0.0260569 
-0.036551 0.1235 0.00167981 
-0.0100545 0.119449 -0.00273669 
0.0271045 0.0866041 0.0102453 
0.0660284 0.118318 -0.010921 
0.0386696 0.112709 -0.00297521 
0.0110542 0.119431 -0.00178547 
-0.0475596 0.0943054 0.0193523 
-0.0494707 0.138931 -0.00955813 
-0.0267884 0.0784575 0.0209695 
-0.0654217 0.124051 -0.00602654 
-0.0636824 0.0745764 0.0173393 
0.0359443 0.138345 -0.00233367 
-0.0150883 0.122431 -0.0119661 
-0.00200984 0.12161 0.000222638 
0.0416496 0.119381 0.0104847 
0.0119038 0.123025 -0.00137314 
0.0398244 0.122304 -0.00353867 
-0.0151905 0.0564474 0.0259763 
0.0380344 0.121309 0.00720816 
0.0392167 0.120619 0.00843272 
-0.0600438 0.127536 -0.00310779 
-0.0619717 0.125384 -0.000821848 
-0.0598269 0.125375 0.00127543 
-0.0533326 0.127015 0.00305243 
-0.0427962 0.158069 0.000605012 
0.0681984 0.122007 -0.00917009 
-0.0426549 0.174983 0.00172401 
-0.0507183 0.122434 0.00643126 
0.0709727 0.121147 -0.00623952 
-0.0432396 0.128436 0.00345931 
-0.00377862 0.187269 -0.0259251 
0.0322938 0.0885402 0.0173818 
0.0384079 0.123098 0.00699789 
-0.0389986 0.176839 -0.000875149 
0.0732703 0.122919 -0.007267 
0.0324281 0.141783 -0.00268336 
-0.0160108 0.126689 -0.0152348 
-0.00773632 0.127221 -0.00511428 
-0.0495421 0.137151 -0.00630364 
-0.00446484 0.126923 -0.00234836 
0.0915809 0.145773 -0.00520346 
-0.0465079 0.137271 -0.00241592 
-0.077176 0.164192 -0.0038196 
-0.0092601 0.0986844 0.00483811 
0.00494642 0.126424 -0.000139016 
-0.0514055 0.0989099 0.0145438 
-0.0557556 0.131681 -0.00663206 
-0.0747467 0.163391 -0.00481839 
-0.0807006 0.082975 -0.00965399 
0.00798975 0.127332 -0.000507836 
-0.0321227 0.129109 -0.000708791 
-0.00242267 0.128558 -0.00191688 
-0.0318387 0.132815 -0.000705973 
0.00586935 0.1414 -0.00491608 
0.0360891 0.127095 -0.00611967 
0.0461943 0.127147 -0.00148986 
0.0525619 0.126949 -0.00218916 
0.0670808 0.123871 -0.0121203 
0.0315429 0.11537 -0.0184671 
0.00698057 0.0565087 0.024164 
-0.0584311 0.129813 -0.00543174 
-0.0699993 0.159237 -0.0103447 
-0.0743111 0.0614188 -0.0167626 
0.0239189 0.128116 -0.00718761 
0.0263233 0.127514 -0.00812095 
0.0561006 0.12735 -0.0034305 
0.0700796 0.127042 -0.0107 
0.0686914 0.124632 -0.0100075 
-0.00813977 0.132274 -0.0115971 
0.029256 0.128257 -0.00798355 
0.0386082 0.107554 -0.00260648 
0.0837712 0.126757 -0.0105445 
-0.0199342 0.0869601 0.00963719 
-0.0569917 0.130802 -0.00986869 
-0.0495318 0.131985 4.35722e-05 
0.0743583 0.131751 -0.00971202 
0.0326454 0.112719 -0.00952672 
-0.0465118 0.130917 0.0018964 
-0.0196053 0.108133 -0.00777809 
-0.0433635 0.132651 0.0016167 
-0.040018 0.131624 0.00204887 
-0.0367256 0.132299 0.00121077 
0.0808703 0.127637 -0.0105018 
0.0807364 0.13219 -0.00925098 
-0.0076333 0.129506 -0.00718706 
0.00808148 0.143435 -0.00548913 
-0.0149368 0.130577 -0.0155034 
-0.00554495 0.132302 -0.0072222 
-0.0643714 0.106785 0.0114952 
-0.0986473 0.144361 0.00217869 
0.00204101 0.131969 -0.00181724 
0.0192793 0.132235 -0.00253237 
-0.0562871 0.174988 0.00599114 
0.0293589 0.13119 -0.00545753 
-0.0544103 0.175978 0.00502587 
0.0725843 0.0805494 0.0228412 
0.0324983 0.129658 -0.0065694 
0.0353628 0.130952 -0.00469579 
-0.0644642 0.146912 0.0134544 
-0.0474069 0.13417 -0.00076596 
-0.036289 0.157111 0.00305135 
0.00963258 0.0597976 0.0250668 
0.0327077 0.132949 -0.00405928 
-0.0602944 0.147794 0.0118693 
0.052358 0.131892 -0.00272705 
0.0909661 0.135912 -0.00763953 
0.055971 0.131613 -0.00408258 
0.0756653 0.0868692 0.0205284 
-0.0512257 0.134283 -0.00500109 
-0.0290122 0.133926 -0.00226444 
0.0560915 0.148822 -0.0163559 
-0.0281173 0.134024 -0.0027319 
0.0386449 0.0932876 -0.00272905 
0.0842776 0.13126 -0.00949861 
-0.0525267 0.135761 -0.013995 
0.033804 0.118478 -0.0127356 
-0.0425601 0.136812 -0.000171137 
-0.0367901 0.13689 0.000353649 
0.0354318 0.112771 -0.00543563 
-0.0320956 0.137578 -0.00101015 
-0.027737 0.137573 -0.00302688 
-0.0399381 0.13826 -0.000103058 
-0.0111112 0.136116 -0.0165222 
0.00432467 0.117774 0.000943286 
-0.00859781 0.137498 -0.0165984 
-0.00618666 0.135327 -0.0120422 
-0.000613467 0.136089 -0.00518735 
-0.0513221 0.159843 -0.0127991 
-0.0405326 0.127293 0.00324366 
0.00468674 0.137295 -0.00314171 
0.0152592 0.136597 -0.00202895 
0.0722363 0.104944 0.00759347 
0.0547483 0.136238 -0.00464012 
-0.0932937 0.139243 -0.00280748 
0.0260699 0.136849 -0.00287229 
0.0325806 0.136994 -0.00277568 
-0.0786355 0.180101 0.00589115 
-0.0703996 0.147722 0.0147401 
0.0428404 0.136675 -0.00183118 
0.0462739 0.136655 -0.00224535 
0.0690408 0.135967 -0.0147395 
-0.00244969 0.14357 -0.0166094 
0.0235807 0.0740064 0.0120644 
-0.0767353 0.139863 0.0208344 
-0.0662038 0.160278 -0.0106185 
0.028971 0.137548 -0.00275864 
-0.0946636 0.140513 -0.00154207 
-0.0871689 0.140957 -0.00261329 
-0.0502765 0.118051 0.00784829 
0.0699903 0.117375 -0.00423456 
-0.07934 0.14078 0.00522738 
-0.0732767 0.143896 0.0180304 
0.0711524 0.136542 -0.0119212 
-0.0827768 0.142857 0.0236714 
-0.0600039 0.175474 0.00349095 
-0.0779549 0.142487 0.0217024 
0.0267683 0.102571 -0.0104526 
-0.0950905 0.141207 -0.000995447 
-0.054029 0.117261 0.00867459 
-0.0819213 0.141773 0.00745277 
-0.085042 0.144443 0.0236781 
-0.0291382 0.140614 -0.00255492 
0.0842784 0.138067 -0.0070177 
-0.0687482 0.143505 0.0161776 
-0.0641143 0.143386 0.0147339 
-0.0607267 0.142838 0.0132159 
-0.0582544 0.143296 0.0127815 
-0.0391481 0.181997 -0.0339904 
0.0338819 0.12097 -0.0125163 
-0.00072463 0.141263 -0.0116239 
0.00233083 0.141548 -0.00776217 
-0.0780614 0.171407 0.0175565 
0.0222699 0.147627 -0.00480623 
0.00853725 0.140136 -0.00335968 
0.0364398 0.157357 -0.0174783 
0.0154205 0.140453 -0.00279665 
0.0539275 0.139767 -0.00561083 
0.0331722 0.156988 -0.0175876 
0.018745 0.141964 -0.00296172 
-0.00223883 0.0888497 0.00420969 
0.0531689 0.139427 -0.00508179 
-0.0629165 0.0650108 0.0256214 
0.0120684 0.141947 -0.00364494 
0.0457569 0.141537 -0.00337698 
-0.0159171 0.182052 -0.0198635 
0.0724405 0.141084 -0.0115924 
-0.0558554 0.168497 0.00643186 
-0.0818914 0.0649863 -0.0238005 
0.074516 0.141371 -0.00819286 
0.0367613 0.101131 0.0201276 
0.0775266 0.140052 -0.00771375 
0.0371464 0.103115 0.0196557 
-0.00368008 0.135975 -0.00869636 
0.0803229 0.141356 -0.00687378 
0.0844526 0.141337 -0.00647028 
0.0874857 0.141368 -0.00594417 
-0.0393614 0.1439 0.00510857 
-0.0302251 0.143662 0.000878601 
0.0531638 0.140897 -0.00573195 
0.050304 0.141731 -0.00478776 
0.0153626 0.143808 -0.00392827 
-0.0832738 0.146449 0.0227602 
-0.0851755 0.179301 0.0118337 
0.0253806 0.085711 0.00770177 
0.00819854 0.0636234 0.0143923 
-0.0791811 0.147323 0.0197611 
-0.0540495 0.14734 0.0109511 
-0.0267681 0.0755971 0.0213648 
-0.0228836 0.144035 -0.00259075 
-0.0850332 0.148409 0.0209795 
-0.0780078 0.0695578 0.000169853 
-0.0499017 0.148059 0.00942978 
-0.0474467 0.146717 0.00929972 
-0.0357525 0.147243 0.00344019 
-0.0334211 0.147079 0.00262356 
-0.0303136 0.146623 0.00123336 
0.00379735 0.143958 -0.00991943 
-0.0596159 0.167982 0.0109759 
0.0652615 0.0689705 0.0248222 
-0.0504998 0.142885 0.0103742 
0.0774948 0.142993 -0.0083916 
0.0406186 0.121464 0.0088104 
-0.0588764 0.0737423 0.0348489 
-0.00110747 0.146507 -0.0173116 
-0.0467834 0.127498 0.00387889 
0.0735226 0.126553 -0.00936878 
0.0292362 0.147513 -0.00414855 
