-0.0181299 0.201897 0.0229959 
-0.0161889 0.201073 0.0234607 
0.0163289 0.201015 0.0372123 
-0.00845329 0.197244 0.0264951 
-0.00985476 0.194369 0.0280893 
0.0220375 0.194579 0.038913 
0.0206782 0.19592 0.0383414 
0.00841786 0.193285 0.0327441 
0.00494466 0.193869 0.0316689 
0.0187015 0.19235 0.0394303 
-0.00465979 0.191697 0.0302659 
0.0243025 0.190861 0.0182093 
0.0279954 0.189737 0.0173647 
0.01395 0.190388 0.0530357 
0.0754837 0.187728 0.0513132 
0.0268179 0.190725 0.035383 
0.0842234 0.186234 0.0479463 
0.0768308 0.187074 0.0498329 
0.074455 0.186875 0.052781 
0.0263894 0.188639 0.0209779 
0.0263086 0.18942 0.0384055 
0.0220632 0.190051 0.0402721 
0.0124412 0.189521 0.0552575 
0.0772682 0.185589 0.0508425 
0.0303566 0.185434 0.0446341 
0.021839 0.185962 0.0408873 
0.0163612 0.185904 0.0392376 
0.0737412 0.184726 0.0539186 
0.043012 0.184282 0.0492618 
0.0172987 0.185294 0.0562261 
0.0862436 0.182888 0.0432977 
0.0818038 0.182678 0.0533893 
0.0830678 0.182878 0.0573039 
0.0825572 0.181677 0.061745 
0.0795861 0.181047 0.0635837 
0.0538053 0.182053 0.0497627 
0.0516582 0.182139 0.0535673 
0.021072 0.18423 0.053908 
0.0211777 0.182173 0.0564915 
0.0191396 0.182274 0.0572644 
0.0561472 0.18064 0.0475791 
0.0191383 0.181302 0.0574568 
0.0853614 0.179595 0.0424817 
0.0500931 0.179726 0.0569488 
0.0381084 0.180095 0.0549451 
0.0229999 0.180219 0.056417 
0.0230236 0.197786 0.0353437 
0.0139969 0.179077 0.0523128 
0.0469766 0.178467 0.0584173 
-0.00501114 0.180456 0.0481729 
0.0838561 0.175522 0.036056 
0.0850528 0.1776 0.0394182 
0.0809467 0.177821 0.0528579 
0.0795559 0.177516 0.0650023 
0.0512819 0.178149 0.054106 
0.0410453 0.176986 0.0582586 
0.0274967 0.178625 0.0551367 
0.0207856 0.177006 0.0538312 
0.0153442 0.177127 0.0536857 
-0.00253119 0.178955 0.0488949 
0.0811811 0.174799 0.0443919 
0.0808819 0.174814 0.0625635 
0.053237 0.174898 0.0527027 
0.025074 0.175507 0.0543511 
0.0823552 0.174097 0.0355144 
0.0833343 0.174209 0.0394439 
0.079999 0.174281 0.05439 
0.00567955 0.17505 0.0502736 
0.0811412 0.170933 0.0374908 
0.0808211 0.172359 0.0407899 
0.0711514 0.170326 0.0400926 
0.0772584 0.17206 0.0593394 
0.0744644 0.171795 0.0653476 
0.0681963 0.171933 0.0650628 
0.0556886 0.170646 0.0585263 
0.0821725 0.1782 0.0625136 
0.0510308 0.173594 0.0550188 
0.0449338 0.172978 0.0555144 
0.040022 0.173182 0.056714 
0.0325101 0.173172 0.0564535 
0.0273892 0.173096 0.0552232 
0.0213634 0.173446 0.0545855 
0.00897487 0.172693 0.0529611 
-0.00591961 0.17175 0.0474499 
-0.00910129 0.171766 0.046624 
0.0754352 0.169604 0.0642969 
-0.00216479 0.169897 0.048545 
0.0750183 0.167835 0.0574552 
0.0748409 0.168216 0.0588575 
0.0662845 0.167815 0.0637955 
-0.0072923 0.182539 0.0472944 
0.0623335 0.167267 0.0641457 
0.0448942 0.168474 0.0568309 
0.0242675 0.167244 0.0556758 
-0.00949916 0.168964 0.0471288 
0.0767328 0.166619 0.0365521 
0.074099 0.167332 0.0385188 
0.0616633 0.165752 0.0317059 
0.065587 0.165234 0.0609561 
0.0596252 0.165864 0.0630422 
0.0550774 0.165934 0.062513 
0.0530437 0.168392 0.0596233 
0.0479138 0.165624 0.0603691 
0.0434461 0.165458 0.0594518 
0.027993 0.167993 0.0560371 
0.0160817 0.16872 0.0533578 
0.0132837 0.167685 0.052791 
0.00927804 0.168343 0.0527454 
0.00172018 0.168303 0.0496452 
-0.00149884 0.166722 0.0475445 
-0.00513115 0.16797 0.0477437 
-0.00502899 0.165213 0.0491539 
0.0647111 0.163913 0.0601292 
0.0547855 0.164068 0.0616067 
0.0431525 0.164079 0.059526 
0.0692001 0.163448 0.0575196 
0.0780231 0.173191 0.0647833 
-0.00253725 0.164417 0.0495712 
0.0523701 0.162099 0.0595904 
0.0474462 0.163071 0.0596513 
0.0444697 0.160168 0.0346658 
0.0440011 0.160115 0.0381726 
0.0421102 0.159899 0.0418487 
0.0396943 0.160147 0.0439442 
0.0357917 0.160045 0.0473114 
0.0311079 0.160423 0.0510744 
0.0198758 0.162979 0.0522786 
0.0159866 0.16334 0.0534566 
0.0140804 0.161641 0.0525476 
0.00473326 0.162904 0.0518288 
0.00170489 0.162971 0.0510387 
0.0448045 0.160556 0.0280584 
0.04796 0.159015 0.0384638 
0.0470852 0.159634 0.0283084 
0.0467123 0.158653 0.0292408 
0.0320069 0.159295 0.0510958 
0.049761 0.15818 0.0289263 
0.0589484 0.163133 0.0605746 
0.050983 0.157841 0.0410546 
0.016997 0.158541 0.0522918 
0.0906729 0.156317 0.0452389 
-0.0134522 0.199317 0.0247436 
0.0553224 0.157109 0.0403087 
0.057432 0.155916 0.0442059 
0.0454916 0.157794 0.0439874 
-0.00618082 0.194779 0.0287547 
0.0914321 0.15515 0.0438421 
0.0425684 0.156084 0.051704 
0.0483361 0.154625 0.0530751 
0.0444235 0.155041 0.054005 
0.0400244 0.155131 0.055234 
0.0377999 0.156657 0.0534373 
0.0287131 0.156987 0.0540756 
0.0752222 0.164058 0.037501 
0.0260268 0.157902 0.0531685 
0.0199242 0.157218 0.0517576 
0.0142957 0.157168 0.0522235 
0.0822895 0.155313 0.0586472 
-0.00507547 0.155834 0.0480021 
0.0765571 0.154124 0.0595644 
0.0877539 0.15277 0.0575965 
0.0115343 0.191864 0.0536796 
0.0483635 0.153582 0.0477363 
0.0790215 0.175605 0.0586597 
0.00120887 0.153942 0.0484777 
-0.0010548 0.152814 0.0471759 
0.0543736 0.152253 0.0517734 
0.0811843 0.15226 0.0604457 
0.0923067 0.150926 0.0541951 
0.0210428 0.190517 0.0189211 
0.0372743 0.151245 0.0546205 
0.0941472 0.157625 0.0516378 
0.0289983 0.151773 0.0534577 
0.0257701 0.151794 0.0528133 
0.0207062 0.151648 0.051928 
0.0176736 0.152688 0.0513785 
0.055735 0.161467 0.0594332 
0.0523775 0.155866 0.0460141 
0.0134204 0.152021 0.0509327 
0.00602858 0.150072 0.0505794 
0.0420704 0.187144 0.0444046 
0.0941029 0.150534 0.0465373 
0.089766 0.147994 0.0453797 
0.0889368 0.148219 0.0478116 
0.0884109 0.150336 0.0607295 
0.0833839 0.150089 0.0618369 
0.0695657 0.150988 0.0586832 
0.06471 0.149158 0.0580863 
0.0614458 0.149915 0.0564872 
0.0566681 0.150138 0.0559476 
0.0519524 0.149967 0.0561938 
0.0499315 0.152195 0.0550433 
0.092581 0.153963 0.0469396 
0.00740979 0.148824 0.0496025 
0.0484905 0.147837 0.0567957 
0.0101623 0.148579 0.0482914 
0.0878754 0.146961 0.047894 
0.0927139 0.146559 0.0414242 
0.0870098 0.146464 0.0436183 
0.0792611 0.148803 0.0621268 
-0.0409884 0.146179 0.0120961 
0.0817302 0.144913 0.0401884 
0.020748 0.192511 0.0176817 
0.0368534 0.147471 0.0552278 
-0.0369502 0.145719 0.0151078 
0.0859975 0.145194 0.0372772 
0.0729809 0.17096 0.040173 
0.0258412 0.146768 0.0531211 
0.0202377 0.199821 0.0368358 
0.0798649 0.143671 0.0352818 
0.0457466 0.177436 0.0566823 
0.0229285 0.144027 0.0479631 
0.0527356 0.153111 0.0482818 
0.0148674 0.145928 0.0501114 
0.0830229 0.143514 0.0350678 
0.088756 0.145871 0.0623303 
0.095262 0.159391 0.0532875 
0.0840058 0.145097 0.0643768 
0.0567399 0.145576 0.0576809 
0.0518551 0.145547 0.0576387 
0.0482769 0.144809 0.0573804 
0.0452623 0.145689 0.0569731 
0.0493116 0.159602 0.0276298 
0.0326712 0.146698 0.0545553 
-0.00574674 0.0824706 0.0429828 
0.0747948 0.0792178 0.0376001 
-0.0158055 0.108626 0.0297454 
-0.00530075 0.0776909 0.0429008 
0.0684044 0.0803865 0.0580797 
-0.0474865 0.0729165 0.011716 
0.0636719 0.0803008 0.0615173 
0.0674772 0.0723479 0.00299059 
0.0837735 0.186235 0.0489822 
-0.060029 0.108849 -0.00345261 
0.056533 0.183908 0.0458112 
-0.00694316 0.0895166 0.0397114 
0.0705811 0.142193 0.0606601 
0.0563869 0.142452 0.0566931 
-0.00480592 0.0814245 0.0424608 
0.0178964 0.187582 0.0521915 
0.0736737 0.0744771 0.0476843 
-0.0536511 0.0742838 0.0128453 
0.0677019 0.0700457 0.0116783 
0.0585587 0.0747476 0.06308 
0.0464348 0.107858 0.0595587 
0.0746831 0.0747512 0.039218 
0.0658987 0.111886 0.0409684 
0.00317981 0.0650496 0.0503735 
0.0385687 0.0775489 0.0671352 
0.035845 0.0486666 0.0484349 
0.0562347 0.112927 0.0559714 
0.0658726 0.0999388 0.056203 
0.0875973 0.142453 0.0347647 
0.0179136 0.123922 0.0458201 
0.0561734 0.0587348 0.0578667 
0.0695282 0.140915 0.0595127 
0.0704052 0.0714436 0.0542558 
0.0696308 0.0593474 0.0384237 
0.0806595 0.177325 0.0573405 
0.0548763 0.17066 0.0589319 
0.0634929 0.0748346 0.0608316 
0.0726918 0.0962476 0.0433941 
0.0856402 0.153574 0.0593987 
0.0714084 0.0680639 0.00949705 
-0.0615091 0.11416 -0.00487517 
0.0684793 0.0673609 0.0253411 
0.0736322 0.0633977 0.0145262 
0.0734957 0.0688147 0.0386473 
0.0639366 0.145462 0.0591786 
0.0177604 0.0697453 0.0607071 
0.0531823 0.124398 0.046921 
0.0766028 0.0583261 0.00780966 
-0.0515331 0.065216 0.0123274 
0.0390999 0.142566 0.0561383 
0.0451989 0.186291 0.0458324 
0.0206318 0.0682629 0.0612151 
0.0788513 0.0646369 0.00229234 
0.0707698 0.0962955 0.050305 
0.0739233 0.0653784 0.0098672 
0.0470376 0.128241 0.0475247 
0.0731852 0.0691901 0.043755 
0.0162632 0.0619083 0.0609146 
0.0394494 0.113286 0.0564435 
-0.0513873 0.062025 0.0156233 
0.0370083 0.115559 0.0553597 
0.047827 0.155562 0.046688 
0.0461121 0.0695244 0.061944 
0.0398838 0.0704205 0.0620621 
0.0741417 0.0803646 0.047887 
0.0651368 0.142109 0.0590614 
0.0437146 0.0593597 0.0835188 
0.0133382 0.141024 0.046174 
0.0292647 0.141648 0.0470705 
0.0935232 0.150927 0.0509435 
-0.00327367 0.0657605 0.0481989 
0.024425 0.194731 0.0358696 
0.0128477 0.172074 0.0534036 
0.0447602 0.0665587 0.0699684 
0.052032 0.10795 0.0599341 
0.0160803 0.173899 0.0545676 
0.0407855 0.0663668 0.0624109 
0.057134 0.108257 0.0581532 
-0.0509986 0.0607813 0.0178671 
0.0364428 0.0666156 0.0671296 
0.0498673 0.11905 0.0546254 
0.0695357 0.0703074 0.00449963 
0.0677233 0.0631431 0.0242296 
0.0706496 0.173078 0.0640647 
0.0382887 0.0502077 0.0512969 
0.0607875 0.112069 0.0533361 
0.0264675 0.161337 0.0533255 
-0.0215671 0.119716 0.026293 
-0.0591184 0.0575712 0.0116207 
0.0261277 0.186529 0.0406019 
0.0640353 0.0725196 0.00575738 
-0.0249306 0.136918 0.0218565 
-0.017474 0.0991614 0.0294158 
0.0311119 0.0706367 0.0651696 
-0.0189396 0.119338 0.0271718 
0.0523261 0.0598244 0.0778731 
0.0681111 0.074815 0.0575153 
0.0879439 0.159808 0.0553934 
0.0401737 0.0487253 0.0472429 
0.0341217 0.139513 0.0458276 
0.0477798 0.0592175 0.0794578 
0.0567052 0.061659 0.066225 
0.0452488 0.181975 0.0549875 
0.0648107 0.11311 0.0379576 
0.0395457 0.058944 0.0835194 
-0.00162381 0.0934509 0.0361242 
-0.0509252 0.0745081 0.0116387 
-0.0543381 0.102137 0.000754184 
-0.0665078 0.0591082 0.0137664 
0.0754918 0.0535108 0.0113122 
0.0281817 0.0695595 0.0640711 
0.069743 0.0647097 0.0501055 
0.00553983 0.158325 0.0502073 
0.0375969 0.0808502 0.0681366 
0.065673 0.0654537 0.0564202 
0.0638341 0.0514122 0.0207236 
0.0834263 0.183446 0.0506206 
0.0479514 0.0515938 0.0517638 
0.0550606 0.0551656 0.0711719 
0.0679857 0.0592254 0.0458753 
0.0912622 0.147077 0.0590614 
-0.0637878 0.051773 0.0177241 
-0.00497196 0.153543 0.0475717 
0.0728334 0.0796813 0.0512219 
-0.00947996 0.198631 0.0250842 
0.0505257 0.0559829 0.0781107 
0.0617174 0.0559736 0.0515006 
-0.0350054 0.145906 0.0156133 
-0.0580071 0.10732 -0.00211986 
0.0725039 0.0487405 0.0135338 
0.0649359 0.0538856 0.0371887 
0.0943302 0.161317 0.0559935 
-0.0184743 0.13938 0.0215616 
0.0405616 0.151986 0.0554997 
0.0688127 0.0679663 0.0161613 
0.0526483 0.0645064 0.0619587 
0.013187 0.0651236 0.0574039 
0.0718795 0.0969038 0.0464387 
0.0227577 0.19244 0.0172535 
0.0755047 0.0616938 0.0111354 
0.0409958 0.157491 0.0455191 
0.0175444 0.14595 0.0491122 
0.0545648 0.0510445 0.0484129 
0.0712383 0.168113 0.0616918 
0.0701099 0.0612572 0.0420057 
0.0270579 0.114529 0.0505668 
0.0426901 0.0862401 0.0669849 
0.0708411 0.176001 0.062543 
0.0799874 0.16909 0.0391113 
0.040697 0.0582895 0.0833812 
0.0750375 0.0801182 0.0432529 
0.0213348 0.148193 0.0517905 
0.0542425 0.0524811 0.0521013 
0.008555 0.162691 0.0523589 
0.0354566 0.0872444 0.0677137 
0.0417668 0.0774175 0.0658726 
0.0681847 0.145917 0.0599645 
0.0450735 0.0754406 0.0631049 
0.0465402 0.132099 0.0396109 
0.00869303 0.15188 0.0510177 
0.0018178 0.0647779 0.0510431 
0.0624591 0.165623 0.0309929 
0.0566705 0.0544275 0.0789399 
-0.00506333 0.117773 0.0270155 
0.00841098 0.190745 0.034865 
0.0460836 0.0782923 0.0638441 
-0.00200395 0.195637 0.028875 
0.0562844 0.0570984 0.0782373 
0.0534217 0.0807126 0.0646426 
0.0310678 0.0807158 0.0678642 
0.0692731 0.069054 0.0230143 
-0.025622 0.14436 0.0189867 
0.0706998 0.0748512 0.0544105 
0.027744 0.113809 0.0502245 
0.00459176 0.169069 0.0523182 
-0.0213739 0.130448 0.0242652 
0.0495362 0.0656075 0.0621526 
0.0156083 0.131581 0.0460248 
0.0785387 0.067924 0.00204011 
0.071361 0.0804395 0.0545577 
0.0540583 0.063021 0.0732098 
0.0189376 0.125778 0.047394 
0.0400815 0.0499651 0.0509698 
0.0739939 0.0909047 0.0436118 
-0.0149667 0.114082 0.0292419 
0.0021035 0.0537188 0.0557789 
0.0377487 0.0509717 0.0515544 
0.000365575 0.190857 0.0320097 
-0.0488446 0.0662407 0.00956991 
0.0238375 0.075126 0.0649505 
0.0547828 0.0629688 0.0681505 
0.0135574 0.0617323 0.0594908 
0.0692755 0.0726324 0.0234819 
0.0588214 0.0804185 0.0636286 
0.060322 0.0518469 0.021304 
0.0468057 0.112695 0.0583068 
0.0421494 0.18635 0.0462196 
0.0500869 0.127378 0.0451261 
-0.0212447 0.135426 0.0231725 
0.0499176 0.0671003 0.0621929 
0.0211958 0.168294 0.0545268 
0.0648889 0.05437 0.0405733 
0.0326238 0.168872 0.0565051 
0.0695147 0.0934975 0.0541421 
0.0685135 0.0678978 0.0540928 
0.0577617 0.050768 0.0448196 
0.0668355 0.167786 0.0360654 
-0.0511003 0.0708875 0.0132957 
0.0764548 0.150812 0.0605663 
0.0473228 0.0579722 0.0827942 
-0.0024067 0.156227 0.0486252 
0.00458524 0.0502118 0.0565957 
-0.0269857 0.144751 0.0186935 
-0.00790651 0.0604404 0.0477102 
0.0582671 0.0496836 0.0412639 
0.0173553 0.203862 0.0348614 
0.0266487 0.139394 0.0485358 
0.0785177 0.0636014 0.00402428 
0.0650012 0.0570661 0.0486136 
0.0867983 0.155729 0.0559484 
0.0716095 0.066938 0.013496 
0.0533563 0.0858316 0.0645395 
0.0357197 0.173783 0.0569399 
0.0710707 0.0692935 0.0507309 
0.0305884 0.129858 0.0511841 
0.0605435 0.0507999 0.0398337 
0.0525859 0.049345 0.0482175 
0.0872255 0.181716 0.0402264 
-0.0442892 0.0700576 0.0150882 
0.0712479 0.1835 0.0556217 
0.0545548 0.0574888 0.0791042 
0.0356892 0.0695891 0.0644546 
0.00587809 0.060109 0.0555834 
0.0197542 0.129345 0.0483684 
0.0545831 0.0610991 0.060404 
0.036762 0.0911009 0.065853 
0.0483242 0.0544537 0.0838957 
0.0572216 0.115099 0.0531434 
0.0371442 0.129325 0.0513722 
0.0180256 0.19551 0.0389897 
0.0737046 0.0915037 0.0391225 
0.0620597 0.0622085 0.0567609 
-0.0664124 0.0566215 0.0151343 
0.0948356 0.146483 0.0397366 
0.04287 0.136284 0.0336175 
0.0599152 0.0493743 0.0195395 
0.0628692 0.0693022 0.0595992 
0.0744481 0.058178 0.0151507 
-0.00460948 0.0682638 0.0480104 
0.00698931 0.0490077 0.0562528 
0.066221 0.108997 0.048295 
0.070143 0.0580955 0.0201897 
-0.0484529 0.073755 0.0101197 
0.00983705 0.0632328 0.055854 
0.0327562 0.156966 0.0539649 
0.0368736 0.131694 0.0498175 
0.0619585 0.0648124 0.0583492 
-0.0649528 0.054519 0.0166554 
-0.0518047 0.0628647 0.0163563 
0.0167737 0.0504499 0.0549172 
0.0397759 0.145553 0.056245 
0.0704836 0.0652805 0.0178399 
-0.0541047 0.0636422 0.0179928 
-0.00753401 0.113708 0.0296038 
0.057375 0.0489116 0.0412738 
0.0418966 0.131318 0.047292 
0.0464161 0.102296 0.0606703 
0.0738096 0.169377 0.0645323 
0.0702086 0.0630468 0.0461137 
0.072276 0.0618466 0.0179042 
-0.00937699 0.120791 0.0274725 
0.0591006 0.0497689 0.0390499 
0.0452199 0.159066 0.0397877 
0.0297772 0.124196 0.0520295 
0.0726973 0.0856017 0.0511421 
0.0363031 0.108407 0.0556327 
0.0658356 0.0576994 0.0227963 
0.00930502 0.15734 0.0519068 
6.54087e-06 0.0684927 0.0491255 
0.0346676 0.0804889 0.0683502 
0.0543428 0.0611399 0.0609087 
0.0714583 0.145314 0.0609416 
0.0487431 0.0755583 0.0638207 
0.0527503 0.122402 0.0498573 
0.0415821 0.0747676 0.0644125 
0.0429631 0.160461 0.0292038 
0.0670325 0.0693732 0.0564696 
0.0980795 0.161601 0.0551723 
0.0148005 0.0492956 0.0525792 
0.0590733 0.0531267 0.0501219 
0.0401457 0.134644 0.045283 
0.0237393 0.140907 0.0482317 
-0.0495839 0.0957302 0.0040205 
0.0578544 0.0546297 0.071726 
0.0374827 0.0655237 0.0708826 
-0.00473329 0.086733 0.0397646 
0.0424259 0.10162 0.0596245 
0.0593896 0.0567072 0.0707687 
0.0366593 0.102887 0.0557816 
0.0554656 0.0550961 0.0551671 
0.0583852 0.0551 0.0535362 
0.00221414 0.0948699 0.0350957 
0.072221 0.0553694 0.017975 
0.066645 0.0633299 0.0535367 
0.0767807 0.18636 0.051488 
0.00861975 0.0611505 0.0567889 
0.0697199 0.165756 0.0583634 
0.0756029 0.0534215 0.00894591 
0.0692933 0.0537793 0.0195876 
0.0151143 0.188458 0.0542602 
0.0818363 0.179297 0.0496048 
0.076272 0.164035 0.0365882 
0.0394491 0.0641789 0.0744752 
0.0738563 0.085324 0.0476991 
0.0655401 0.0710089 0.0063953 
0.043296 0.108581 0.0587414 
0.042564 0.0806394 0.0666424 
0.0262254 0.118549 0.0504649 
0.0557653 0.0493544 0.0443804 
-0.0533839 0.098479 0.00214484 
0.0678586 0.0574996 0.0411858 
0.0698207 0.0516402 0.0182461 
-0.0595041 0.0560074 0.0110833 
0.043362 0.0631035 0.0820502 
0.0489327 0.0716039 0.0630745 
0.0525801 0.0694691 0.0628149 
0.0328471 0.124358 0.0529282 
0.0580158 0.121709 0.0371679 
0.0758 0.0579149 0.0115496 
0.0726474 0.0586006 0.0179369 
-0.0239062 0.141472 0.0205282 
0.0447581 0.142539 0.0567501 
0.0737359 0.0528272 0.0147664 
-0.0611995 0.0556007 0.0129034 
0.0330526 0.0667809 0.0677344 
0.0580553 0.0589696 0.068724 
0.0832517 0.17584 0.0416883 
0.0437077 0.0620774 0.0826626 
0.0762748 0.0698692 0.003672 
0.0744588 0.0855965 0.0387987 
-0.000834214 0.0611016 0.0505879 
0.0523668 0.0637793 0.0762673 
-0.00527208 0.09205 0.0361015 
-0.0569135 0.105129 -0.00105904 
0.0482339 0.0553164 0.0781757 
-0.0117119 0.113565 0.0301467 
0.0267407 0.0766061 0.0663127 
0.0616669 0.0543164 0.0226993 
0.0438251 0.113538 0.0577233 
0.045362 0.151363 0.0559082 
-0.030163 0.145989 0.0174171 
-0.00399697 0.0605529 0.0498491 
0.00440469 0.172753 0.0524693 
0.0706088 0.0620444 0.0354374 
0.00512975 0.0952263 0.0340156 
0.00452674 0.192159 0.0331527 
0.057354 0.0641519 0.0605333 
0.0485058 0.160365 0.0269515 
0.0367778 0.119417 0.0544528 
0.0176442 0.155511 0.0517577 
0.0587766 0.0617499 0.0584688 
0.0469356 0.0496065 0.0497971 
0.0669578 0.102267 0.0530636 
0.062104 0.0525188 0.0430996 
0.032239 0.11035 0.0531111 
-0.0209791 0.139749 0.0216916 
0.0518851 0.0504031 0.0501448 
0.0345315 0.0659773 0.0696025 
0.0608205 0.11868 0.0383608 
0.0718388 0.0637023 0.0392477 
0.00428744 0.0980293 0.0327472 
0.0150277 0.205123 0.0350728 
0.0747347 0.0790553 0.0388124 
0.0497822 0.0990628 0.0621894 
0.00304926 0.0587195 0.0553145 
-0.0545052 0.070895 0.0129665 
0.0689807 0.169192 0.0387596 
-0.0473445 0.0707704 0.0149756 
0.0470972 0.0627557 0.0793114 
0.0698183 0.0632503 0.0209204 
0.0531264 0.075059 0.0638649 
0.0648468 0.0591069 0.0518803 
0.0243812 0.193355 0.0377711 
0.0433986 0.0656142 0.0721451 
0.017241 0.0650833 0.0597719 
0.0828484 0.177831 0.0457718 
0.0469131 0.0806144 0.06445 
0.0268245 0.0799298 0.0667801 
-0.0213887 0.111104 0.0266954 
0.055799 0.0589128 0.0740271 
0.0212203 0.0655225 0.061451 
0.0609088 0.114437 0.0508366 
0.0379251 0.0857944 0.0681308 
0.0589623 0.0858354 0.0637227 
0.0471782 0.0860004 0.0648932 
0.0271292 0.0660977 0.0637984 
0.0582029 0.069486 0.062196 
-0.0171054 0.102701 0.0296564 
0.0480076 0.125534 0.0499045 
0.0638465 0.0857987 0.061441 
0.0684114 0.0855006 0.0578891 
0.000453059 0.193739 0.0310556 
-0.0478499 0.0918721 0.00568754 
0.0711892 0.0855437 0.0544453 
0.0784914 0.0667246 0.00379696 
0.0549034 0.0541902 0.0798054 
0.0259125 0.124489 0.0505554 
0.037306 0.138437 0.0440588 
0.0745475 0.085394 0.0435218 
0.00574743 0.167866 0.0507019 
0.0954367 0.149297 0.040837 
0.0391185 0.0895587 0.0668576 
0.0749053 0.0834971 0.0379576 
0.0720876 0.0681929 0.0470202 
0.0658848 0.107107 0.0518321 
0.00180345 0.157059 0.0494863 
-0.0582153 0.0823734 1.90292e-05 
0.0760499 0.0678665 0.00571233 
0.0731193 0.0864783 0.0345889 
-0.0218292 0.113329 0.0267724 
0.0275714 0.0729472 0.0654098 
0.0533463 0.0913138 0.0638741 
0.0499213 0.181492 0.056923 
0.0240098 0.0701904 0.0633643 
0.0305706 0.135295 0.0494392 
-0.0121486 0.196541 0.0267322 
0.0589317 0.0913792 0.0631164 
0.0483079 0.184919 0.0479962 
0.035298 0.16739 0.0576015 
0.0681917 0.0910939 0.0572674 
0.032644 0.151708 0.0539799 
0.0709757 0.0902418 0.0544036 
0.03327 0.0898501 0.0664391 
0.0540554 0.178845 0.050143 
0.0425613 0.0901636 0.0658242 
0.0608172 0.0585368 0.0550755 
0.0376528 0.124406 0.0535702 
0.0722678 0.0913925 0.0509265 
0.0737838 0.0900988 0.0476935 
-0.0476338 0.0877796 0.00654067 
0.0415736 0.0926185 0.0642911 
0.0459262 0.0924769 0.0631601 
-0.00827069 0.180978 0.0475973 
-0.00457193 0.0897629 0.0379903 
0.00076213 0.092184 0.0365503 
-0.0502261 0.08968 0.00567729 
0.0265388 0.181177 0.0535348 
0.0697775 0.0596136 0.0357539 
0.00492705 0.093374 0.0352158 
0.0459665 0.0548432 0.0850444 
0.0597997 0.0544663 0.0712196 
0.0417999 0.0954432 0.0615124 
0.0845843 0.182789 0.0466102 
0.0488906 0.0511583 0.0509087 
0.0464369 0.0968499 0.0618843 
0.0307977 0.0753244 0.0666615 
0.0495045 0.0953606 0.0627354 
0.015395 0.203896 0.0357578 
0.053092 0.0969375 0.0628806 
-0.0316241 0.137184 0.0184924 
0.0385113 0.139793 0.0405336 
0.0443198 0.133127 0.0426419 
0.063411 0.0967716 0.0597149 
0.065014 0.0536678 0.0215574 
-0.0163412 0.134984 0.023323 
0.0458401 0.0657224 0.06209 
0.0674036 0.0963747 0.0564102 
-0.0446474 0.0675362 0.0146583 
0.0690627 0.0970152 0.0538703 
-0.0510574 0.0920195 0.00476737 
0.0684946 0.0487011 0.0168248 
-0.0526906 0.0611786 0.0194612 
0.0726398 0.0962973 0.0394482 
0.0404663 0.0510364 0.0516 
-0.0586216 0.0835767 1.62431e-05 
-0.0345906 0.141442 0.0167395 
-0.00972793 0.124171 0.0262097 
0.0408194 0.0556856 0.082887 
0.0399347 0.0976429 0.0590694 
-7.11055e-05 0.0976374 0.0341697 
0.0445629 0.118682 0.0558506 
0.0283306 0.1633 0.054319 
-0.00175412 0.0698345 0.047941 
0.04718 0.131647 0.0334147 
0.0751972 0.172933 0.0415756 
0.0406639 0.167815 0.0580986 
-0.0185842 0.124006 0.0264678 
-0.0118868 0.0976587 0.0323829 
-0.00546403 0.0976759 0.0343174 
-0.0521499 0.0945048 0.00362805 
-0.0285162 0.130966 0.0214137 
0.0533884 0.101708 0.0617394 
-0.061628 0.0511418 0.0167771 
0.058028 0.102003 0.0605581 
0.0480225 0.142527 0.0572242 
0.0766887 0.175645 0.0432858 
0.0625868 0.10166 0.0581504 
0.0317799 0.0858796 0.0675202 
-0.0159979 0.104286 0.0298241 
0.0545131 0.183955 0.0473981 
0.0720636 0.149014 0.0599585 
0.0553156 0.0593051 0.0703746 
0.0401326 0.140338 0.0305091 
0.0694347 0.1008 0.0498277 
0.0398487 0.103069 0.058001 
-0.0249584 0.129583 0.0235331 
0.0507838 0.103281 0.061304 
0.0698784 0.102188 0.0455222 
0.00757176 0.0501185 0.0565663 
0.0715712 0.0997624 0.0424522 
0.0387245 0.183236 0.05254 
-0.0140971 0.124543 0.0269154 
0.0707356 0.101209 0.0392785 
-0.0329486 0.136567 0.0184574 
-0.0508511 0.0975299 0.00301503 
0.0803168 0.176196 0.048828 
-0.0631625 0.0588848 0.0131636 
0.0641554 0.103431 0.0560558 
0.0370318 0.164769 0.0586056 
0.0701133 0.103013 0.0411361 
-0.00539311 0.10273 0.0329449 
0.0724314 0.0747315 0.0512203 
0.0153388 0.140522 0.0466527 
-0.000746452 0.103069 0.0318878 
0.0639571 0.0489171 0.019012 
-0.007068 0.108545 0.0312276 
0.00184839 0.174511 0.0506945 
0.0908366 0.156091 0.0531982 
0.0224144 0.13027 0.0492804 
-0.0028018 0.190674 0.0310981 
0.0914548 0.149664 0.0582152 
0.00284301 0.102723 0.030647 
0.0353439 0.176364 0.0567098 
0.0625541 0.0544665 0.0470477 
-0.00840548 0.103879 0.0325576 
0.0766195 0.169466 0.0395325 
0.039817 0.162726 0.0573869 
-0.011568 0.102831 0.03223 
0.054196 0.105349 0.0606697 
0.0573297 0.105405 0.0596146 
-0.061992 0.0543133 0.0157776 
0.0748188 0.0501916 0.0108858 
0.0610247 0.105142 0.0579513 
0.0619255 0.107785 0.0553664 
0.0391534 0.107721 0.0568346 
0.0600198 0.1455 0.0585277 
0.0682505 0.105554 0.049114 
0.0360749 0.144116 0.0561699 
0.0680006 0.107668 0.0405875 
0.069683 0.104649 0.038803 
0.0253606 0.0793206 0.0663399 
-0.0188736 0.108512 0.0283564 
-0.0118019 0.108258 0.0312684 
0.0247606 0.168001 0.0541375 
-0.00474929 0.106073 0.0318817 
0.0428871 0.125421 0.0522648 
0.0902603 0.144097 0.0362431 
-0.000720247 0.106461 0.0304252 
0.0444004 0.161495 0.0575852 
0.00167045 0.106375 0.0296274 
-0.00205824 0.108887 0.0298223 
-0.00565411 0.0771328 0.0431585 
0.00638129 0.0515342 0.0568231 
0.00154425 0.107511 0.0291435 
0.0511355 0.113117 0.0576693 
0.0720457 0.064668 0.0434618 
0.0615641 0.117674 0.0425321 
0.0633342 0.110886 0.0510657 
0.0642215 0.112605 0.047413 
0.0661849 0.110194 0.0442905 
0.0328152 0.113488 0.053341 
0.0509765 0.116111 0.0561222 
0.0288501 0.188329 0.0198903 
-0.0187287 0.11419 0.0281143 
0.0364127 0.0751632 0.066538 
0.0593774 0.119936 0.0449227 
-0.00325009 0.113427 0.0284176 
0.064153 0.114461 0.0424888 
-0.017294 0.131656 0.0248051 
0.0477833 0.0906957 0.0639737 
-0.0607845 0.110909 -0.0041462 
0.0684602 0.106769 0.0455639 
0.0403023 0.11861 0.0557166 
0.037792 0.18599 0.046879 
0.0541946 0.11617 0.0548028 
-0.0113558 0.128458 0.0251293 
0.0363845 0.158458 0.0476982 
0.0550282 0.11866 0.0522386 
0.022707 0.136075 0.0488021 
0.0697961 0.154769 0.0575892 
0.0589371 0.117865 0.0489818 
0.063099 0.115208 0.0383149 
0.0332258 0.118642 0.0535153 
0.0616284 0.116301 0.0461628 
0.0122361 0.175596 0.0542437 
-0.0181041 0.128375 0.0257331 
0.0293743 0.11936 0.0517775 
0.0391172 0.0684119 0.0605108 
-0.0138548 0.119241 0.0282759 
-0.0115221 0.117033 0.0289757 
0.0328327 0.162897 0.0551005 
-0.00663235 0.087125 0.0409695 
0.035739 0.135146 0.0479481 
0.00127852 0.178698 0.0492029 
0.0921425 0.160211 0.055689 
-0.00781372 0.118482 0.0279027 
0.0762753 0.0634525 0.00699396 
-0.0626104 0.120367 -0.00573194 
0.0119659 0.191129 0.0360665 
0.0335207 0.178765 0.0553084 
0.0747596 0.0752104 0.037529 
-0.0253791 0.120623 0.0238385 
0.0231313 0.120597 0.0489214 
0.0228731 0.123538 0.0493204 
0.0404473 0.122188 0.0546898 
0.0947338 0.150489 0.0429168 
0.0259154 0.134982 0.0495525 
0.0184981 0.141349 0.0474974 
0.0441057 0.122892 0.0537901 
0.0283603 0.147734 0.0538285 
0.0153554 0.0500344 0.0548546 
0.0452178 0.133758 0.0330617 
0.0490642 0.122949 0.0519943 
0.0485674 0.130845 0.0371304 
0.0562538 0.122737 0.0440318 
0.0562907 0.123888 0.0399608 
0.0346714 0.182498 0.05458 
0.0761843 0.146245 0.0621084 
-0.0555596 0.0663224 0.0147637 
-0.0249782 0.125103 0.0238458 
0.0802628 0.174817 0.0478387 
-0.0217525 0.125618 0.0249542 
0.0156265 0.189401 0.0385395 
0.0743886 0.0746245 0.0435783 
-0.0615638 0.123121 -0.00500285 
0.0534914 0.126029 0.0427387 
0.0913697 0.155468 0.048989 
0.0257 0.129718 0.0502902 
0.0331506 0.12814 0.0520208 
0.0585707 0.0968673 0.062121 
0.0422219 0.128875 0.0498447 
0.0825324 0.141967 0.0639884 
0.0506523 0.128628 0.0414604 
0.0527227 0.126657 0.0386571 
0.0520359 0.127752 0.0360864 
0.00994868 0.179321 0.0525878 
0.0793053 0.173887 0.0570918 
0.0526216 0.126535 0.0351117 
0.0797979 0.144935 0.0643319 
-0.0291554 0.126964 0.0214449 
-0.0146744 0.129797 0.025123 
0.0730767 0.0712987 0.047623 
0.0637048 0.0912415 0.0607862 
0.0462336 0.130883 0.0438105 
0.0253359 0.182656 0.0518372 
0.0153347 0.135119 0.0465129 
0.0187426 0.136061 0.0478402 
0.0463002 0.133078 0.0362824 
0.0238565 0.0652234 0.0629863 
-0.0271337 0.13606 0.0213062 
0.0687101 0.0682438 0.0247343 
0.0404752 0.136944 0.0415058 
0.0298861 0.14008 0.0476491 
0.0408805 0.138715 0.0373085 
-0.012086 0.0931225 0.0324705 
0.0413503 0.1387 0.0332459 
0.0354019 0.140721 0.043943 
-0.0059946 0.0646003 0.0477876 
-0.0309972 0.142168 0.018192 
-0.0591505 0.0662479 0.0165858 
-0.0275309 0.141018 0.0199474 
0.0791894 0.141296 0.0649008 
0.0434309 0.13531 0.038517 
0.0397457 0.140548 0.0369041 
-0.0371437 0.142658 0.0152501 
0.0515714 0.142501 0.057226 
0.083108 0.141688 0.0333475 
0.0138291 0.143329 0.0481418 
