-0.0301561 0.193521 -0.0213705 
-0.00113582 0.190955 -0.028874 
-0.00350552 0.19022 -0.0273544 
-0.00761456 0.189282 -0.0254116 
-0.0323323 0.191178 -0.0191132 
-0.0355521 0.190463 -0.0170421 
-0.0385561 0.185729 -0.0146468 
-0.0334772 0.18664 -0.0181178 
-0.0282039 0.184416 -0.00269007 
-0.0084182 0.185938 -0.025176 
-0.0124993 0.185615 -0.0229414 
-0.0169882 0.184971 -0.0210677 
-0.02988 0.184112 -0.0169508 
-0.010362 0.182718 -0.0253737 
-0.0173535 0.181183 -0.0212716 
-0.0297026 0.181062 -0.0159385 
-0.0270687 0.181424 -0.00476508 
-0.0330016 0.180126 0.000851316 
-0.0782786 0.179708 0.00133136 
-0.0794207 0.180139 0.00255778 
-0.0804763 0.179904 0.00405069 
-0.0834545 0.179746 0.00383729 
-0.052436 0.178383 -0.00502506 
-0.0840923 0.178758 0.00396342 
-0.0855715 0.17863 0.0105493 
-0.0651098 0.177621 -0.00336465 
-0.0348115 0.177718 0.00112705 
-0.032832 0.175638 -0.0139915 
-0.00889978 0.173976 -0.00890687 
-0.0100321 0.173986 -0.00790056 
-0.0267363 0.176831 -0.0183332 
-0.0305426 0.176376 -0.0159038 
-0.0214344 0.174235 -0.00438676 
-0.0244915 0.174094 -0.00274654 
-0.0304246 0.176321 -0.00304604 
-0.0393172 0.174807 0.000702221 
-0.0494182 0.175273 0.0016152 
-0.0548146 0.175614 0.00220383 
-0.0573534 0.174709 0.00523054 
-0.0587897 0.175582 0.00401781 
-0.0761497 0.175634 0.00332484 
-0.0855632 0.176423 0.01362 
-0.0310081 0.173407 -0.00233587 
-0.0734612 0.173715 0.000209845 
-0.0792379 0.173492 0.00766812 
-0.0814938 0.173594 0.00863593 
-0.0849548 0.173515 0.0158078 
-0.0814916 0.173312 0.0128329 
-0.00876551 0.172094 -0.00934875 
-0.0742585 0.172879 0.00456636 
-0.0765284 0.172347 0.00917001 
-0.0836581 0.172177 0.0158636 
-0.020851 0.17156 -0.00473429 
-0.0298843 0.171194 -0.00158067 
-0.0344875 0.170748 -0.000762977 
-0.0379394 0.170728 0.00123724 
-0.0400091 0.172003 0.00112907 
-0.0442217 0.171595 0.00211102 
-0.0489039 0.171791 0.00329293 
-0.0533591 0.171923 0.00450575 
-0.0574277 0.172804 0.0051305 
-0.0591586 0.171017 0.00451038 
-0.0618326 0.16994 0.00510331 
-0.0679433 0.171446 6.02504e-05 
-0.0352415 0.169025 -0.000305459 
-0.0565159 0.169165 0.00370005 
-0.0670036 0.16922 0.00207929 
-0.0604047 0.169009 0.00516761 
-0.0616838 0.16871 0.00545593 
-0.0208756 0.166621 -0.0222487 
-0.0392 0.167719 0.0013293 
-0.079719 0.1684 0.0156724 
-0.0580589 0.167149 0.00684907 
-0.0620332 0.167311 0.0096103 
-0.0168638 0.166957 -0.00639487 
-0.0208299 0.166695 -0.00469805 
-0.0256038 0.166752 -0.00328808 
-0.0296621 0.166784 -0.00123461 
-0.0344281 0.166479 0.000190309 
-0.0391113 0.165382 0.00227973 
-0.0431716 0.165387 0.00438783 
-0.047667 0.165448 0.00604293 
-0.0522979 0.165092 0.00777039 
-0.0615094 0.165204 0.0117051 
-0.0657746 0.165778 0.0133444 
-0.0709001 0.167347 0.014058 
-0.0809265 0.165573 0.0126712 
-0.0223278 0.163527 -0.0368669 
-0.0646818 0.164102 0.0128711 
-0.0213719 0.16314 -0.037703 
-0.0805424 0.163848 0.0124786 
-0.0261842 0.181093 -0.0174241 
-0.0524268 0.163334 0.00783018 
-0.0567544 0.163309 0.00974418 
-0.0610516 0.163524 0.0115189 
-0.0711428 0.16308 0.0129314 
0.022564 0.160295 -0.017862 
0.0177368 0.160196 -0.0200319 
0.0167197 0.16018 -0.0187524 
-0.0110247 0.161948 -0.00678973 
-0.0205916 0.16191 -0.00420026 
-0.0250727 0.16198 -0.00247534 
-0.0298253 0.16194 -0.00106312 
-0.0362649 0.160206 0.000218769 
-0.0342998 0.162268 0.000594028 
-0.038997 0.162072 0.00214988 
-0.0429122 0.162766 0.00349731 
-0.044393 0.161267 0.00368362 
-0.0524129 0.161163 0.00705244 
-0.0571168 0.161126 0.0089258 
-0.0827493 0.160286 -0.00551517 
-0.0662891 0.162408 0.0122202 
0.0311289 0.160535 -0.0185083 
0.0289877 0.159461 -0.0171162 
0.0248234 0.160416 -0.0187814 
-0.00848728 0.159293 -0.00875976 
-0.0726281 0.170038 0.0143074 
-0.0600202 0.159641 0.00964733 
-0.0765986 0.159711 0.0117236 
0.0177965 0.158733 -0.0196445 
-0.081022 0.159139 -0.00701156 
-0.100375 0.159035 0.0120101 
0.040034 0.158145 -0.0181146 
-0.0229537 0.158065 -0.0357326 
-0.0116784 0.158762 -0.00708361 
-0.081495 0.158773 -0.00641519 
-0.0353859 0.158666 -0.000226566 
-0.0413506 0.158032 0.00195098 
-0.0761462 0.158089 -0.0121286 
-0.067304 0.157833 -0.0144236 
-0.0719081 0.157624 -0.0133056 
0.0371765 0.157113 -0.0164658 
-0.0481528 0.161398 0.00523752 
0.0282576 0.157019 -0.0161005 
0.0512947 0.155019 -0.0168255 
0.0382779 0.155021 -0.0148062 
0.0332435 0.15502 -0.0125617 
0.0299983 0.154987 -0.0108751 
0.0159984 0.157174 -0.0177848 
0.0018434 0.103821 0.000446138 
-0.00856405 0.103829 0.00365059 
-0.0182941 0.102464 0.00220236 
0.0701944 0.0555212 -0.00379617 
0.0691737 0.126856 -0.0075238 
0.0385646 0.10292 -0.000872349 
-0.00744047 0.0799265 0.00429526 
0.0810484 0.103112 3.91782e-05 
0.0682934 0.100752 0.0137194 
0.0463375 0.10017 -0.00349532 
0.0464294 0.100914 0.0230981 
0.0405542 0.102721 0.0273258 
-0.0202468 0.146612 -0.0184391 
0.0536784 0.15068 -0.0153409 
-0.0225726 0.097562 0.00317632 
-0.0194404 0.162246 -0.0395063 
0.057123 0.137737 -0.00943625 
-0.0474772 0.0990298 0.00769467 
-0.0513656 0.0994223 0.0107348 
-0.0509533 0.0970935 0.0128023 
0.0384669 0.0756283 0.0132629 
-0.0535933 0.097164 0.0148246 
0.0727887 0.0672381 -0.00108402 
-0.0900316 0.151309 0.0166564 
-0.0670929 0.0993248 0.0121101 
-0.0109295 0.0697606 0.00323462 
-0.0404904 0.0960377 -0.00407277 
-0.0161671 0.102916 0.00280791 
-0.0449444 0.108756 0.00134197 
-0.0144942 0.095841 0.00489746 
-0.0168767 0.166367 -0.00878493 
0.0767255 0.0993151 0.0140662 
-0.0242921 0.0605423 0.0255655 
-0.0459804 0.0958155 0.0089838 
-0.00914997 0.100507 0.00413429 
0.06251 0.0769484 0.026223 
0.0816408 0.0983541 0.000896216 
0.0694209 0.122684 -0.00494222 
0.0732884 0.122638 -0.00668368 
0.0769018 0.0971141 0.0154802 
0.0685737 0.0969757 0.0170058 
-0.0964876 0.154413 0.011886 
0.0410741 0.098867 0.029452 
0.0749844 0.0687253 0.00782839 
-0.0655565 0.140028 -0.017135 
-0.0641749 0.118709 0.0050346 
-0.0348508 0.0668824 0.025366 
0.0477124 0.0950291 0.0219491 
-0.0266562 0.142211 -0.00636965 
-0.017803 0.094546 0.00542139 
0.0701166 0.0692473 0.024298 
-0.0255926 0.0921715 0.00637696 
0.0551991 0.0646422 0.0256756 
0.0730948 0.0639156 -0.00158656 
-0.0614949 0.094731 0.0141141 
-0.0435843 0.0795028 0.0285303 
-0.0610832 0.0991324 0.0127652 
0.0704279 0.0790628 0.0248837 
-0.0286233 0.0914465 0.00710078 
0.038739 0.093543 -0.00204815 
-0.0428622 0.0909327 0.0177244 
0.0808381 0.0826789 0.00734108 
-0.0557414 0.0907776 0.0184679 
0.0823314 0.0929951 0.00816904 
-0.0598941 0.0621076 0.0357678 
0.0581009 0.058293 0.0215529 
0.0476028 0.0935676 0.0242006 
-0.0440263 0.137004 -0.000699091 
-0.00837059 0.0701926 0.0126588 
-0.0645634 0.0979755 0.0127682 
0.0419505 0.106706 0.0201905 
-0.0717976 0.0897753 0.0136581 
0.0675418 0.0949833 0.0180772 
-0.00206967 0.0887367 0.00113857 
0.0680505 0.059276 0.00494229 
-0.0419412 0.0928016 0.00961488 
-0.0264134 0.0893189 0.00803962 
-0.0308605 0.0884186 0.0094391 
0.00302969 0.0858737 -0.0147227 
-0.0032952 0.0891579 0.00257074 
-0.00676962 0.0888809 0.00488824 
-0.00920915 0.0609494 0.0164783 
0.0415382 0.0890564 0.0308618 
-0.00708186 0.122632 -0.000194025 
-0.0383098 0.0876153 0.017997 
0.0783483 0.113015 -0.00399382 
0.0245583 0.154829 -0.0113403 
0.0515821 0.14076 -0.00537455 
-0.0455244 0.0879974 0.0204315 
0.0715406 0.0988885 0.0158115 
0.070976 0.0867501 0.0228162 
0.0433647 0.0644211 0.0221022 
0.0469965 0.0897328 0.0242955 
-0.0422799 0.0884282 0.0197048 
-0.0169221 0.0856324 0.0126863 
0.0165071 0.146722 -0.0038126 
-0.0142351 0.0859375 0.0114092 
-0.0337569 0.0860757 0.0133957 
0.082055 0.0886821 0.00815388 
0.046026 0.0884868 0.026651 
0.038088 0.0894558 0.0317797 
-0.00843624 0.0654766 0.0131208 
-0.0776468 0.0852908 0.0111367 
-0.0766129 0.0940067 0.0105625 
0.0807731 0.0885287 0.0145662 
-0.0444987 0.092946 0.0161294 
0.0771968 0.0868534 0.0201351 
0.0716966 0.102154 0.013173 
-0.0480583 0.0898874 0.0198543 
0.0812534 0.102837 0.0041679 
-0.0614756 0.120352 0.00437272 
-0.0621194 0.0831601 0.0159175 
-0.0273989 0.0936749 0.00522964 
0.0775824 0.0728025 0.0127177 
-0.0568561 0.12457 0.00312734 
0.075687 0.118691 -0.0119001 
-0.0346948 0.193536 -0.0180038 
-0.0309949 0.137571 -0.00369942 
-0.030295 0.0846594 0.0114024 
-0.0461057 0.0845009 0.0207599 
-0.00226649 0.098707 0.00264154 
-0.048715 0.0849713 0.0204416 
0.0679012 0.085364 0.0238511 
-0.00687979 0.0840936 0.00467202 
-0.0107527 0.0841152 0.00800965 
-0.0840742 0.150272 0.0156384 
-0.013838 0.0836872 0.0125625 
0.0473201 0.0979507 0.0237096 
0.0801447 0.0930888 0.014161 
0.0158064 0.116065 -0.017182 
-0.0374738 0.176471 0.00153951 
-0.0332566 0.0840072 0.0172075 
-0.0525583 0.157598 0.00619845 
-0.0163976 0.157228 -0.00568522 
-0.0618807 0.0817701 0.0161289 
-0.0261936 0.0710373 0.0210317 
-0.0525488 0.0815412 0.0200306 
0.0799382 0.0793844 0.00778591 
-0.0499587 0.0807949 0.0235055 
0.00134282 0.137194 -0.00263057 
-0.0349311 0.172055 -2.23177e-05 
-0.0160678 0.152234 -0.0059297 
0.0812332 0.0837265 0.0103439 
0.0443221 0.0830552 0.0231056 
0.0442501 0.0841653 0.0262599 
-0.00888716 0.0697906 0.000746028 
-0.0250868 0.171549 -0.00272476 
-0.0744049 0.0845152 0.013445 
0.0389835 0.0971806 0.0313793 
-0.0387671 0.104291 -0.0103097 
-0.0271261 0.174854 -0.0196331 
0.0690259 0.0929614 0.0197252 
0.0269706 0.13249 -0.00330633 
-0.0354171 0.0753942 0.0238861 
-0.0602862 0.0805087 0.0174342 
0.0353229 0.0693363 0.0163433 
-0.0106307 0.072036 0.00505098 
-0.0110456 0.093695 0.00661439 
0.0414504 0.0937799 0.0308445 
-0.077184 0.0800506 0.0114801 
-0.0458624 0.176697 -0.00137884 
-0.0348771 0.175964 -0.00160525 
-0.0426304 0.0963782 0.00197443 
0.0775941 0.0834206 0.0203073 
0.0757177 0.137503 -0.00506702 
0.0748028 0.0837199 0.0224173 
-0.0710548 0.141063 -0.0128366 
0.0387088 0.0862385 0.0312295 
-0.0600505 0.0702576 0.0385708 
0.0667485 0.0823549 0.024765 
-0.0773911 0.0771599 0.011003 
-0.0413484 0.0801283 0.0213897 
-0.00690669 0.0986135 0.00414666 
-0.0216511 0.142635 -0.0150926 
0.0633908 0.0807494 0.0254455 
-0.00809271 0.161544 -0.00873049 
0.00233722 0.108664 0.00067774 
0.0776665 0.0934041 0.0168736 
-0.018741 0.156374 -0.0221144 
-0.0216833 0.181059 -0.0192113 
-0.0101335 0.0793624 0.00769063 
-0.0581446 0.0847126 0.0181181 
-0.00964912 0.0749456 0.00720968 
0.0384399 0.142407 -0.00156001 
-0.0130372 0.0796371 0.0142024 
-0.0487921 0.178355 -0.00620816 
-0.0428031 0.095096 0.00626289 
-0.0169607 0.148314 -0.00632027 
-0.0480701 0.0785799 0.0309455 
-0.022504 0.0767759 0.0102669 
0.0593646 0.0608234 0.0234597 
-0.0237323 0.0953553 0.00420429 
-0.0480143 0.0772789 0.0315416 
-0.0108242 0.0790234 0.0115802 
0.0234359 0.0628194 0.0222101 
0.0552986 0.109835 -0.00552141 
-0.0500897 0.176944 0.000802624 
-0.0651366 0.15017 0.00967329 
0.00794155 0.0978034 -0.0147818 
0.044665 0.0935595 0.0290915 
-0.0439735 0.0780509 0.0299801 
0.0705402 0.104598 0.0110704 
0.0785298 0.0886282 0.0180097 
0.00115952 0.132975 -0.00131323 
0.0375282 0.0771261 0.0101609 
-0.0521428 0.104023 0.00925756 
0.0374985 0.0771716 0.0107676 
0.0440767 0.107952 -0.000717614 
-0.0617997 0.161407 0.010624 
0.0419182 0.0603464 0.0202048 
-0.0863574 0.151889 0.0151754 
0.054685 0.0776878 0.02362 
-0.00235967 0.0938334 0.00245161 
-0.0434715 0.147489 0.00428419 
0.00828652 0.0994676 -0.0133598 
-0.0443725 0.128168 0.00212233 
0.0399683 0.11261 -0.00019997 
-0.0681778 0.0950004 0.0131802 
0.0419716 0.0785677 0.0230565 
-0.00363868 0.0842463 0.0016013 
0.040842 0.0769456 0.0244702 
0.0456145 0.0644425 0.0231183 
0.0250073 0.127947 -0.007171 
0.0373399 0.0898922 -0.00185965 
-0.0207407 0.152044 -0.00406256 
-0.0118561 0.0762212 0.0151587 
-0.0426897 0.103983 -0.00553767 
0.0826927 0.141008 -0.00371429 
-0.00820856 0.0648366 0.0170978 
-0.0215891 0.137615 -0.0179931 
0.0763016 0.0740002 0.00337403 
0.0799311 0.0789358 0.0108315 
-0.0291928 0.0651144 0.0256286 
-0.0210779 0.0679759 0.0207236 
0.0814978 0.0935214 0.0112946 
0.0473751 0.0989779 0.021003 
0.045151 0.0984058 0.0267726 
0.0202403 0.122432 -0.0145651 
-0.0421929 0.0651005 0.0323148 
-0.0532594 0.0571908 0.0325358 
-0.0338274 0.0702532 0.0262142 
-0.0559235 0.06111 0.0358611 
-0.0407591 0.067522 0.0279488 
0.035936 0.0654632 0.0189462 
0.035808 0.0758512 0.027718 
0.0371649 0.113449 -0.000875086 
-0.0572155 0.09309 0.0174607 
0.0456259 0.0619839 0.0230163 
-0.00769152 0.0745071 0.00225033 
-0.0877972 0.153757 0.00976747 
-0.00944174 0.065721 0.0199233 
-0.0415587 0.0754297 0.0286927 
0.00302694 0.127659 -1.1076e-05 
-0.0761027 0.0993504 0.00932795 
-0.0161674 0.155728 -0.0087912 
-0.0346469 0.143015 0.00112018 
-0.0375498 0.0796937 0.0213577 
-0.0563209 0.057627 0.033295 
-0.0319447 0.0907168 0.00784527 
0.0564399 0.150252 -0.016241 
0.0636859 0.0607544 0.0219175 
0.0495306 0.0643181 0.0246238 
-0.0135759 0.0925471 0.00893972 
0.0363847 0.0840188 0.0308122 
-0.000530831 0.121247 0.000975022 
0.0393447 0.0635898 0.0198991 
0.0275827 0.0647536 0.0230145 
-0.0514369 0.0651261 0.0358963 
0.0896546 0.136448 -0.00533423 
0.0426208 0.0802124 0.0253867 
-0.0626586 0.121866 0.00371773 
-0.0151536 0.0739151 0.019999 
0.0597872 0.136897 -0.012347 
0.0765116 0.073346 0.00590811 
0.0701916 0.0836533 0.0238742 
0.0437672 0.100002 -0.00234412 
-0.0387109 0.0958909 -0.0060952 
-0.0606693 0.103359 0.0113634 
-0.0461547 0.0569487 0.0313092 
-0.0260559 0.167321 -0.0344627 
-0.00606137 0.103655 0.00350264 
0.00481474 0.062317 0.0245653 
0.0813362 0.10059 0.00708625 
-0.016585 0.0835597 0.0137781 
0.0139189 0.148913 -0.00580582 
0.0725528 0.0646722 0.00832342 
-0.0346739 0.141137 -0.00209627 
0.0326627 0.0646382 0.0219737 
-0.0112011 0.116652 0.000371998 
-0.0295046 0.152165 -0.00056834 
0.00228776 0.100075 -0.00061768 
-0.0255011 0.0686856 0.0234248 
-0.00840391 0.0693334 0.0165209 
0.000872656 0.0991951 0.000610036 
0.065818 0.0691916 0.0261404 
0.0828321 0.126903 -0.0083644 
0.0775332 0.0740509 0.0172855 
0.0525044 0.0631582 0.0249529 
0.0918125 0.138146 -0.00752469 
0.00391219 0.0606244 0.0251206 
-0.0468765 0.057444 0.0106528 
-0.0240278 0.142759 -0.00912327 
0.0338376 0.0613609 0.0214128 
-0.0215415 0.184526 -0.0194867 
0.0764048 0.134586 -0.0062138 
-0.0356436 0.184843 -0.0153669 
-0.0244359 0.0651259 0.024994 
0.0470961 0.0562151 0.0193196 
-0.0570203 0.159473 0.00851219 
-0.030574 0.0827645 0.0148146 
0.0671447 0.0581153 0.0015905 
-0.0277773 0.177554 -0.00470635 
0.0435008 0.10736 0.0157607 
-0.0518724 0.0698926 0.0350139 
-0.0226097 0.177894 -0.0203794 
-0.0412064 0.061303 0.0339481 
-0.0459965 0.0811157 0.0210119 
-0.0483919 0.108926 0.0062268 
-0.00331868 0.127714 -0.000956486 
0.0667582 0.0594529 0.0166193 
-0.0817189 0.150256 0.0146796 
0.0409813 0.0835324 0.0294462 
-0.0172717 0.0983623 0.00407387 
-0.0785504 0.139955 0.0176928 
0.0341574 0.0736872 0.0267884 
-0.0427768 0.0670136 0.0224774 
-0.0520197 0.0777122 0.0340224 
0.0759197 0.0699858 0.0166837 
0.0585742 0.141113 -0.0134305 
0.0767151 0.0756749 0.0203567 
-0.0390821 0.100544 -0.00984099 
-0.0667065 0.167878 0.0107279 
0.0187995 0.141727 -0.00165368 
-0.0563294 0.0746872 0.0371534 
0.0406015 0.132643 -0.000459706 
-0.0668298 0.147542 0.010967 
-0.0345777 0.113122 -0.012133 
0.0468798 0.15618 -0.016949 
-0.0249937 0.138293 -0.00938734 
0.0169998 0.0644214 0.0235596 
-0.0362105 0.0691407 0.0259467 
-0.042087 0.0843304 0.0208425 
-0.0227711 0.0569052 0.0252169 
-0.0536692 0.122965 0.00466039 
0.0640785 0.0571067 0.0153633 
-0.0355782 0.09419 0.00332937 
-0.00706537 0.0694425 -0.00236354 
-0.0192468 0.0603442 0.0255976 
-0.0116961 0.0827196 0.010965 
-0.0248901 0.0786129 0.012201 
0.00948995 0.0645405 0.0263791 
-0.0893439 0.147433 0.0193717 
0.079814 0.149784 -0.00550771 
-0.025971 0.0804165 0.0110965 
-0.0760356 0.151974 0.0116356 
0.0623677 0.0739905 0.0265375 
0.0534577 0.0592651 0.0227921 
0.0650612 0.0659334 0.0254244 
-0.000228671 0.0954828 0.00055745 
-0.0576212 0.0601095 0.0352429 
-0.0363049 0.0901649 0.00929559 
0.0457966 0.102753 0.0198967 
0.0800199 0.0792239 0.0145872 
-0.00491569 0.0793407 0.00102412 
-0.0479051 0.0748448 0.0321887 
-0.0394106 0.0754479 0.0274086 
-0.0466183 0.0591438 0.0114413 
0.00685737 0.0958869 -0.0130464 
-0.0404684 0.0786488 0.0256225 
0.0748467 0.0789693 0.0229556 
0.0341494 0.0600488 0.0253714 
-0.0689597 0.0847152 0.0147425 
0.0105326 0.0672298 0.0240384 
-0.0306831 0.145611 -0.00248093 
-0.083422 0.176575 0.00874832 
0.0789685 0.13679 -0.00523933 
-0.0143654 0.055828 0.0214342 
0.038846 0.0713835 0.0179785 
-0.0445496 0.0993221 0.00143937 
-0.0762133 0.147663 0.0137299 
0.0391829 0.0986045 -0.00154155 
-0.00722626 0.125808 -0.0013574 
0.0522187 0.0657939 0.0257186 
-0.0216478 0.0897163 0.00769097 
0.0627483 0.0582021 0.0190749 
0.059616 0.0742003 0.0262948 
-0.0202763 0.164894 -0.0389088 
0.0768002 0.114345 -0.0018147 
-0.0477447 0.14387 0.00703244 
0.0115974 0.14188 -0.00255633 
0.0347884 0.0567647 0.0280243 
-0.044407 0.113566 0.0024134 
0.0571938 0.147058 -0.0155192 
-0.0712165 0.169273 0.00919528 
0.0744225 0.0873446 0.0215388 
0.0145406 0.116747 -0.0122446 
-0.00937606 0.0607871 0.0143578 
0.0807292 0.0837153 0.0147571 
-0.0626235 0.1435 0.0114505 
0.0719647 0.0652058 0.0185567 
-0.0223787 0.0798082 0.0104535 
-0.0100428 0.0664521 0.000202701 
0.0485438 0.10782 -0.00193452 
-0.0484998 0.0579442 0.0316398 
-0.0355458 0.114917 -0.0103303 
0.075136 0.119361 -0.00622812 
-0.0441004 0.167984 0.00270866 
-0.0594066 0.0744405 0.0395722 
-0.00679257 0.0938244 0.00451538 
0.0120602 0.1278 -0.00154793 
0.0702944 0.059181 -0.000259927 
-0.0742395 0.100759 0.00981869 
-0.0229315 0.0825696 0.0102922 
-0.0187024 0.0639994 0.0248718 
-0.0427916 0.155703 0.00344787 
-0.071507 0.0945842 0.0127366 
-0.0433756 0.0747942 0.0302889 
0.0708204 0.12061 -0.00361978 
0.0393093 0.117716 0.0120781 
-0.0310473 0.173396 -0.0167129 
-0.01006 0.0732172 0.00437812 
0.0720975 0.0642663 0.00358814 
0.0515279 0.0556012 0.0196984 
0.0793103 0.0961923 0.014016 
0.0722926 0.0636902 0.000387028 
0.0531099 0.0745498 0.0245423 
0.0126074 0.0605672 0.0257236 
-0.0755446 0.143043 0.0155239 
-0.0625301 0.0898811 0.0152695 
-0.0663519 0.112029 0.00796409 
-0.0206373 0.0659948 0.0228091 
0.0322629 0.0626427 0.0240358 
-0.0118665 0.0740541 0.0178272 
0.0578185 0.0559327 0.0193326 
0.0578085 0.143642 -0.0142612 
-0.0432176 0.057136 0.0316913 
-0.0482808 0.0936014 0.0177254 
0.064732 0.0559191 0.00927917 
-0.0440449 0.101162 -0.00206055 
-0.0203252 0.0978205 0.0039154 
-0.0466244 0.113558 0.00460501 
0.073568 0.0932768 0.0191699 
0.0148781 0.122247 -0.0064655 
-0.0412927 0.0958514 -0.000254113 
0.068322 0.128401 -0.00825274 
-0.0150861 0.0567498 0.0237291 
-0.0298391 0.0720485 0.0227942 
-0.0144742 0.0645998 0.0234985 
-0.0655199 0.0848246 0.0153405 
-0.0385266 0.0941088 0.00478473 
0.00995083 0.0663197 0.0167901 
0.0356098 0.0567824 0.0266308 
0.080417 0.0980816 0.0107402 
-0.0267866 0.132041 -0.00994844 
0.0821042 0.0984336 0.00495972 
-0.0527864 0.0846704 0.019806 
0.0334877 0.0694699 0.0244532 
0.0642973 0.0561747 0.0121229 
-0.0280598 0.061547 0.0253257 
0.0558326 0.073757 0.0257132 
-0.0142531 0.0603612 0.0244814 
-0.00413428 0.0850388 0.0025586 
0.0400033 0.0791986 0.0275219 
-0.077101 0.0882077 0.0112972 
-0.0369984 0.0844069 0.0198649 
-0.0935263 0.139227 -0.00479079 
-0.0347458 0.152143 0.00030627 
-0.0656199 0.0812509 0.0154649 
-0.0687782 0.0893521 0.0144309 
0.0123293 0.0646013 0.0250434 
0.0756493 0.0691764 0.0126698 
-0.0122042 0.0990841 0.00447249 
-0.00212065 0.10369 0.00256215 
-0.0459136 0.0779569 0.0306873 
-0.0577479 0.15184 0.00734993 
0.0310643 0.0734666 0.0267921 
0.0557793 0.0612227 0.0243482 
0.0471406 0.0586369 0.0213733 
-0.0401041 0.0703919 0.0268026 
0.00796583 0.145285 -0.00431362 
0.0171714 0.0604177 0.0239059 
0.0385663 0.0740015 0.0239085 
-0.0627787 0.0790023 0.019307 
-0.0784857 0.178961 0.00246879 
-0.0186684 0.0567023 0.0254046 
0.0757567 0.121531 -0.0123028 
0.0403697 0.113831 0.0135317 
-0.0818357 0.151205 0.0141292 
0.0796569 0.103861 0.00716902 
0.0258879 0.0604925 0.022519 
0.019125 0.153074 -0.00936179 
-0.0123584 0.103582 0.00334412 
0.0725993 0.0672 -7.9571e-05 
0.0599593 0.0695055 0.0266283 
0.00509551 0.109121 -0.00132389 
0.0675522 0.061354 0.020164 
0.0550386 0.0692265 0.0262886 
-0.034825 0.0729511 0.0261577 
0.00367151 0.0587041 0.0247862 
0.0129549 0.111298 -0.0163925 
0.0171594 0.150274 -0.00577385 
0.042442 0.0979623 -0.00247787 
-0.0474245 0.065129 0.0335884 
0.0707692 0.117568 -0.000890943 
0.0424235 0.109717 0.0134393 
0.0606603 0.082866 0.0236842 
-0.0129954 0.167135 -0.00794958 
0.0376436 0.108314 -0.000631171 
-0.0490993 0.0569991 0.0311703 
0.0177863 0.065488 0.0170413 
0.0490243 0.0603691 0.0230605 
-0.0661725 0.143339 0.0126684 
-0.0213436 0.0935868 0.00581254 
-0.0222035 0.0592421 0.0257742 
0.0232972 0.149947 -0.00421313 
-0.010779 0.0646296 0.0214705 
0.0783843 0.0747493 0.0110637 
0.038234 0.0759094 0.0266034 
0.0726165 0.059919 -0.00307656 
0.0437853 0.137429 -0.00119802 
0.00325786 0.0863762 -0.0153485 
-0.0364293 0.11751 -0.00628829 
0.0408283 0.0966597 0.0304442 
-0.0526539 0.0895548 0.0195307 
-0.0916154 0.149006 0.0181937 
0.0820946 0.0968025 0.00777757 
-0.0299732 0.180311 -0.00294957 
-0.0565494 0.170272 0.00366156 
-0.0126092 0.0574576 0.0217678 
0.0542833 0.146987 -0.0139588 
-0.0213568 0.166097 -0.0214212 
0.00709108 0.060099 0.0256578 
-0.0483522 0.157079 0.00467338 
0.0735336 0.0659146 0.0123013 
-0.0197762 0.0995815 0.00338791 
-0.0458938 0.175127 0.000252267 
-0.0608325 0.0660394 0.0364158 
0.0333935 0.067293 0.0226987 
0.0625646 0.0664684 0.0263204 
-0.0563105 0.0650934 0.0366644 
0.0740537 0.0687583 0.0195173 
0.00463105 0.089374 -0.0148698 
0.0757067 0.0725344 0.0201691 
0.0433816 0.0862082 0.0292776 
-0.00790301 0.0682057 -0.00196936 
-0.0490434 0.116095 0.00582027 
-0.0246872 0.152203 -0.00184706 
0.0142254 0.0660287 0.016467 
-0.0400643 0.0647814 0.0300796 
-0.069266 0.081499 0.0145111 
0.0300274 0.0700278 0.0250434 
-0.0520162 0.0746218 0.0346336 
-0.0157108 0.161919 -0.00538501 
0.07498 0.105451 0.00987328 
-0.0251537 0.133208 -0.0129129 
0.0625586 0.0694067 0.0265222 
-0.0192063 0.142559 -0.0210195 
0.068906 0.0600062 0.0100819 
0.0689333 0.0558833 -0.0018108 
-0.0657765 0.0896969 0.0148033 
-0.0275684 0.124537 -0.014043 
0.0445258 0.0892882 0.0291345 
0.071271 0.0673907 0.0222283 
0.0564697 0.0767051 0.0249431 
-8.87377e-05 0.123977 0.000248375 
0.0428744 0.0692627 0.0213659 
-0.00550535 0.0747144 -0.000242897 
-0.0656758 0.177376 -0.00275125 
-0.0094884 0.0727003 0.0156137 
0.0651826 0.0879877 0.022322 
-0.0310862 0.0812883 0.0185209 
-0.0358493 0.187223 -0.0160802 
-0.0114603 0.17144 -0.0075541 
0.0699863 0.061197 0.00372228 
0.0791344 0.102066 0.00970729 
0.0734507 0.096994 0.0170844 
0.0740291 0.0677214 0.00399605 
0.00644906 0.108247 -0.00351449 
0.0647346 0.0838808 0.0241669 
-0.0522794 0.0932864 0.0184751 
-0.00882704 0.0660757 -0.00258389 
0.0297417 0.137821 -0.00141457 
-0.0560877 0.0993547 0.0123997 
0.0751319 0.0700874 0.00380833 
-0.0372118 0.112028 -0.0100868 
-0.0931801 0.154009 0.0114968 
-0.0563724 0.0700854 0.036916 
-0.0374024 0.0923637 0.00723891 
-0.0479215 0.0697158 0.0327723 
0.0432568 0.056774 0.0186468 
-0.0214766 0.0561082 0.0251184 
-0.0406516 0.0699969 0.0286431 
0.0434948 0.104442 0.0220854 
0.0480332 0.141484 -0.0037184 
0.0757875 0.102783 0.0119115 
-0.0866234 0.14242 0.0220721 
-0.0221497 0.0704682 0.0194909 
-0.0542479 0.0950298 0.0169539 
-0.0516885 0.0603408 0.0349002 
0.0894574 0.142481 -0.00442023 
-0.0422431 0.0677595 0.0229178 
-0.0111621 0.0698483 0.019116 
0.0410736 0.0859196 0.0304254 
-0.058142 0.0890777 0.0179643 
-0.0512899 0.0786657 0.0327036 
-0.00898456 0.0763019 0.00451882 
0.0093013 0.0672696 0.0249492 
-0.0889757 0.144486 0.0211343 
0.0659328 0.0560021 0.000434243 
0.0290445 0.0681461 0.0242732 
-0.101961 0.157642 0.0121902 
0.0756536 0.0708118 0.00558407 
0.0303338 0.159598 -0.0176847 
-0.0281895 0.0799638 0.0155167 
-0.042777 0.0976656 -0.00137177 
0.0745195 0.0743906 0.0225061 
-0.04959 0.095943 0.0147305 
-0.0322022 0.122744 -0.0082723 
0.0382893 0.0728258 0.020572 
-0.00959974 0.0745864 0.0123019 
-0.054728 0.0773985 0.035336 
-0.0627447 0.113588 0.00800632 
-0.0280241 0.0781856 0.018663 
0.0412811 0.0948848 -0.00273893 
0.0413026 0.0751223 0.0218858 
-0.0357614 0.183098 -0.0148868 
-0.0743488 0.151251 0.00551269 
-0.0114738 0.0569514 0.0154311 
0.034399 0.0583102 0.0281071 
-0.00475774 0.187129 -0.0271532 
-0.0298612 0.147558 -0.000923987 
-0.0101951 0.0593737 0.0185634 
0.0320813 0.156937 -0.0163326 
0.0495913 0.0741063 0.022946 
-0.0108474 0.0606219 0.0219455 
-0.0111992 0.088916 0.0073241 
-0.0517532 0.143434 0.00890334 
-0.0118949 0.0658004 0.00176655 
0.0466792 0.0733886 0.0216556 
-0.0478643 0.163609 0.00578599 
0.0246462 0.158063 -0.0180267 
0.00644256 0.093733 -0.0151492 
-0.0155765 0.0695085 0.0202946 
0.054536 0.055079 0.0188091 
-0.0265993 0.0749879 0.019576 
-0.0706306 0.171513 0.00206811 
0.00809267 0.109153 -0.00537849 
-0.067361 0.103865 0.0107091 
0.0399149 0.0730779 0.0174519 
0.0123376 0.0666285 0.0160262 
0.0656232 0.0788579 0.0255575 
0.0732865 0.0705404 0.0222357 
0.040342 0.117821 -0.000258867 
0.0214324 0.124145 -0.0124158 
-0.00646107 0.0711761 -0.00133045 
0.0375549 0.117762 -0.00109866 
-0.0476899 0.134695 -0.000785852 
0.0792621 0.0835989 0.0180444 
-0.0377051 0.0739135 0.0272437 
0.0657026 0.0742079 0.0261545 
-0.0927095 0.149236 0.018839 
-0.0234595 0.0741465 0.0175841 
-0.0525754 0.179501 -0.00580491 
-0.0670054 0.10821 0.00922603 
0.0821397 0.0935153 0.00465528 
0.0207618 0.0594336 0.0226619 
-0.0402092 0.118393 -0.000266525 
-0.0194449 0.139148 -0.0199502 
0.00345097 0.103258 -0.0012087 
0.0773863 0.0792498 0.0204686 
0.0447807 0.104753 0.0172655 
0.0401727 0.104352 -0.000712691 
-0.0422815 0.0922984 0.0135738 
0.0804142 0.103972 -0.00300612 
-0.0316808 0.194195 -0.0195497 
-0.0767652 0.150509 0.0125715 
0.0516957 0.153119 -0.0169782 
-0.0482882 0.167923 0.0046837 
-0.070725 0.103458 0.010464 
-0.0629394 0.104676 0.010909 
-0.0239957 0.165694 -0.0358511 
-0.0483883 0.103829 0.00672164 
-0.0468821 0.104094 0.00433866 
0.0819311 0.0883918 0.0108175 
-0.0453964 0.103771 0.00121239 
0.0399504 0.105278 0.0243189 
0.0089008 0.101851 -0.013543 
-0.0731609 0.103567 0.00944698 
-0.044125 0.103921 -0.00203502 
0.00525515 0.104941 -0.0029706 
0.0100422 0.104379 -0.0138178 
-0.0255052 0.0846408 0.0101586 
0.0695639 0.131654 -0.0081718 
-0.0195647 0.178514 -0.0218036 
0.0509962 0.105159 -0.00430049 
0.0447918 0.150724 -0.0110935 
0.0395325 0.10654 0.0222962 
0.00713974 0.122817 -0.0003706 
0.0416295 0.1088 0.0175253 
0.0704932 0.107129 0.00872048 
0.074142 0.107905 0.00763789 
0.0397592 0.159539 -0.018302 
0.00773883 0.153692 -0.0166247 
0.0533262 0.0563692 0.0201474 
0.0780847 0.107398 0.00552997 
0.0331994 0.146236 -0.00236678 
0.0801652 0.106196 0.00327914 
-0.0761586 0.177016 0.0008753 
0.0800351 0.107633 0.00015716 
0.0524884 0.10841 -0.00399599 
-0.0126911 0.108013 0.00201291 
-0.0979099 0.157156 0.0120187 
-0.00783152 0.108785 0.00276803 
-0.00538537 0.10757 0.00304872 
-0.0393552 0.0607694 0.0314226 
-0.00212012 0.108692 0.00248308 
0.00998816 0.156334 -0.017972 
0.0780132 0.109418 0.00306101 
0.0434536 0.103381 -0.00151656 
0.0226746 0.0570951 0.0214876 
0.0795226 0.108287 -0.00391559 
-0.0305705 0.125843 -0.00777074 
-0.0718006 0.107497 0.00831781 
-0.0626079 0.108948 0.00942779 
0.0691736 0.0889033 0.0221104 
0.0274851 0.130005 -0.00511653 
-0.0599445 0.106847 0.0104299 
0.0377994 0.147186 -0.00346068 
-0.0567514 0.107867 0.00951437 
-0.0524759 0.108978 0.00815636 
-0.0488975 0.0813198 0.0206994 
0.064942 0.0636421 0.0243124 
-0.0466654 0.108442 0.00440068 
0.0741076 0.0896209 0.0207183 
0.0132465 0.118874 -0.0071311 
0.0612936 0.127518 -0.0109007 
-0.0439036 0.106436 -0.00219234 
0.0697184 0.110628 0.00533414 
-0.0422152 0.108518 -0.00483311 
0.00332654 0.0571159 0.0243654 
0.0117485 0.108057 -0.0168938 
0.0688691 0.0662272 0.0237124 
-0.0697185 0.109702 0.00791825 
-0.057881 0.110038 0.00908966 
-0.0297864 0.0698146 0.0250663 
-0.039517 0.109083 -0.00856717 
-0.0755984 0.16307 0.012354 
-0.0710865 0.143246 0.0140129 
-0.0478382 0.14758 0.00626477 
-0.037927 0.10826 -0.0101063 
-0.0621246 0.117054 0.00658723 
-0.0301043 0.192774 -0.0213203 
0.0272196 0.136999 -0.00169882 
0.0698376 0.109633 0.00606489 
-0.0808941 0.171299 0.0152886 
-0.0146778 0.109686 0.000921374 
0.0721194 0.110009 0.00598974 
0.00307655 0.15299 -0.0183665 
-0.0736066 0.170808 0.0078161 
0.033175 0.142237 -0.00138749 
0.039948 0.111829 0.0159229 
-0.0845288 0.152374 0.00864758 
0.0417941 0.111745 0.0126103 
0.0723709 0.112538 0.00366432 
0.0432758 0.15619 -0.0159697 
-0.0839877 0.142296 0.0210632 
-0.0169146 0.0667357 0.0201535 
-0.0011353 0.117504 0.00141323 
0.00609845 0.113455 -0.00139561 
-0.0169657 0.0870029 0.0119922 
0.00953969 0.144223 -0.00396426 
0.0788594 0.111083 -0.000853089 
0.0127968 0.110005 -0.0184165 
-0.0117078 0.113149 0.00117046 
0.020938 0.0640393 0.0221131 
0.0439394 0.112677 -0.000182993 
0.0490638 0.112767 -0.000957636 
0.0535033 0.112739 -0.00300533 
0.056509 0.113207 -0.00544464 
-0.0146492 0.111268 0.000447693 
0.00861513 0.0992836 -0.0167823 
-0.00792141 0.113551 0.00169367 
-0.0766029 0.161868 0.0121343 
0.0376591 0.159647 -0.01709 
0.0836165 0.131904 -0.00664889 
-0.00443549 0.114118 0.00205008 
-0.0714345 0.0989832 0.0114799 
-0.0485774 0.113593 0.0059002 
-0.0390715 0.0986364 -0.00782452 
-0.0837769 0.144095 0.0200631 
-0.0834613 0.175533 0.0118204 
0.00760704 0.11258 -0.00327739 
-0.0685372 0.169231 0.00274878 
0.00937661 0.113689 -0.00524693 
-0.0787065 0.164896 0.0125174 
0.0141198 0.113103 -0.0174287 
-0.0682006 0.113488 0.00676319 
-0.0577743 0.113897 0.00807366 
-0.0101957 0.0972578 0.00506811 
-0.0523731 0.112691 0.00742339 
-0.0572783 0.17819 -0.00407131 
0.0869372 0.145094 -0.00256633 
-0.0413351 0.11408 -0.0014246 
-0.0279319 0.132984 -0.0072334 
-0.0406552 0.112368 -0.00427614 
-0.0383284 0.113601 -0.00728909 
-0.0536726 0.11467 0.00726878 
-0.075397 0.167328 0.0149731 
0.0144401 0.114519 -0.0154395 
0.0695172 0.114591 0.00168172 
0.0776878 0.114958 -0.00725903 
-0.0216217 0.164646 -0.0376014 
0.0221421 0.15719 -0.0170867 
0.076347 0.112351 0.00145187 
0.0521656 0.142728 -0.00743346 
0.0464334 0.0937548 0.0270935 
-0.0658216 0.115339 0.00623844 
0.044204 0.117588 1.97318e-05 
0.0492669 0.117697 -0.000596566 
0.0538926 0.117677 -0.00227074 
0.057559 0.117616 -0.00557022 
0.0767898 0.116218 -0.00539672 
-0.0529604 0.152286 0.00617342 
0.0762259 0.118034 -0.00829548 
-0.0320534 0.115256 -0.0140827 
-0.0036538 0.117998 0.00121727 
0.00688174 0.117805 -0.000972972 
-0.0399588 0.123159 0.000719518 
0.00984681 0.118649 -0.00315047 
-0.0718394 0.150075 0.00471138 
0.0111027 0.117641 -0.00526658 
-0.0532423 0.118264 0.0062913 
-0.048537 0.11847 0.00510224 
0.0560145 0.143897 -0.0132746 
-0.0441799 0.118248 0.00309919 
-0.0388175 0.11578 -0.00385531 
-0.0884052 0.150306 0.0175486 
-0.00771703 0.11798 0.000723124 
0.0165882 0.118197 -0.0144271 
-0.0918552 0.145273 0.0205626 
0.0705654 0.0740526 0.0252493 
-0.0672729 0.116934 0.00520854 
-0.0132932 0.182058 -0.0235079 
0.0262157 0.152787 -0.00676688 
-0.0442059 0.157712 0.00276143 
-0.0317513 0.0794367 0.0202976 
-0.0372569 0.118803 -0.00348574 
0.07138 0.0570489 -0.0037056 
0.0365915 0.0694212 0.0207017 
-0.0393102 0.0897841 0.0149111 
-0.0341149 0.118817 -0.00938757 
-0.020526 0.142309 -0.0185173 
0.0713831 0.0565065 -0.00503704 
0.0364316 0.0703474 0.0227774 
-0.0399636 0.0910373 0.0107334 
-0.0333491 0.117142 -0.0121505 
0.0113991 0.0672537 0.0155894 
0.0572202 0.132241 -0.00661626 
-0.0303085 0.118462 -0.0139156 
-0.0457355 0.0946382 0.0118459 
0.0123282 0.132491 -0.000946183 
-0.0159093 0.0806183 0.0148409 
-0.0932984 0.156416 0.0112017 
0.0331631 0.137473 -0.0011797 
0.0596483 0.118878 -0.0081402 
-0.0116563 0.118041 -0.000342201 
-0.0112201 0.118386 -0.000739236 
0.0722268 0.115287 0.000999003 
0.0400138 0.119786 0.00935969 
-0.0314138 0.119749 -0.0121581 
-0.051685 0.130055 0.00063839 
0.0165542 0.119978 -0.0112943 
0.0376047 0.122139 0.00912306 
0.0383102 0.120861 0.0105177 
0.00702202 0.132815 -0.00081202 
0.0378087 0.122192 -0.00116009 
0.0600298 0.0788511 0.0252334 
0.0403902 0.122407 -0.000379214 
-0.0204519 0.156237 -0.0200967 
0.0795333 0.141674 -0.00428712 
0.0442547 0.12262 -0.000105125 
0.0598204 0.12696 -0.00884785 
0.0493297 0.122607 -0.000575987 
0.00958871 0.0672664 0.0163537 
0.0539387 0.122585 -0.00226413 
0.0842166 0.136762 -0.00508954 
-0.0355289 0.128161 -0.00143131 
-0.0187133 0.146839 -0.0211746 
0.0599932 0.122435 -0.00875183 
-0.0802362 0.141787 0.01945 
0.0788099 0.0784989 0.0176763 
0.0723935 0.1206 -0.0042588 
-0.0790632 0.176696 0.00623349 
0.0757291 0.122528 -0.00954332 
-0.0484805 0.152448 0.0049051 
0.0813757 0.147211 -0.00702293 
0.0576734 0.122483 -0.00559305 
-0.00332094 0.122908 0.000198593 
0.0884465 0.13868 -0.00658477 
0.00258012 0.122688 0.000557575 
0.0113105 0.122896 -0.00273598 
0.0124678 0.120765 -0.00523782 
-0.0575983 0.12165 0.00506199 
-0.0527585 0.167546 0.00605405 
-0.0488661 0.123151 0.00416233 
-0.0442399 0.123189 0.0029026 
-0.0358738 0.123083 -0.00246479 
0.0436903 0.0560807 0.0183672 
0.0725216 0.0586009 -0.00532817 
-0.0331363 0.123773 -0.00542333 
-0.0329205 0.0663323 0.0255344 
-0.0342087 0.147557 0.000793947 
-0.032522 0.0928508 0.00563534 
0.0367556 0.0876811 0.0316907 
0.0123572 0.149907 -0.00620907 
0.0186739 0.123088 -0.0102105 
0.00493791 0.0571709 0.0238925 
0.0814677 0.147181 -0.00826723 
0.0188091 0.121396 -0.01397 
-0.0598163 0.123536 0.00328971 
-0.0172276 0.153607 -0.0238539 
-0.0301826 0.123609 -0.0116347 
0.0696163 0.0609794 0.0143161 
0.0491438 0.127489 -0.000801831 
-0.0292706 0.122225 -0.0138862 
-0.0269783 0.123347 -0.0149551 
0.0627968 0.128974 -0.0122793 
0.00956604 0.146956 -0.00569135 
0.0147421 0.124044 -0.00520974 
0.0591991 0.130976 -0.00898174 
0.0610003 0.123643 -0.0102813 
-0.0794204 0.143393 0.0176111 
0.00380184 0.0874798 -0.013165 
0.0826861 0.123953 -0.00918863 
0.0267803 0.150582 -0.004502 
0.0821762 0.124435 -0.00833754 
0.00551069 0.142185 -0.00368654 
0.0274573 0.147207 -0.00274959 
-0.00616188 0.0788252 0.00255954 
-0.0581884 0.118287 0.00659809 
0.0180153 0.124857 -0.00713905 
-0.0389144 0.147457 0.00254664 
0.0376737 0.128165 -0.0011665 
0.0404772 0.127151 -0.000340906 
-0.0718843 0.0846019 0.0139248 
0.053714 0.127536 -0.00253008 
0.0575547 0.127427 -0.00586246 
0.0479223 0.103475 -0.00317996 
-0.0423091 0.0993314 -0.00483401 
0.0101156 0.103541 -0.01666 
-0.035534 0.137678 -0.00164671 
-0.0312756 0.0746442 0.0215066 
-0.0600574 0.145844 0.0107047 
0.0775099 0.127592 -0.00823958 
0.0823933 0.126918 -0.00907537 
0.0376123 0.137325 -0.00074432 
0.00728768 0.127798 -0.000312706 
-0.056662 0.164779 0.00980822 
0.0113602 0.108462 -0.0137217 
-0.067946 0.139666 -0.0157097 
-0.0651391 0.094078 0.0139501 
0.0163687 0.127773 -0.00376286 
0.0203075 0.12782 -0.00619096 
-0.0355883 0.0879805 0.0123179 
0.0208787 0.125527 -0.00898092 
0.00361872 0.131816 -0.000821808 
0.0621603 0.0554192 0.0150634 
0.0228277 0.125491 -0.0104105 
-0.0583115 0.12598 0.00222339 
-0.0208438 0.174224 -0.0403667 
0.0585008 0.133791 -0.00918055 
-0.0622153 0.150806 0.00869465 
-0.0551899 0.127785 0.0014739 
0.0442533 0.127569 -0.000195063 
0.0229717 0.0605748 0.0224334 
-0.0527485 0.12649 0.00290424 
0.0601107 0.0645381 0.0257264 
-0.0492468 0.127865 0.00250627 
0.0183501 0.137111 -0.00136182 
0.0421186 0.05826 0.018866 
-0.0316569 0.128143 -0.00483713 
0.0712952 0.0627415 0.0101904 
-0.0285424 0.127691 -0.0107089 
-0.0268689 0.128706 -0.0136036 
-0.0257529 0.12786 -0.0156529 
0.0286224 0.127602 -0.00711862 
0.0886764 0.128113 -0.00682871 
0.0906424 0.128805 -0.00661865 
0.0818721 0.0888847 0.00567376 
-0.020082 0.153853 -0.019894 
0.0914387 0.128723 -0.00711761 
0.0917632 0.12882 -0.00770119 
0.0294845 0.129536 -0.00540178 
-0.0415781 0.0602962 0.0333742 
0.0886609 0.131712 -0.0071607 
-0.0353194 0.0791934 0.0212103 
0.0900293 0.132597 -0.00596 
0.0927541 0.133162 -0.00635732 
-0.0211822 0.146521 -0.0150566 
0.0915147 0.130295 -0.00807903 
-0.0202464 0.157188 -0.00351631 
0.0306806 0.131625 -0.00362483 
0.0663731 0.0579928 0.0123109 
0.037671 0.132284 -0.000894438 
0.0554438 0.141843 -0.0106327 
-0.0293305 0.129261 -0.00743235 
0.0718422 0.063729 0.014805 
0.0490999 0.132478 -0.00142511 
-0.0718794 0.0801279 0.0138822 
-0.0277358 0.120458 -0.0154538 
0.0535273 0.132407 -0.00329677 
0.0605173 0.132235 -0.0113728 
-0.0399352 0.104017 -0.00829795 
0.0391323 0.109511 0.0191202 
0.0626801 0.131777 -0.0130238 
-0.0271257 0.184414 -0.00406758 
0.0734236 0.132256 -0.00694026 
-0.0283729 0.0813618 0.0119651 
0.0773268 0.131634 -0.00721597 
-0.00353463 0.131197 -0.00205372 
-0.0226709 0.14229 -0.012034 
-0.0237936 0.167294 -0.0368435 
-0.039735 0.128263 0.000824092 
0.0167819 0.131768 -0.00199273 
0.00225686 0.117898 0.000885599 
0.022105 0.133067 -0.00271893 
0.0337001 0.133337 -0.00158257 
0.0793771 0.132934 -0.00680591 
-0.0502668 0.132737 -0.00040291 
-0.071415 0.169261 0.00620462 
0.0160334 0.142432 -0.00215413 
-0.0827401 0.158855 -0.00558387 
-0.0483636 0.131589 0.000845729 
0.0408756 0.116034 0.0106975 
-0.0447681 0.132745 0.000733015 
-0.039906 0.132956 0.000209644 
-0.0353417 0.132878 -0.00128001 
0.0819763 0.0951118 0.00195085 
-0.0311377 0.132852 -0.00379913 
0.0488093 0.0693179 0.0242647 
-0.0242944 0.132251 -0.0161305 
-0.0448618 0.0976204 0.00493056 
-0.0227523 0.13356 -0.0175977 
0.00799607 0.140679 -0.00243693 
-0.00422953 0.13365 -0.00379477 
0.0454638 0.0985571 -0.00352404 
0.0717128 0.146083 -0.00686563 
0.0177396 0.133653 -0.00164627 
0.0935258 0.136062 -0.006255 
0.00246681 0.113233 0.000862013 
-0.0225038 0.0851011 0.00918744 
0.0120567 0.137061 -0.00132139 
-0.0714858 0.169999 0.00515935 
0.015751 0.137281 -0.00128103 
0.0223844 0.137155 -0.00170752 
0.0404216 0.137161 -0.000599092 
0.0486019 0.137341 -0.00239541 
0.0529321 0.137326 -0.00467032 
0.056068 0.136492 -0.00703185 
0.0856935 0.138084 -0.00462254 
-0.0426784 0.0697952 0.031129 
-0.0463597 0.137735 -0.00165049 
0.0692687 0.0641945 0.0214873 
-0.0401748 0.137525 -0.000622452 
0.0468324 0.146808 -0.0067294 
0.0383427 0.112163 0.0172145 
0.00780947 0.155139 -0.0165766 
-0.0270194 0.137478 -0.00694206 
-0.0238431 0.137487 -0.0124356 
0.0073357 0.137251 -0.00163655 
0.00127196 0.152031 -0.0175399 
-0.0386401 0.157175 0.00211644 
0.0402605 0.108252 -0.000402954 
0.00489854 0.138133 -0.00208415 
-0.0224862 0.138635 -0.015524 
0.0608542 0.0559872 0.0171982 
-0.0921367 0.138988 -0.00583753 
-0.0800181 0.139877 0.019299 
0.0726624 0.141606 -0.00546556 
-0.0262807 0.184272 -0.0181355 
0.0296744 0.141597 -0.00148029 
0.0761894 0.14165 -0.00454861 
-0.0299534 0.182138 -0.00134724 
0.0857419 0.141574 -0.00338725 
0.0884799 0.140241 -0.00700779 
-0.0839945 0.140227 0.0209317 
-0.0830228 0.140211 0.0201822 
0.00242067 0.139926 -0.00305168 
0.0224227 0.142081 -0.00178821 
0.027273 0.142404 -0.00162274 
0.0439341 0.141023 -0.00212609 
-0.0451823 0.140779 -0.00233856 
-0.0416582 0.14053 -0.0012099 
-0.030653 0.142412 -0.00371047 
-0.0609902 0.143256 0.0111565 
-0.0428604 0.110149 -0.00160313 
-0.0567761 0.143268 0.00998863 
0.013079 0.112959 -0.0136771 
-0.0678817 0.141199 -0.0153127 
-0.0650675 0.141144 -0.0170503 
-0.0383924 0.14358 0.0029524 
-0.0432322 0.14403 0.00455282 
-0.0315381 0.143923 -0.000945016 
0.0440822 0.102049 0.024973 
-0.00198958 0.11312 0.00208863 
0.0477819 0.143869 -0.00483926 
-0.0249636 0.144624 -0.00312852 
0.0707857 0.145633 -0.0055729 
-0.0121398 0.148816 -0.00734651 
0.0767275 0.144458 -0.00445778 
0.07969 0.146559 -0.0049009 
0.0911974 0.146146 -0.00320373 
0.0384926 0.0932778 0.0319593 
0.012641 0.145977 -0.00398563 
-0.0480994 0.0602337 0.0329346 
0.000471576 0.128283 -0.000358672 
0.0231077 0.146683 -0.00277013 
0.0422952 0.147174 -0.00498823 
-0.020784 0.172529 -0.0402984 
0.0506348 0.146043 -0.00929114 
0.0814275 0.0852675 0.00630713 
0.0533039 0.145055 -0.0116071 
0.0201746 0.147728 -0.00371606 
-0.0923356 0.147077 0.0199834 
0.0443557 0.132435 -0.000515471 
-0.0849315 0.147762 0.0180979 
-0.0760874 0.171151 0.0141745 
0.073217 0.13665 -0.00590382 
-0.0805669 0.147744 0.015937 
-0.0716495 0.147384 0.0122939 
-0.0323667 0.0723541 0.0251347 
0.0408147 0.140511 -0.00119069 
-0.0621646 0.14777 0.00997351 
0.042688 0.143245 -0.00282017 
-0.0565595 0.146636 0.00956267 
-0.0520976 0.147416 0.00797935 
-0.00819836 0.127294 -0.00305152 
-0.0252132 0.147321 -0.00249843 
-0.0207504 0.147754 -0.00454903 
-0.0233177 0.145607 -0.00880042 
-0.022196 0.145902 -0.0120992 
0.0925807 0.147023 -0.00483867 
0.031661 0.148451 -0.00355852 
0.050181 0.148131 -0.0121619 
-0.0685454 0.166336 0.0143162 
-0.0575823 0.148613 0.00881844 
-0.0541745 0.149267 0.00765583 
-0.0348438 0.156821 0.000158289 
-0.0739405 0.149465 0.011101 
-0.0742564 0.149852 0.0058376 
0.035202 0.149263 -0.0041495 
0.0461094 0.149168 -0.00933089 
-0.012377 0.0565651 0.018374 
0.0711094 0.143012 -0.00513763 
-0.0744046 0.150769 0.010767 
0.00911137 0.153799 -0.0174303 
-0.0546999 0.174444 0.00474112 
-0.0471814 0.150214 0.00516602 
0.0327432 0.0770422 0.0284219 
-0.0192377 0.0915638 0.00616231 
-0.0430693 0.152044 0.00355785 
0.0209449 0.13101 -0.00380982 
-0.0389653 0.152263 0.00221407 
-0.0361108 0.109227 -0.0120729 
-0.0124192 0.151338 -0.00758159 
0.0148535 0.151125 -0.00751645 
0.020859 0.15147 -0.00626784 
0.0319115 0.151084 -0.00533901 
-0.071263 0.139797 -0.0130214 
0.03616 0.151513 -0.00701255 
-0.0567487 0.104041 0.0107007 
0.0405633 0.151156 -0.00858952 
0.048748 0.150784 -0.0144204 
-0.0240561 0.0760995 0.0130994 
-0.0707649 0.151582 0.00399524 
-0.0143882 0.0887531 0.0102858 
0.0357821 0.0791886 0.0292023 
-0.0453187 0.152655 0.00401952 
-0.0182241 0.152965 -0.0220548 
0.0726731 0.127258 -0.00780961 
0.0298005 0.153558 -0.00870907 
-0.0158827 0.171212 -0.00590562 
0.0433304 0.153058 -0.0147117 
0.0483911 0.153144 -0.0152765 
0.0392993 0.153503 -0.0125901 
0.0347182 0.153789 -0.0103144 
0.0745376 0.11739 -0.00292434 
0.0233799 0.15414 -0.00960757 
-0.089732 0.155535 0.00988062 
-0.0611852 0.178083 -0.00355587 
-0.0295767 0.157271 -0.000533683 
-0.0247419 0.157194 -0.00178213 
0.00247595 0.154767 -0.0177832 
0.00321386 0.155061 -0.0189367 
