0.0103987 0.200484 -0.0228891 
0.0112125 0.200239 -0.0242813 
0.00410202 0.196978 -0.0252491 
-0.0214387 0.196694 -0.0437608 
0.00738789 0.195106 -0.0261707 
0.00518553 0.192523 -0.0286798 
0.00161718 0.192324 -0.0280929 
-0.00275118 0.191669 -0.0291504 
-0.0057165 0.190888 -0.0305393 
-0.00961279 0.189982 -0.0326568 
0.000918417 0.18959 -0.0305517 
-0.00116322 0.187969 -0.0324079 
-0.036919 0.183788 -0.0296314 
-0.0229068 0.184967 -0.0406829 
-0.0334254 0.185196 -0.0295148 
-0.00529776 0.187119 -0.0327455 
-0.00972903 0.187733 -0.0596373 
-0.0131743 0.18566 -0.0594753 
-0.00797884 0.184589 -0.0358389 
-0.0122107 0.185339 -0.0358733 
-0.0250154 0.184861 -0.0422109 
-0.0347879 0.182403 -0.0315683 
-0.0375209 0.181898 -0.0307301 
-0.0092052 0.183534 -0.0379186 
-0.0118977 0.182887 -0.0379231 
-0.028258 0.178802 -0.0395192 
0.00781418 0.181609 -0.0497545 
-0.0142717 0.182055 -0.0591987 
-0.0145074 0.180705 -0.0407678 
-0.0103425 0.177904 -0.0167028 
-0.0214776 0.177303 -0.0248108 
-0.0234987 0.177081 -0.0243778 
-0.0107039 0.179493 -0.0594548 
-0.0175341 0.178794 -0.0589312 
-0.0222677 0.177333 -0.0412023 
-0.014273 0.178794 -0.0588445 
-0.0238992 0.176879 -0.0393949 
-0.00957813 0.188163 -0.0330206 
-0.0517995 0.173768 -0.0445415 
-0.0360456 0.174829 -0.0329456 
0.00358514 0.178295 -0.0504283 
-0.0246977 0.174828 -0.0251426 
0.00712226 0.179124 -0.0500413 
-0.0111322 0.176432 -0.0523903 
-0.0249952 0.190706 -0.0432868 
0.00393821 0.175773 -0.0518654 
0.000874645 0.17714 -0.0509369 
-0.00473004 0.176656 -0.0518745 
-0.0116249 0.174979 -0.0496413 
-0.0141692 0.176664 -0.0471811 
-0.0108086 0.173207 -0.0393547 
-0.0141215 0.175287 -0.041013 
-0.0172061 0.175193 -0.040123 
-0.0177639 0.172391 -0.0369472 
-0.0115296 0.172169 -0.0217816 
-0.0109921 0.174675 -0.0181833 
-0.0171243 0.172045 -0.020745 
-0.020923 0.171723 -0.0227632 
-0.0380724 0.172161 -0.0341995 
-0.0115092 0.172643 -0.0459605 
-0.0141495 0.171988 -0.0387294 
0.00371411 0.173695 -0.0535767 
-0.015969 0.171452 -0.038055 
-0.0630327 0.166592 -0.0500811 
-0.022689 0.168541 -0.0251863 
-0.068537 0.164635 -0.0508819 
-0.0144585 0.169581 -0.0252784 
0.0116309 0.170825 -0.0493397 
0.00840961 0.1712 -0.0488449 
0.00289785 0.171029 -0.0495896 
0.0015819 0.17308 -0.0509847 
-0.00895474 0.171578 -0.0490223 
0.0491581 0.053781 0.0568243 
0.0643818 0.0580668 -0.0006915 
-0.0156665 0.179122 -0.0461757 
0.0151847 0.108693 0.0361906 
0.0552608 0.0961368 0.00976961 
0.0578076 0.128494 0.0296832 
0.0514364 0.0932736 0.0231484 
0.0477633 0.0939324 0.0287081 
0.0419538 0.0685224 0.0733302 
-0.00357331 0.15611 -0.0357231 
0.00838047 0.08886 0.0523306 
0.0626672 0.126993 0.0490043 
-0.0214065 0.176464 -0.0248685 
-0.00165556 0.0873159 0.0508565 
0.0311938 0.123241 0.0401434 
0.0522877 0.063069 0.0332175 
0.0392857 0.0905541 0.0723472 
0.05377 0.0901202 0.00503121 
0.0354163 0.052135 0.0669257 
0.0537977 0.0893544 0.00954714 
0.00862634 0.0840266 0.052851 
0.00180262 0.0830357 0.0525941 
0.0653445 0.135102 0.0734145 
-0.040111 0.170109 -0.0353837 
-0.00122927 0.0826792 0.0514513 
0.00147916 0.0885284 0.0513487 
0.0611375 0.126656 0.0625394 
0.0571673 0.13428 0.0260188 
0.0538637 0.0860516 0.00981653 
-0.00410211 0.160593 -0.0475914 
0.0529887 0.0842395 0.013506 
0.0680633 0.0541028 -0.0134136 
0.0494505 0.0834922 0.0173037 
0.0439427 0.100337 0.0686188 
0.0466605 0.0813921 0.0193921 
0.00498556 0.0865222 0.0530514 
0.0651242 0.128422 0.0701856 
0.056837 0.133098 0.0294891 
0.0447328 0.0834109 0.0223882 
-0.0210989 0.168581 -0.0237794 
-0.00356832 0.159423 -0.0360892 
0.0422732 0.0820452 0.0252143 
0.00546063 0.0787996 0.0529441 
0.0317015 0.0770823 0.0742129 
0.0419836 0.0793667 0.0747405 
0.0571708 0.0801011 0.00757458 
0.0578474 0.0500834 0.0510779 
-6.99255e-05 0.0793058 0.0521635 
0.0578815 0.0683103 0.0182442 
0.0536435 0.143104 0.0243912 
0.055672 0.109855 0.0599087 
0.0538863 0.060925 0.0499813 
0.0550719 0.0795373 0.0148068 
-0.024885 0.158874 -0.0254619 
0.0506113 0.0772288 0.0191112 
0.0444178 0.0776626 0.0213296 
0.04583 0.0878153 0.0243677 
0.0587752 0.0460518 0.0468269 
0.0546508 0.0930623 0.0112787 
0.0418672 0.0774158 0.0238263 
0.0075979 0.0793131 0.0527349 
0.0476984 0.0557947 0.0599067 
0.0509851 0.087462 0.0176524 
0.00501157 0.0832839 0.0533099 
0.0538562 0.0726096 -0.00597966 
0.0505496 0.0758237 0.0679038 
0.0543721 0.0547113 0.0541388 
0.052109 0.102472 0.0658223 
0.0472123 0.0746039 0.0714413 
0.0572412 0.0671292 0.0228387 
-0.0101486 0.182639 -0.0594046 
0.0240953 0.155253 0.0221811 
0.0531589 0.144454 0.0217593 
0.0417308 0.0742481 0.0747036 
0.0314291 0.0729943 0.0745877 
0.0561935 0.0733666 0.0183675 
0.00923487 0.10859 0.039807 
0.00388757 0.194672 -0.026136 
0.0519237 0.073284 0.0214604 
0.0530158 0.105153 0.0325625 
0.0459672 0.0725811 0.0229088 
0.0396831 0.158525 0.0155006 
0.0540649 0.0911412 0.00757907 
-0.0379034 0.165356 -0.0341347 
0.0529235 0.0689237 0.0581202 
0.0568639 0.0989215 0.0606866 
0.0445086 0.0913913 0.0722837 
0.0463688 0.0694045 0.0701164 
0.0590455 0.0622639 0.0234166 
0.036551 0.0682338 0.0748142 
0.041364 0.07087 0.0744303 
0.0586563 0.0653704 0.0146063 
0.0251172 0.0517761 0.0665892 
0.00265408 0.041408 0.0414702 
0.0342788 0.0472355 0.0619258 
0.0521449 0.142994 0.0310499 
0.0617086 0.0566439 0.0280811 
0.0542899 0.113215 0.0592596 
0.0557142 0.0965176 0.0132887 
0.0640456 0.0546413 -0.00358919 
-0.0110407 0.169995 -0.0377738 
0.0616128 0.0547712 0.0323002 
0.0632524 0.057041 0.0209702 
0.0368162 0.145304 0.0362423 
-0.0390506 0.176654 -0.0353994 
0.0461328 0.0805886 0.0733171 
0.0576208 0.074106 0.014772 
-0.0380399 0.156144 -0.0351021 
0.0624889 0.0627804 -0.00986059 
-0.0252191 0.180248 -0.0414406 
0.0518283 0.0744556 0.0639682 
0.0527085 0.104814 0.0643905 
0.0669917 0.0525532 -0.0131484 
0.0625065 0.0664817 0.00759923 
0.0119504 0.0915673 0.0498979 
0.0454243 0.0754768 0.0732603 
0.0574106 0.140573 0.0693412 
0.0523677 0.0661469 0.059379 
-0.00791994 0.177229 -0.0526475 
0.0507959 0.112694 0.0604646 
0.05534 0.0731929 -0.0103758 
-0.00689899 0.16999 -0.0376639 
0.0437956 0.065834 0.0324885 
0.0505802 0.086487 0.0702134 
0.0288277 0.0603378 0.0720799 
0.0104226 0.109122 0.0394236 
0.0668075 0.054782 -0.00543458 
0.0325773 0.0586038 0.0720057 
0.0424771 0.101806 0.066954 
0.045093 0.154819 0.0304769 
0.0410361 0.0506307 0.0617805 
0.0495102 0.0706307 0.0667539 
0.0540605 0.110215 0.0341977 
0.0295995 0.165139 0.0100422 
0.0299604 0.0472682 0.0629833 
0.0696092 0.0561256 -0.00949494 
-0.0184066 0.198458 -0.0439997 
0.0529945 0.120503 0.0556275 
0.0638748 0.0538044 0.0216446 
0.0542916 0.0677288 0.0257382 
0.0564765 0.111702 0.031011 
0.0546365 0.0650336 0.0291755 
-0.0249425 0.1785 -0.0396077 
0.0609432 0.0662253 -0.0101116 
0.0620719 0.0638811 0.0115116 
0.0533169 0.0899579 0.0145072 
0.0621038 0.0468712 0.0395302 
0.0633346 0.0585914 0.0165134 
0.0391096 0.144962 0.0366895 
0.0489395 0.0675675 0.0276822 
0.0594167 0.0678101 0.0105618 
0.0437274 0.0488817 0.0569048 
0.0357832 0.148618 0.0339375 
-0.0202913 0.201105 -0.0426786 
0.0511917 0.148137 0.0199196 
-0.00852938 0.155981 -0.035785 
0.0430027 0.0465146 0.0536837 
0.0587828 0.0672358 -0.0080496 
0.0554817 0.0702766 -0.00513277 
0.0385773 0.146289 0.0360541 
0.0639029 0.0526585 0.0241986 
0.0502238 0.148637 0.0165864 
0.0591198 0.0583936 0.0312154 
0.0363965 0.0584111 0.0712599 
0.0527524 0.0913162 0.0186983 
0.0608849 0.0468615 0.0438552 
0.0324517 0.0428804 0.0565812 
0.0526742 0.0600863 0.0543092 
-0.0190084 0.18035 -0.0405527 
0.0457469 0.153327 0.0221346 
0.0444134 0.066787 0.0293959 
0.048537 0.0855 0.0720563 
0.068002 0.0536886 -0.00739965 
0.0448756 0.0521101 0.0595571 
0.0594365 0.069147 0.00746055 
0.0460966 0.0853288 0.0732026 
0.0426533 0.043696 0.0480791 
0.0618416 0.0604498 0.02011 
0.0571463 0.0789407 0.0113848 
0.0624751 0.0648356 -0.0120206 
0.0024232 0.073363 0.0507656 
0.045846 0.0898235 0.0268354 
0.0360226 0.0557513 0.0695946 
0.0525516 0.0660144 0.0464556 
0.0548635 0.0943625 0.0154713 
0.0617769 0.0515091 0.0359686 
-0.0287073 0.173304 -0.0266486 
0.055279 0.139869 0.0217519 
0.063074 0.146598 0.0680213 
0.0356539 0.0885256 0.071844 
0.0628965 0.124531 0.0593299 
0.0393017 0.0805548 0.0749538 
0.0113096 0.0893329 0.0510387 
0.0441355 0.0442243 0.046034 
0.0671282 0.058856 -0.0041616 
0.0629342 0.050889 0.0328154 
0.0427688 0.083682 0.074239 
0.0360712 0.0737804 0.0753714 
0.0622088 0.0580538 0.0236789 
0.0457598 0.0644733 0.0681842 
-0.0281736 0.184616 -0.0295861 
-0.0473181 0.171296 -0.0406573 
0.0593225 0.0498909 0.0480252 
0.0545962 0.0605957 0.0365011 
0.0575915 0.0991437 0.0557266 
0.0636468 0.0481437 0.0295711 
0.0603293 0.117345 0.0487062 
0.038347 0.0433314 0.0543875 
0.0633008 0.0475403 0.0332661 
0.0399478 0.0853572 0.07393 
0.03879 0.0743188 0.0754192 
0.0553949 0.151099 0.0621855 
0.0523588 0.070467 0.023713 
0.0129372 0.116601 0.0367717 
0.0632979 0.0603292 0.00779254 
0.0486293 0.0499904 0.0543396 
-0.00378714 0.160245 -0.0367821 
0.0581597 0.0740393 0.0117192 
0.0634826 0.0614573 -0.0111333 
0.063673 0.0518905 0.0280309 
0.0500613 0.0646743 0.0624266 
0.0470001 0.151142 0.0295043 
0.0391453 0.0477378 0.0596526 
0.0569302 0.0535341 0.0515704 
0.0660405 0.130062 0.0660236 
0.0417105 0.0635571 0.0714671 
0.034977 0.0842496 0.0730568 
0.042753 0.06959 0.02744 
0.0546361 0.0491929 0.0527311 
0.0506272 0.0647552 0.0310168 
0.0388597 0.160834 0.0252431 
0.0122487 0.112606 0.0382471 
0.0573233 0.0644378 0.0266324 
0.0278424 0.0455021 0.0603738 
0.0575262 0.0552115 0.0475675 
0.057633 0.10482 0.0150186 
0.0630116 0.12766 0.058601 
0.0647668 0.0627254 -0.000629969 
0.0493184 0.079791 0.0177824 
0.0349422 0.162505 0.0177882 
-0.00430692 0.171715 -0.0505795 
0.0634454 0.141799 0.0608593 
0.038497 0.0449986 0.0564776 
0.0340362 0.163848 0.0182313 
0.0573976 0.0572231 0.0428947 
0.0570245 0.094707 0.0564252 
0.0497478 0.0919989 0.0705278 
0.057401 0.0692368 -0.0099375 
0.0583266 0.116115 0.0536804 
0.0261385 0.0563199 0.0698369 
0.0300954 0.0564412 0.07062 
0.051963 0.0648239 0.0495899 
-0.0178071 0.165 -0.0205876 
0.048049 0.0455233 0.0501237 
0.0647855 0.13736 0.0586597 
0.0507206 0.0583994 0.057733 
-0.0365667 0.17945 -0.0339168 
0.00938142 0.105654 0.0412117 
0.0410161 0.0592939 0.0694338 
0.0625867 0.0676599 0.00612872 
0.0596685 0.0536556 0.0439661 
-0.00822134 0.168933 -0.0453975 
0.0565345 0.093486 0.0605969 
0.0549068 0.152414 0.0619576 
0.0488736 0.0701067 0.0249489 
0.010931 0.202231 -0.0230755 
0.0542014 0.116028 0.0573666 
0.0476023 0.0476544 0.0521864 
0.063624 0.0593996 0.00305796 
0.00661409 0.0942952 0.0498284 
0.0628127 0.0470976 0.0360216 
0.0267005 0.0607524 0.0716801 
0.0507476 0.0699847 0.0635104 
0.0283584 0.0428211 0.0568407 
0.0539071 0.0928141 0.0664857 
0.0639057 0.132784 0.0533597 
0.0551587 0.0871881 0.062199 
0.0402433 0.052963 0.0647048 
0.0615794 0.0582166 0.00517275 
-0.0148025 0.173476 -0.0189829 
0.0285746 0.0497194 0.0662211 
0.0493068 0.0596128 0.0606948 
0.055028 0.0599574 0.0470607 
-0.0181076 0.201861 -0.0430315 
0.0557508 0.0704225 -0.000458576 
0.0445816 0.0874021 0.0733189 
0.0491432 0.149707 0.0138021 
0.0578921 0.0755102 0.00722251 
0.0680364 0.0601546 -0.00770377 
0.0579747 0.0683888 0.0137616 
0.0553889 0.0607911 0.0432356 
0.0507227 0.0811722 0.0694831 
0.0556271 0.070552 -0.00805041 
-0.0224174 0.192077 -0.043965 
0.0542151 0.0737736 -0.00863851 
0.0415217 0.0441863 0.0517125 
0.0531355 0.0466113 0.05128 
0.053388 0.0638232 0.0464884 
0.0557232 0.0829031 0.010757 
0.0591463 0.0600474 0.0271632 
-0.000216241 0.167083 -0.0495651 
0.0617894 0.0622426 0.0161559 
0.0368946 0.0924756 0.0705229 
0.0456174 0.153604 0.0343942 
-0.0386235 0.178955 -0.0330207 
0.0480833 0.079271 0.0718266 
0.0351202 0.0792596 0.0745543 
0.0633299 0.0599595 0.0111021 
0.0442916 0.0606439 0.067384 
0.0543845 0.0772858 0.0174324 
0.0309386 0.0676206 0.0743303 
0.0455928 0.0585463 0.0642559 
0.0426434 0.0721489 0.0250037 
0.063434 0.0631916 0.00822931 
0.0445368 0.0545257 0.0619962 
-0.0023548 0.189361 -0.0300321 
0.0640635 0.0637353 0.00460033 
0.0288215 0.165269 0.0108814 
0.0590793 0.0638956 0.0182407 
-0.0292673 0.171356 -0.0283684 
0.0554339 0.139135 0.0256466 
0.0617349 0.0504806 0.040045 
0.0544027 0.0955865 0.0199663 
0.036507 0.0629709 0.0733175 
-0.037892 0.153199 -0.0353982 
0.057882 0.11079 0.0273944 
-0.0177656 0.158687 -0.0212118 
0.0610194 0.0647019 -0.00758369 
-0.0277297 0.156701 -0.0275138 
0.061236 0.122182 0.0489147 
0.0527474 0.0710079 0.0602953 
0.0145862 0.117735 0.0342824 
0.0537939 0.0452523 0.0500632 
0.00343499 0.096911 0.0469615 
0.00210228 0.0426264 0.0417798 
0.00612281 0.0907265 0.052005 
0.0535696 0.0647253 0.0449438 
0.061 0.0498808 0.044408 
0.0536863 0.0970377 0.0241025 
0.0379735 0.0941235 0.070203 
0.0395417 0.0948086 0.0706449 
0.0557728 0.0891655 0.0599209 
0.0266277 0.156643 0.0220538 
-0.0412791 0.167195 -0.0361838 
0.0436396 0.0966594 0.0704113 
0.0487954 0.0976856 0.0693316 
0.00132735 0.0933256 0.0495557 
0.0217399 0.151399 0.0256632 
0.0115012 0.0951739 0.0479848 
0.0332445 0.044455 0.0584696 
0.0491215 0.0976316 0.031226 
0.0519756 0.0991161 0.028681 
0.0304494 0.0520788 0.0679133 
0.0484873 0.120401 0.0546547 
-0.0605333 0.16151 -0.046916 
0.051374 0.100796 0.0312447 
0.0440406 0.155049 0.0137933 
0.0594743 0.0553289 0.0404742 
0.055304 0.101287 0.0251747 
0.059764 0.0564258 0.0352097 
0.0563041 0.100143 0.020891 
0.0569909 0.101916 0.0183318 
0.0567033 0.100877 0.0142291 
-0.0179942 0.180946 -0.0594585 
0.0576072 0.101109 0.0536339 
0.0484102 0.118436 0.0561374 
0.0558749 0.100176 0.0100686 
-0.0304501 0.167818 -0.0293618 
0.0407563 0.0985128 0.0687826 
0.0134831 0.0974481 0.0447213 
0.0312156 0.12167 0.0399441 
0.0521265 0.145329 0.0169866 
0.00194906 0.0963437 0.0478313 
0.0579655 0.103407 0.0569734 
0.0151939 0.112961 0.0350499 
0.0583695 0.105277 0.0543558 
0.00391374 0.0981414 0.0457584 
0.0105519 0.0989215 0.0459837 
-0.0297992 0.178035 -0.0363689 
0.0136024 0.102023 0.0419844 
0.0569405 0.0620193 0.0301962 
0.0568268 0.106053 0.026423 
0.0581015 0.107462 0.0232474 
-0.0541121 0.160862 -0.0441147 
0.0659133 0.128921 0.0682168 
0.0581781 0.10685 0.0190067 
0.0584778 0.106227 0.0508741 
0.013408 0.110652 0.0386619 
0.0367173 0.161239 0.0243174 
-0.0308234 0.178972 -0.0304326 
0.0510275 0.109198 0.0627987 
0.0578806 0.107974 0.0575388 
0.058557 0.110462 0.0542816 
-0.0173631 0.168666 -0.0238109 
0.0145974 0.119724 0.0317395 
0.0593556 0.111368 0.0499783 
0.0597495 0.113717 0.0482527 
0.055466 0.0845439 0.00747023 
0.0452843 0.109972 0.0612696 
-0.0159974 0.166544 -0.01972 
0.0132893 0.106953 0.0396495 
0.0427023 0.15876 0.0295063 
-0.0582317 0.163631 -0.045051 
0.0588665 0.11259 0.0245773 
0.0658119 0.13233 0.0684376 
0.0588525 0.112122 0.0193129 
0.0591734 0.118272 0.0199493 
0.0571761 0.111716 0.0574689 
0.0541036 0.111798 0.0352203 
0.0458934 0.11252 0.0597528 
0.0598362 0.115228 0.0499941 
0.0485537 0.11503 0.0584282 
0.0584568 0.114503 0.0280778 
0.0569216 0.117039 0.0322953 
0.0593163 0.140028 0.0686818 
0.00939216 0.109789 0.0393641 
0.057911 0.121357 0.0534814 
0.0530418 0.076317 0.061492 
0.047954 0.101851 0.0676275 
0.0554834 0.117019 0.0349244 
0.0632748 0.139883 0.0711172 
0.058753 0.11817 0.0287913 
0.0655283 0.133516 0.0642022 
0.059294 0.11798 0.0247229 
0.0641914 0.133304 0.0578321 
-0.027658 0.171369 -0.0283029 
-0.012469 0.159506 -0.0348142 
0.0525 0.0778378 0.0650256 
0.060185 0.119087 0.0508254 
0.0533406 0.0819311 0.0656498 
0.0461657 0.107373 0.0637922 
0.060653 0.12318 0.0515472 
0.0572859 0.122836 0.0328195 
0.0584267 0.123333 0.0295366 
0.00718642 0.0980043 0.0470336 
-0.0405922 0.160976 -0.0357543 
0.0591234 0.123487 0.0253064 
-0.0289868 0.179501 -0.0309722 
-0.0136516 0.164271 -0.0358701 
-0.0369069 0.163319 -0.0330572 
0.0588223 0.123521 0.0205125 
-0.00959332 0.164884 -0.0172988 
0.054727 0.10067 0.064071 
0.0328494 0.121838 0.0402491 
0.0552699 0.0572955 0.0511707 
0.0621724 0.124144 0.0610957 
0.0584674 0.128912 0.0212793 
0.062126 0.126025 0.0617798 
0.0572024 0.134563 0.0216635 
0.0326295 0.123785 0.040333 
0.0584804 0.129011 0.0256441 
0.064137 0.13232 0.0699633 
0.0395526 0.160666 0.02178 
0.041424 0.0568603 0.0671513 
0.0561575 0.134216 0.0307673 
0.0551385 0.136228 0.0164256 
0.0651862 0.13733 0.0744869 
0.0667968 0.137558 0.07315 
0.0661801 0.138371 0.0693711 
0.0656065 0.138502 0.0641628 
0.0643526 0.136433 0.0552883 
0.0533732 0.0981035 0.0662278 
0.0543088 0.139168 0.0305965 
0.054238 0.139835 0.0165819 
0.0464806 0.104422 0.0661417 
0.0573732 0.139835 0.0684776 
-0.0479189 0.161742 -0.0409023 
0.0619467 0.142257 0.0678722 
0.0612692 0.143669 0.0701164 
-0.0312874 0.188015 -0.0286227 
-0.0581698 0.161926 -0.0455166 
0.0636 0.143204 0.0650568 
0.00269985 0.167388 -0.0492583 
-0.0510357 0.164566 -0.0407398 
0.0471269 0.1113 0.0606205 
0.0519458 0.144889 0.0280454 
0.0516709 0.1466 0.0231443 
0.0631765 0.14584 0.068001 
0.0586731 0.146527 0.0746056 
0.0695689 0.0586703 -0.00916727 
0.061899 0.147714 0.0725811 
0.0386897 0.149416 0.0326988 
-0.0142928 0.159774 -0.0194382 
0.0540179 0.081664 0.0618345 
0.0562778 0.120616 0.0346393 
0.0484193 0.149907 0.0341757 
0.0314847 0.148284 0.0335552 
-0.0159641 0.186683 -0.0370975 
0.0462286 0.0787836 0.0193741 
0.0491905 0.148615 0.0281484 
0.00892856 0.198078 -0.0242262 
-0.0196864 0.185226 -0.0392867 
0.0490822 0.150098 0.0231148 
-0.0230414 0.188041 -0.0419299 
0.0482474 0.151173 0.0173958 
0.0131607 0.098844 0.0445188 
-0.00845191 0.163406 -0.0167302 
0.059098 0.148987 0.0761097 
-0.00387698 0.163224 -0.0360778 
0.0607306 0.149548 0.0752857 
0.0626045 0.12789 0.0527549 
0.0111011 0.0862078 0.0513498 
0.0539282 0.0872891 0.0661278 
0.053413 0.150305 0.0636672 
0.0295259 0.149413 0.0321051 
0.0467004 0.152489 0.0132964 
0.0557812 0.0909128 0.0632327 
0.022408 0.148907 0.0275967 
-0.0205097 0.157252 -0.022632 
0.0469448 0.151986 0.0262751 
0.060245 0.151341 0.075409 
0.00980427 0.101804 0.0440011 
0.0532339 0.152721 0.0630713 
0.0564323 0.104492 0.060608 
0.0269092 0.1534 0.0262554 
0.0439308 0.155124 0.0247724 
0.028921 0.15143 0.0293769 
0.0571505 0.128473 0.0319331 
0.0429189 0.156035 0.019835 
-0.028302 0.188365 -0.0289803 
0.0335772 0.153031 0.0289351 
0.0378986 0.154577 0.0289609 
0.00277733 0.0772467 0.0522329 
0.0457072 0.153956 0.0192365 
0.0542826 0.140323 0.0283895 
0.0213541 0.153957 0.0220377 
0.0301171 0.155561 0.0238184 
0.041584 0.156318 0.0299529 
0.0419588 0.157152 0.0166256 
0.0480393 0.0852341 0.0197849 
0.0580928 0.143249 0.0719391 
-0.00610767 0.15562 -0.0355977 
0.0276429 0.157272 0.020928 
0.030428 0.157025 0.0224492 
0.0409092 0.158624 0.030062 
0.0556982 0.136477 0.029038 
0.0420458 0.1594 0.0267739 
0.0387106 0.15828 0.0122151 
0.0611714 0.0677585 -0.0124326 
-0.0393941 0.153056 -0.0356429 
0.0383699 0.15904 0.0124001 
0.0567645 0.0599453 0.0349354 
0.0657674 0.0621692 -0.00349892 
0.0555284 0.106644 0.0299376 
-0.0398102 0.155845 -0.0354891 
0.0487053 0.0916672 0.0250857 
-0.00948491 0.159162 -0.036023 
0.0498481 0.0894875 0.0214181 
-0.00643711 0.157269 -0.0356601 
-0.0277154 0.168829 -0.0287275 
0.0398435 0.144833 0.0361953 
-0.00477314 0.160577 -0.045526 
-0.0291357 0.157729 -0.0282808 
0.031336 0.062631 0.0734635 
-0.0027639 0.162469 -0.0491484 
-0.0318137 0.161238 -0.0301291 
-0.0249609 0.162098 -0.0261417 
0.0520918 0.0644862 0.0563117 
-0.0136251 0.162707 -0.0181783 
0.0507142 0.0952645 0.0263843 
-0.0102602 0.164606 -0.0368599 
-0.00672492 0.165672 -0.0457993 
0.0277762 0.164894 0.0114136 
-0.00559586 0.165735 -0.0370736 
-0.00329587 0.166285 -0.0494182 
0.00931151 0.167823 -0.0485419 
-0.00653218 0.166906 -0.0479358 
0.0123436 0.16845 -0.0494679 
-0.0346147 0.162786 -0.0325101 
0.0580281 0.106845 0.0575054 
-0.0274868 0.163223 -0.0269865 
0.0471624 0.0628728 0.0655125 
-0.0509628 0.163045 -0.0418393 
-0.0620368 0.164845 -0.0486695 
-0.0550052 0.163854 -0.043091 
-0.0485453 0.167956 -0.0411104 
-0.0443985 0.165572 -0.0368604 
-0.0160543 0.169202 -0.0367381 
