0.0438257 0.200804 0.00909084 
0.014103 0.199664 0.0261747 
0.0193299 0.195633 0.0254354 
0.0480152 0.196242 0.00840184 
0.0456508 0.195381 0.00736349 
0.0161118 0.194139 0.024491 
0.0231973 0.193391 0.0237836 
0.019941 0.192672 0.0239511 
0.0544585 0.189659 0.022474 
0.0492163 0.191281 0.00810609 
0.0461506 0.191646 0.0068173 
0.0341398 0.189595 0.0179096 
0.0302155 0.190146 0.0200136 
0.0257611 0.19105 0.0223027 
0.023072 0.190196 0.0220821 
0.0268557 0.188622 0.0209452 
0.0249086 0.188231 0.0202127 
0.0569365 0.187465 0.0224363 
0.0420859 0.186217 0.0132646 
0.0312975 0.184589 0.0158875 
0.0388667 0.18374 -0.00646709 
0.0357619 0.184413 -0.00623293 
0.0349593 0.182972 0.0137838 
0.0540502 0.182208 0.00757488 
0.0610653 0.182049 0.0196563 
0.0548998 0.18056 0.00958047 
0.0454201 0.181674 0.0112007 
0.0363677 0.181591 -0.00717088 
0.0633094 0.179803 0.0183966 
0.0610895 0.179089 0.0170954 
0.0585991 0.181115 0.0189442 
0.0545727 0.181259 0.0206905 
0.0535606 0.179229 0.011061 
0.0500591 0.180855 0.00978673 
0.0425707 0.180177 0.0104381 
0.0421718 0.179084 0.000572735 
0.0413914 0.178706 -0.000954883 
0.0303194 0.178635 -0.00327816 
0.0565347 0.178326 0.0201285 
0.0530957 0.178162 0.0118444 
0.0507002 0.178146 0.0112362 
0.0387015 0.177771 -0.00724811 
0.0612447 0.177999 0.016678 
0.0368675 0.177734 0.033015 
0.0351301 0.17744 -0.00290734 
-0.0509682 0.106927 0.0343098 
-0.0510585 0.104425 0.0315979 
-0.00722407 0.163752 0.0225516 
-0.0779577 0.152078 0.0265526 
0.0284174 0.0961689 0.0270587 
0.027765 0.100981 0.0271897 
0.0649228 0.0702019 0.0228695 
0.0231963 0.101559 0.0293219 
0.0540743 0.0751222 0.0170258 
0.0573959 0.0682034 0.024081 
0.0514365 0.0737304 0.0178618 
0.0566717 0.0639451 0.0257775 
0.0612926 0.0945961 0.00370229 
-0.0200939 0.100488 0.0398551 
-0.022818 0.101285 0.0411122 
0.054431 0.101594 0.00223284 
-0.0299485 0.101796 0.0428622 
-0.033344 0.0997718 0.042609 
-0.0718968 0.0636155 0.0193127 
-0.0415994 0.101503 0.0401241 
-0.0488275 0.10123 0.032024 
-0.0520049 0.101285 0.0276753 
-0.0834982 0.100786 0.0126017 
-0.0552737 0.101186 0.0247492 
0.016377 0.127623 0.0293706 
-0.0819607 0.104608 0.0154099 
0.0307105 0.0948896 0.0261941 
0.0116294 0.0944367 0.0282132 
0.00930024 0.0965816 0.0278148 
0.0763001 0.0897755 0.0144558 
-0.0622112 0.121792 0.032919 
0.0644468 0.0911536 0.00577182 
-0.0783689 0.10634 0.023584 
0.0395451 0.161347 0.028553 
0.000411992 0.101425 0.0219364 
-0.0466794 0.0972928 0.0306334 
-0.0543161 0.107375 0.0298019 
-0.0533225 0.104731 0.0289474 
-0.0639787 0.0876187 0.0139503 
0.0589911 0.0906456 0.00362063 
-0.0413669 0.0855991 0.0250534 
0.0309461 0.0979465 0.0254459 
0.0063462 0.0923772 0.0238067 
0.0667474 0.0877942 0.00881659 
0.0355427 0.16861 0.0336764 
0.0442378 0.198067 0.00868099 
-0.0144402 0.144688 0.0391272 
-0.0433301 0.0937913 0.0320468 
-0.00315138 0.150077 0.0339143 
0.0618253 0.0892407 0.00587848 
0.0415685 0.158638 0.0266602 
-0.0455838 0.0947107 0.0284918 
-0.0514448 0.0944467 0.0225783 
-0.0293725 0.0713001 0.043919 
-0.0329041 0.0691004 0.047052 
0.0556488 0.144529 0.0183704 
0.030719 0.0906155 0.0262885 
0.0370247 0.0750974 0.0296806 
0.0196925 0.0895975 0.028931 
0.0491039 0.0538393 0.0328296 
-0.0408183 0.133094 0.0429674 
0.0726871 0.0848087 0.0180633 
0.0350627 0.172255 0.0126269 
-0.0716312 0.0921226 0.0218269 
-0.00894951 0.0629989 0.0525871 
0.0623341 0.0833294 0.0138839 
0.0685275 0.082504 0.0187763 
-0.0648358 0.0798523 0.0119036 
-0.0552437 0.0750067 0.0113309 
0.0588856 0.0958988 0.00265209 
-0.0426446 0.0887587 0.0252591 
-0.001201 0.107509 0.0238727 
-0.0373919 0.150994 0.0372859 
-0.0371172 0.106869 0.0430967 
-0.0468558 0.0905982 0.0233778 
-0.0474869 0.0880254 0.0201117 
-0.070918 0.0838135 0.0173551 
-0.0838917 0.0957517 0.0148346 
-0.0392592 0.0841671 0.0286119 
-0.0179162 0.156825 0.0335789 
0.033396 0.0859488 0.0272948 
-0.0670382 0.106715 0.0285131 
-0.0367948 0.143713 0.0412585 
0.0494511 0.149254 0.0244063 
0.0398381 0.183473 -0.00647576 
-0.0362826 0.0970905 0.0410688 
-0.0846245 0.0887934 0.0123295 
0.0396756 0.185818 0.0144596 
-0.0557306 0.0498725 0.0356152 
-0.00873836 0.118855 0.0240275 
-0.0853193 0.0903389 0.00952968 
-0.0441296 0.112129 0.0421861 
0.0577547 0.0818624 0.0140137 
0.0561331 0.0973157 0.0012857 
0.0164919 0.0862271 0.0272654 
0.0160018 0.0827712 0.0258269 
-0.0143239 0.138032 0.0381078 
0.040377 0.164444 0.0166275 
-0.02007 0.130326 0.0346622 
-0.0254339 0.163074 0.0272051 
0.0725348 0.0805558 0.0200376 
0.0279046 0.177426 -0.002992 
-0.0129164 0.0856907 0.0391275 
0.0819026 0.10606 0.00120549 
0.0549117 0.0798932 0.0156154 
-0.0773967 0.0960582 0.0230066 
-0.0329609 0.0609159 0.0473507 
0.0361801 0.0932424 0.0222552 
-0.0174134 0.0856493 0.0408388 
-0.0287437 0.0498931 0.0283046 
-0.0256445 0.143995 0.0409176 
-0.0445746 0.0854599 0.0213612 
0.02137 0.161288 0.00313295 
0.0131575 0.0816669 0.0238204 
-0.0483759 0.0544805 0.0396997 
0.0280163 0.0906422 0.0273066 
0.0228008 0.091265 0.0286549 
-0.0294471 0.0853162 0.0429492 
0.0331092 0.0905389 0.026449 
0.000174324 0.13335 0.0353685 
-0.036954 0.085826 0.0360483 
-0.00221572 0.103281 0.0201525 
-0.0388706 0.0857886 0.0310895 
-0.0256443 0.086855 0.0417671 
-0.0623487 0.0845121 0.0118431 
0.0374586 0.0803183 0.0293064 
-0.083193 0.100591 0.0154185 
-0.0295888 0.0526944 0.0304589 
0.0336862 0.0809653 0.0282587 
0.0492409 0.0583153 0.0320271 
0.0315432 0.0798522 0.0272737 
0.0233025 0.0810769 0.0268232 
-0.0701496 0.107476 0.0288954 
-0.0333638 0.144688 0.0411359 
-0.080164 0.0863211 0.0181714 
-0.0829845 0.0857641 0.015001 
-0.0298628 0.163758 0.0274763 
0.0272197 0.0801653 0.0265101 
-0.0788601 0.0835279 0.0179315 
-0.0120358 0.0805775 0.0387538 
-0.0834058 0.0735696 0.00535545 
-0.081418 0.101067 0.0194383 
0.0463141 0.0647409 0.0303308 
-0.041905 0.0808845 -0.00722787 
0.0729776 0.0751048 0.0205074 
0.0579363 0.0747592 0.0188212 
0.000194546 0.152054 0.0289477 
0.034422 0.0766628 0.0294574 
-0.0141057 0.0801932 0.0396937 
-0.0145492 0.160006 0.0267537 
-0.0186832 0.158557 0.0309659 
0.0761649 0.100045 0.00462775 
-0.0392787 0.0764821 -0.0056021 
0.0276283 0.0854149 0.0271807 
-0.085455 0.0827006 0.00229017 
0.0384003 0.143814 0.0170242 
-0.0668483 0.117782 0.0330252 
0.00887997 0.0929801 0.0260251 
-0.0636101 0.0641921 0.0252711 
-0.0411758 0.0783685 0.0354673 
-0.0403969 0.0802513 0.0243367 
0.00480635 0.0893358 0.0209625 
0.0783911 0.0841363 0.0178923 
0.0686721 0.0795128 0.0206416 
-0.0100007 0.08868 0.0356276 
0.0532874 0.0715002 0.0182217 
0.0416961 0.180414 -0.00647947 
-0.0358027 0.0802791 0.0416043 
-0.0389874 0.0796317 0.0387897 
-0.0904318 0.149285 0.0274465 
0.0831272 0.0970243 0.00232941 
-0.0837047 0.0842153 0.0129181 
0.0613373 0.0606778 0.0261248 
0.0487784 0.0674698 0.0290487 
0.0229594 0.0738796 0.0243204 
0.0162967 0.0749012 0.0219936 
-0.0907415 0.131836 0.0302315 
-0.0849951 0.0777157 0.00459262 
-0.0141313 0.0857981 0.0396288 
-0.0253963 0.0497016 0.0284726 
-0.07849 0.0797034 0.0169977 
0.00373735 0.0921374 0.0212285 
0.0517309 0.0705953 0.0184691 
-0.0293392 0.161164 0.0285736 
0.0147257 0.071775 0.0195374 
-0.0411994 0.0931472 0.0351502 
0.0758844 0.0950221 0.0069035 
0.0780785 0.0674161 0.0156402 
0.041806 0.0701837 0.0290246 
0.0795422 0.0971245 0.00377531 
0.0343956 0.17004 0.00176785 
-0.0562163 0.139198 0.0330018 
0.0386998 0.153805 0.0177542 
-0.0253858 0.102227 0.0419484 
0.0674625 0.070496 0.021999 
-0.0184467 0.0703257 0.0478166 
0.00820414 0.101592 0.0291593 
-0.0181045 0.0761245 0.0405599 
-0.0436828 0.0593609 0.0424148 
-0.063691 0.0613514 0.0266519 
-0.0441737 0.0745658 0.0316673 
0.061205 0.0696834 0.0233196 
0.0307031 0.0998911 0.0252589 
0.0549289 0.0690073 0.0220922 
0.0651043 0.105716 0.0068534 
0.0528526 0.0592567 0.0301379 
-0.0255529 0.159563 0.0301517 
0.0171291 0.0711663 0.0205457 
-0.0137575 0.0747164 0.0480209 
-0.0414734 0.0757584 0.0239056 
-0.0120603 0.064492 0.0538294 
-0.0590511 0.0793228 0.0107826 
-0.0716173 0.0959727 0.0239499 
-0.0429473 0.063107 0.0422117 
-0.0556604 0.111876 0.0308924 
0.0628997 0.0557978 0.0264593 
0.046382 0.059638 0.0322724 
-0.0369486 0.154077 0.0342395 
-0.0744789 0.0798901 0.018843 
-0.0144436 0.0639339 0.0542493 
-0.0630754 0.0994076 0.0199046 
0.0266478 0.0633731 0.0202118 
-0.0257704 0.0908509 0.0422178 
-0.0697051 0.0589745 0.0237338 
-0.076563 0.0692951 0.0156117 
0.0307938 0.0573436 0.0179152 
-0.0701765 0.150153 0.0256774 
0.0504428 0.0614064 0.0293925 
-0.0176922 0.0649635 0.0542408 
-0.0585328 0.128193 0.0332138 
-0.0633046 0.0956305 0.0178435 
-0.0789669 0.062639 0.00235182 
0.0723017 0.0611981 0.0213898 
-0.022641 0.139192 0.0403824 
0.0585823 0.0872852 0.00580669 
-0.0540846 0.122901 0.0367703 
-0.0360045 0.0753888 0.0419976 
-0.0849295 0.0947763 0.010112 
-0.0819515 0.126184 0.0296777 
0.0573085 0.0779831 0.0159178 
0.0426284 0.0543282 0.0330653 
0.0349329 0.049923 0.0132263 
0.0334582 0.0629854 0.0284988 
-0.0579999 0.0536902 0.0347697 
0.0372027 0.064604 0.0312453 
-0.0512912 0.118665 0.0392437 
-0.0625049 0.0503964 0.0317492 
0.0384535 0.0525328 0.0265806 
-0.0620604 0.127279 0.0330622 
-0.0583279 0.123216 0.0327906 
-0.0459871 0.0880721 0.0219037 
-0.0624571 0.100514 0.0202854 
0.0235371 0.169157 0.0030176 
-0.0565449 0.0597072 0.0332286 
-0.0637598 0.090771 0.0150734 
-0.0407655 0.118015 0.0437779 
-0.0522349 0.0713481 0.0150256 
-0.000905691 0.147545 0.033799 
-0.0669545 0.0684974 0.0211999 
0.0778004 0.0807648 0.0185859 
-0.0315831 0.0541263 0.0309042 
-0.0464548 0.103236 0.0374228 
-0.00502562 0.153729 0.0318482 
-0.0506162 0.0641066 0.0343772 
0.0687048 0.0856917 0.0157397 
-0.0528135 0.0659493 0.0207702 
-0.00327662 0.143244 0.0361646 
-0.0209342 0.0679616 0.049816 
-0.0643302 0.0853313 0.0126381 
0.0560673 0.189676 0.0228465 
0.0315023 0.0536715 0.015223 
0.0685519 0.117144 0.00713028 
-0.0746046 0.0579764 0.00589796 
-0.0582062 0.0571625 0.0333259 
-0.0142914 0.0906559 0.0391243 
-0.00872167 0.0609204 0.0516074 
0.0391687 0.0540467 0.0301053 
-0.0105911 0.0600104 0.0511725 
0.0499017 0.111045 0.00545345 
-0.0845425 0.0968166 0.0118589 
-0.0482321 0.0694874 0.0327129 
-0.0112177 0.13904 0.0378165 
-0.0133882 0.0610916 0.0523159 
0.0478331 0.11322 0.00615809 
-0.0449715 0.145962 0.0370504 
-0.0505869 0.0974661 0.0260496 
-0.0772978 0.0913592 0.0214141 
-0.0722603 0.0546711 0.00459265 
0.0383636 0.17934 0.0336718 
-0.0796067 0.0647568 0.0044182 
-0.0747028 0.111795 0.0274343 
0.0379138 0.124678 0.00999786 
0.0416506 0.0591081 0.0336502 
0.0397541 0.174487 0.029864 
-0.061982 0.0756062 0.0111083 
-0.0339444 0.0857908 0.0404529 
0.0607071 0.0572851 0.0275344 
0.0421554 0.143913 0.0179394 
0.0637113 0.0591239 0.0257551 
0.0151512 0.0793797 0.0237457 
0.0191574 0.101458 0.0303945 
-0.0437291 0.0748528 0.020379 
0.00775909 0.122901 0.0334801 
0.0156724 0.0959677 0.0298517 
-0.0476486 0.106867 0.0383115 
-0.0779364 0.134353 0.0343172 
-0.0218044 0.0650864 0.0512401 
0.0341377 0.0512833 0.0142556 
0.0642197 0.117333 0.00915908 
0.0125863 0.0856211 0.0251755 
-0.0447035 0.0791933 0.0165511 
0.0428278 0.133743 0.0157226 
-0.0552046 0.0779202 0.0104287 
-0.0474826 0.0697438 0.021904 
-0.0150594 0.0699148 0.0506915 
0.0351565 0.16641 0.034109 
-0.00953576 0.124377 0.0299187 
0.0405068 0.177787 -0.00661142 
-0.0557424 0.134859 0.0338749 
-0.0290567 0.0570999 0.0330595 
0.0796244 0.063858 0.0170307 
-0.0701719 0.11229 0.0303434 
-0.0296657 0.0680232 0.0483329 
-0.0820889 0.079626 0.0132466 
0.0388095 0.182038 0.0126654 
0.0682215 0.0751703 0.0217967 
-0.0565582 0.10482 0.0253387 
0.000902574 0.156404 0.0214773 
-0.0471457 0.143703 0.0369466 
-0.0291589 0.0601554 0.0510881 
-0.0808275 0.0908775 0.0190754 
0.0458734 0.053878 0.0331429 
-0.0679469 0.0513074 0.00641257 
0.050863 0.154389 0.0248702 
-0.0552308 0.120189 0.0349221 
-0.0483287 0.0592343 0.0399454 
0.0122994 0.0980544 0.02994 
-0.0387254 0.0811506 0.0284158 
0.0594044 0.185069 0.0214149 
0.0283908 0.0596597 0.0185374 
-0.0707061 0.0528055 0.00292946 
-0.0703777 0.0537103 0.024579 
0.0320277 0.15946 0.00373516 
0.0500595 0.06397 0.0288587 
-0.0255981 0.0833373 0.043623 
-0.0852831 0.0797942 0.00271915 
-0.083036 0.0748412 0.00789935 
-0.0410194 0.0906752 0.0323584 
-0.0647855 0.074204 0.0129595 
-0.0413904 0.105139 0.0415385 
0.0392175 0.0517383 0.0268985 
-0.011418 0.0767107 0.0382443 
0.0260112 0.107204 0.0276586 
-0.0545284 0.0692782 0.0164197 
-0.0403729 0.0697906 0.0393848 
-0.0591043 0.118326 0.0313093 
-0.0529494 0.0969858 0.0235154 
0.0456312 0.0501463 0.0311857 
-0.081511 0.0960084 0.01952 
-0.0370984 0.0491656 0.0253073 
0.0307889 0.0855515 0.0262308 
-0.0740226 0.0937698 0.0231855 
-0.0187472 0.0534288 0.0574749 
-0.0818031 0.105253 0.0138653 
-0.00970301 0.160421 0.024563 
0.0653614 0.0832657 0.0166921 
-0.0570537 0.0645117 0.0240479 
-0.0332887 0.0494971 0.0269283 
0.0413245 0.0642237 0.0329967 
-0.0255345 0.0630455 0.0535529 
-0.0172089 0.0682219 0.0531388 
-0.0548317 0.0539242 0.0369999 
-0.0739477 0.0746169 0.0183474 
-0.0663517 0.0620658 0.0243835 
-0.0355797 0.0500291 0.0265521 
-0.0363884 0.101703 0.0423131 
-0.0742438 0.106339 0.0270966 
-0.0405802 0.109105 0.0428717 
-0.0626521 0.0537814 0.0317678 
0.0116096 0.128077 0.0321354 
0.0389128 0.123618 0.009777 
-0.0611899 0.133979 0.0318571 
-0.0739548 0.0971595 0.0245331 
-0.0336174 0.090895 0.0399735 
-0.0669824 0.0536939 0.0285456 
0.0534989 0.122759 0.0131161 
-0.0488523 0.103478 0.0346429 
0.00321237 0.104822 0.0268696 
0.0770101 0.0649855 0.017752 
-0.0511579 0.0745899 0.0126245 
0.0314409 0.095998 0.0257386 
-0.0225187 0.0913637 0.0420106 
-0.00851187 0.073069 0.0446936 
0.087617 0.0604773 0.0178089 
-0.0378084 0.0906366 0.0368433 
-0.0492712 0.122975 0.040847 
-0.0385863 0.0819734 0.0368024 
0.00203116 0.147751 0.0319347 
-0.0793118 0.110857 0.0190858 
-0.0339042 0.0954917 0.0413941 
-0.0662431 0.0503119 0.0280243 
-0.07927 0.0679126 0.00977985 
-0.0737505 0.0696673 0.0176668 
0.0123248 0.0749015 0.0190023 
0.0762171 0.0807114 0.0192049 
-0.0553263 0.0506273 0.0361051 
-0.0540457 0.128417 0.0366193 
-0.0295462 0.080583 0.043888 
-0.0174844 0.144356 0.0396267 
0.0243781 0.0657827 0.0206665 
-0.0452032 0.12303 0.0427772 
0.0532074 0.0537887 0.0314404 
-0.081326 0.0658978 0.00102725 
-0.0224424 0.0858695 0.041812 
-0.0166006 0.0542176 0.0583634 
0.0663657 0.175813 0.0153764 
-0.0333531 0.102209 0.043042 
0.0320239 0.0750654 0.0285195 
-0.0175618 0.0804624 0.0406989 
-0.0395053 0.162451 0.0278767 
-0.0844848 0.0797874 0.00807117 
-0.025937 0.0599476 0.0552127 
0.053178 0.0624257 0.0273842 
-0.0751384 0.0599646 0.008658 
0.0386427 0.173927 0.0111708 
-0.0340458 0.051893 0.0286813 
0.0162773 0.0909307 0.028669 
0.094802 0.0593031 0.019323 
-0.0268766 0.0566973 0.0523157 
-0.0545438 0.0638369 0.031245 
0.0422484 0.172525 0.0130846 
-0.0433659 0.0909224 0.0271794 
-0.0459652 0.0712991 0.0217272 
0.038063 0.165179 0.0151747 
-0.0195537 0.0533381 0.0309971 
0.0313868 0.164418 0.00266104 
-0.0650543 0.0889295 0.0144152 
-0.0221939 0.0594068 0.0584162 
-0.0773677 0.0637483 0.0090219 
0.0548323 0.0831789 0.0132283 
0.0348547 0.18604 0.0166011 
-0.0580899 0.0503461 0.0346909 
-0.0837585 0.0907249 0.0148286 
0.000902749 0.119933 0.0327142 
-0.00726246 0.116184 0.022387 
-0.0633054 0.068262 0.0237975 
0.041467 0.0502852 0.0283561 
0.0680165 0.063583 0.0221702 
-0.0405417 0.061304 0.0439955 
0.0311143 0.148945 0.00595881 
0.0324526 0.065535 0.0285101 
-0.0229313 0.0501677 0.0290489 
0.0110671 0.0784658 0.0201691 
-0.0753055 0.0656863 0.015442 
-0.0399667 0.0962719 0.0384915 
0.023564 0.0696347 0.0225184 
-0.085809 0.138442 0.0328139 
0.0122447 0.102066 0.0308737 
-0.0742181 0.117221 0.0268871 
0.0388444 0.0501339 0.0139179 
0.0287942 0.0679449 0.0236504 
0.00815456 0.0856405 0.0219497 
-0.0707116 0.0688202 0.0174787 
0.0383226 0.0527794 0.0160541 
-0.0526516 0.0591982 0.0366916 
0.0439662 0.186204 0.0112424 
0.0287586 0.0530854 0.0131271 
0.0274747 0.0752594 0.0257235 
0.0408026 0.0494599 0.013503 
0.061522 0.0644428 0.0240917 
0.082783 0.100694 0.00171901 
-0.0272554 0.128929 0.0405712 
-0.0816084 0.0712246 0.00829793 
-0.0511151 0.153482 0.0291478 
0.00392428 0.101476 0.0258676 
-0.0429907 0.080287 0.0195936 
-0.0296384 0.0755693 0.0433724 
-0.018112 0.131301 0.0350198 
0.0197052 0.0802816 0.0259962 
-0.076706 0.0591797 0.00192162 
-0.0255211 0.074161 0.0424253 
-0.0334976 0.0714779 0.0418391 
-0.0828836 0.0695958 0.00161524 
0.0425593 0.13852 0.0172451 
-0.00816258 0.070658 0.0443398 
-0.0651109 0.0945472 0.01755 
-0.0763495 0.152844 0.0260547 
-0.0112233 0.144103 0.0382457 
-0.0905179 0.129913 0.0300493 
-0.072338 0.0548069 0.0214925 
-0.0796038 0.110484 0.0172909 
-0.0888153 0.132692 0.0311737 
-0.0250539 0.0509713 0.0296504 
-0.0601062 0.0609788 0.0298433 
0.0149436 0.131697 0.0297396 
0.0232332 0.0962851 0.0290874 
-0.0338993 0.0649675 0.0481201 
-0.0127329 0.124253 0.0276669 
-0.0450599 0.0832806 0.0179123 
-0.024957 0.0552649 0.055539 
-0.0613741 0.101158 0.0203638 
-0.0432093 0.074515 0.0353329 
-0.025421 0.0542527 0.0320173 
-0.0214566 0.0527268 0.0309811 
0.078838 0.0909108 0.0130928 
-0.0444605 0.133627 0.0421086 
-0.0724867 0.0591608 0.0206003 
-0.0402537 0.074898 0.0392022 
-0.0560219 0.0648751 0.021401 
-0.0490391 0.0712732 0.018342 
-0.0379 0.0602448 0.0441723 
-0.0617389 0.0582947 0.0304106 
-0.0774833 0.0744996 0.0164291 
0.0112139 0.133378 0.0315547 
-0.0618821 0.138859 0.0314908 
-0.0400423 0.0844845 -0.00652004 
-0.0444402 0.0556189 0.041179 
-0.0336193 0.0815327 0.0426137 
0.064465 0.07562 0.0215198 
0.0732964 0.116279 0.00461596 
0.0375203 0.0591981 0.0311487 
-0.0486733 0.0949145 0.0251386 
-0.0889534 0.144886 0.0272423 
-0.0739649 0.0902785 0.0213476 
-0.0463153 0.0771174 0.0141091 
-0.0312606 0.122765 0.0424131 
0.0681344 0.059994 0.0236202 
0.0468521 0.123784 0.0123907 
0.0649328 0.0798646 0.0193586 
-0.0447108 0.149129 0.0345668 
-0.0741727 0.0555578 0.00156456 
-0.02248 0.0708076 0.0458245 
-0.0407513 0.0576608 0.0422812 
0.0112383 0.0906373 0.0264437 
-0.0456456 0.065785 0.0370365 
-0.0400883 0.0799455 0.0336515 
0.0831072 0.0639404 0.01709 
-0.0844505 0.0747764 0.00273269 
-0.0174438 0.0908908 0.040528 
-0.0109502 0.0616064 0.052229 
-0.0443093 0.103626 0.0393843 
0.00522901 0.0963698 0.0247247 
0.0719369 0.0880519 0.0147381 
0.0231176 0.0858605 0.0278035 
-0.0855414 0.0846692 0.00437658 
-0.0254193 0.138295 0.041181 
-0.080394 0.0639259 1.3621e-05 
-0.0256118 0.0807503 0.0437429 
-0.0621036 0.117124 0.0314687 
0.0916768 0.0560383 0.0177928 
-0.00320317 0.134174 0.0360654 
-0.0860218 0.144089 0.0305666 
0.0612496 0.106616 0.0071201 
0.057984 0.059147 0.0277927 
-0.0455624 0.100613 0.0364313 
0.0313537 0.144879 0.00722492 
-0.00833957 0.15315 0.0342639 
0.00699723 0.0895844 0.0229878 
-0.048882 0.0662111 0.0346097 
0.0313613 0.0502256 0.0122918 
0.044872 0.185798 0.011688 
0.0315101 0.0605119 0.0201529 
-0.0272081 0.0569542 0.0334865 
-0.0781577 0.101275 0.0238139 
0.0606952 0.0553411 0.0276128 
0.0196869 0.0693168 0.020564 
-0.0702217 0.144574 0.0313987 
-0.0530729 0.0665475 0.0298122 
-0.026938 0.110829 0.0410189 
-0.0393582 0.0930265 0.0371461 
0.0905542 0.0588496 0.0180732 
0.000352556 0.138521 0.0353894 
-0.0450236 0.0696501 0.0366327 
-0.0437522 0.096412 0.0349802 
0.0839745 0.0598625 0.0162834 
-0.0511764 0.148227 0.0319642 
0.0615984 0.0741034 0.0216778 
-0.0396061 0.0798114 -0.00570365 
-0.0658083 0.0588136 0.0272022 
-0.0508035 0.0687361 0.01983 
-0.0364811 0.0695711 0.0424558 
0.0497756 0.143704 0.0182355 
-0.0258387 0.06935 0.046667 
0.0238308 0.0620219 0.0185453 
-0.0703379 0.103385 0.0273418 
0.0322682 0.0699611 0.0289414 
-0.0806918 0.0744037 0.0120121 
0.0098774 0.0811504 0.0208683 
0.0443521 0.174368 0.0127964 
-0.0525706 0.0539741 0.0380687 
-0.0691975 0.0630644 0.0220132 
-0.0142559 0.150599 0.0376935 
-0.0713131 0.0744065 0.0180995 
0.0367832 0.085172 0.0289613 
-0.0589311 0.0741809 0.0114635 
-0.00670078 0.160706 0.0231466 
0.0211505 0.0652207 0.0188726 
0.05806 0.0843332 0.0117456 
-0.0435558 0.107314 0.0413248 
0.0527988 0.184796 0.00750323 
-0.0732433 0.121563 0.0266293 
-0.0416694 0.0659115 0.0407135 
0.0283671 0.0702574 0.0249578 
0.0722317 0.0927962 0.00693108 
-0.0105519 0.121867 0.0257693 
0.0544656 0.0655045 0.0252034 
0.0498345 0.125333 0.0139934 
-0.0705677 0.147835 0.029 
0.0375913 0.0694689 0.0300667 
0.00222464 0.0964771 0.0215313 
-0.0381215 0.0648006 0.0449019 
-0.0587522 0.0707975 0.0136725 
0.0655402 0.065556 0.0218926 
-0.030188 0.128256 0.0418338 
0.0614127 0.0866327 0.00852189 
-0.0620164 0.0797603 0.0108445 
-0.0337125 0.156593 0.0327847 
-0.0214586 0.161115 0.0275348 
0.090979 0.0628341 0.018052 
-0.0862778 0.133415 0.0319365 
-0.0454114 0.0729225 0.0318237 
-0.0468968 0.0744823 0.0161354 
0.0529434 0.0509904 0.0312391 
0.0643848 0.0957038 0.00487482 
-0.0403641 0.062624 0.0441092 
-0.0628673 0.0707703 0.0140005 
-0.0260854 0.072177 0.0427829 
0.0873807 0.0577561 0.0158309 
-0.00942629 0.0763825 0.0372181 
-0.0700301 0.0998807 0.0255233 
0.0952611 0.0626947 0.0183102 
-0.0549053 0.0659543 0.0195076 
-0.00515431 0.112055 0.0209871 
-0.0172817 0.0742244 0.0470195 
-0.0147264 0.0736929 0.0485002 
0.0351405 0.0549541 0.0174956 
-0.078725 0.127578 0.0319056 
-0.0299182 0.10712 0.0427117 
0.0616146 0.0982049 0.00434172 
-0.0293446 0.0964389 0.0424734 
-0.00932871 0.163548 0.022824 
-0.0604039 0.106254 0.0239807 
-0.0141365 0.0764418 0.0393893 
-0.0253188 0.106609 0.0411649 
-0.022408 0.104622 0.0401225 
-0.0259094 0.0660173 0.0493217 
0.057841 0.101101 0.00359725 
-0.0777407 0.111676 0.0232009 
-0.00301807 0.112035 0.0250698 
-0.0793463 0.0702272 0.0113301 
0.0617242 0.101631 0.00536544 
0.0649757 0.100942 0.00557534 
-0.00080556 0.104898 0.022502 
-0.0484638 0.138789 0.0383983 
0.0534328 0.115246 0.00997821 
0.0687229 0.101335 0.00575548 
0.0731151 0.101109 0.00517677 
-0.0408923 0.140495 0.0413108 
-0.0808771 0.10677 0.0154516 
0.0737524 0.11181 0.00457882 
-0.0582322 0.107487 0.0262942 
0.037967 0.160901 0.0162639 
0.0790858 0.101041 0.00345318 
-0.0106821 0.131092 0.0348816 
0.0649063 0.0859048 0.0118344 
-0.0560239 0.143807 0.0311386 
0.0449805 0.068459 0.0305679 
-0.0538735 0.148607 0.0302026 
0.0188115 0.117397 0.0299854 
0.00726562 0.106257 0.0303371 
0.0385963 0.133112 0.0138801 
0.0721986 0.140545 0.00557427 
0.0168363 0.17873 0.0036293 
0.012032 0.107108 0.0317667 
0.0160112 0.106922 0.0314628 
0.0629637 0.164547 0.0166385 
0.0190113 0.106856 0.0305709 
-0.0534718 0.131997 0.0367443 
-0.0676181 0.0649863 0.0221421 
-0.0223335 0.074913 0.0427995 
-0.0181868 0.149719 0.039034 
0.0231014 0.106774 0.0290484 
-0.053704 0.134056 0.0358756 
0.0369789 0.0548786 0.0270089 
-0.0223727 0.148737 0.0398898 
0.0724471 0.0645087 0.0198334 
0.00209631 0.107544 0.0272658 
-0.0645071 0.109148 0.0290673 
-0.0592936 0.115182 0.0303691 
-0.0257222 0.149603 0.0398491 
-0.006651 0.156125 0.0289544 
0.00515924 0.108158 0.0298307 
0.0569283 0.172012 0.0219456 
0.0763981 0.102803 0.00394679 
-0.0334254 0.123337 0.0430788 
-0.0641511 0.112441 0.0303176 
-0.0299852 0.133526 0.0419216 
-0.00762618 0.157769 0.0271246 
-0.0593064 0.111529 0.0282161 
0.00596721 0.158545 0.0180985 
0.0317392 0.176151 -0.00129373 
-0.0524825 0.11211 0.0354577 
-0.036976 0.112358 0.0435262 
0.0517899 0.107016 0.00385378 
0.0536803 0.104272 0.00312301 
0.056767 0.105142 0.00534736 
-0.0333408 0.113017 0.043133 
-0.0304456 0.112359 0.0423521 
0.0347111 0.169162 0.0138607 
-0.00368182 0.108465 0.0204371 
0.0303137 0.187391 0.019188 
0.0117645 0.153298 0.0175277 
0.0682097 0.106742 0.00643652 
0.0352467 0.144027 0.0161527 
-0.0295354 0.155646 0.0349895 
0.078917 0.106328 0.00266036 
-0.0488861 0.112108 0.0393903 
0.0547705 0.10773 0.00577786 
0.0706998 0.0704078 0.020605 
0.000698548 0.112094 0.0285929 
0.0761041 0.0863987 0.0169832 
0.00520115 0.112334 0.0315137 
0.0803986 0.087678 0.0147925 
0.00799721 0.110165 0.0317026 
0.0494802 0.168027 0.0279411 
0.0603808 0.163363 0.018697 
-0.0668894 0.113902 0.0316403 
-0.0249259 0.133567 0.0400235 
-0.0370286 0.160321 0.0292693 
-0.00476766 0.159587 0.0230526 
0.0161167 0.112241 0.0315678 
0.0187724 0.11235 0.030495 
-0.00357873 0.127086 0.0340902 
-0.0110132 0.155687 0.0326182 
0.0225403 0.111613 0.0286926 
0.034504 0.0594591 0.027673 
-0.0146315 0.154554 0.0351134 
-0.0170007 0.0512291 0.0566193 
0.0253252 0.111847 0.0270097 
0.057482 0.108878 0.00755238 
0.0277866 0.169966 0.00212085 
-0.0525837 0.118951 0.037967 
0.0649834 0.108619 0.0076696 
-0.0700748 0.0536865 0.008022 
-0.0258142 0.157191 0.0337034 
-0.0760435 0.116307 0.0231431 
-0.0709454 0.117379 0.0311858 
-0.0567469 0.117003 0.0320699 
-0.0493327 0.117064 0.0403179 
0.0615298 0.120429 0.0105716 
-0.044665 0.117512 0.0427876 
-0.0367255 0.117802 0.0436425 
0.0156526 0.196916 0.0259149 
0.0535173 0.111725 0.00779259 
0.0576706 0.112423 0.00921261 
0.0614384 0.111592 0.00889983 
0.0646023 0.112435 0.00846604 
-0.046926 0.0630087 0.0386729 
0.00815504 0.117941 0.0330632 
0.0681998 0.11168 0.00709529 
-0.0333062 0.118002 0.0431542 
-0.0308309 0.117642 0.0421403 
0.056895 0.160858 0.0221812 
-0.0295609 0.0644271 0.050356 
0.0769275 0.112046 0.00302179 
0.0125914 0.151194 0.0179757 
0.0794753 0.11066 0.0016212 
-0.00465458 0.115376 0.0259607 
0.00432069 0.117482 0.0327315 
-0.0407264 0.112417 0.0433778 
0.0333425 0.16948 0.0136185 
-0.0333498 0.139463 0.0421311 
0.0117181 0.117252 0.0325367 
0.0234892 0.17472 0.00265513 
-0.0056382 0.118162 0.0275157 
0.0162654 0.117964 0.0311902 
-0.0106659 0.127547 0.0322395 
0.0730526 0.0961656 0.00544976 
-0.00206034 0.118789 0.0304259 
0.0543913 0.185997 0.0216861 
0.0501909 0.113881 0.00754001 
0.046095 0.116995 0.00771357 
-0.08519 0.0851841 0.00904886 
0.0504173 0.11748 0.0101311 
0.004897 0.133928 0.0341696 
0.057142 0.117106 0.0109636 
-0.0639761 0.129621 0.0351341 
0.0314335 0.153924 0.004982 
-0.0716388 0.1223 0.0315577 
0.0483716 0.146443 0.0241791 
-0.0670369 0.12277 0.0344082 
0.027946 0.18626 0.0179928 
-0.056999 0.120645 0.0327511 
0.0386872 0.180156 -0.00717428 
0.00645278 0.147292 0.0281493 
0.0613953 0.116732 0.0100086 
-0.0064289 0.13862 0.0369378 
0.075968 0.116528 0.00293089 
0.0604375 0.0800384 0.0161126 
-0.00303989 0.122943 0.0322331 
0.000800583 0.123481 0.0337353 
0.00440363 0.122718 0.0337663 
-0.0750752 0.0632948 0.013959 
-0.0409491 0.12319 0.0437439 
0.0116004 0.122564 0.0324633 
-0.0142679 0.133109 0.036181 
-0.0367773 0.123061 0.043613 
0.0163783 0.122832 0.0303879 
-0.0183216 0.0958212 0.0401077 
0.0421834 0.16196 0.0304967 
0.0429759 0.119211 0.0080025 
0.0537303 0.119025 0.0117407 
0.0192026 0.120955 0.0294112 
0.0493632 0.186409 0.00922504 
0.0339204 0.0581444 0.0192872 
-0.0791574 0.124826 0.0308946 
-0.0722314 0.124872 0.0325968 
0.0535744 0.143955 0.0185028 
0.0208877 0.122466 0.0271166 
-0.0227337 0.0964296 0.041852 
0.0458944 0.159768 0.0286603 
0.0426453 0.122704 0.00986792 
0.0456997 0.120592 0.0096753 
0.0491855 0.121929 0.0122479 
0.0582845 0.122364 0.0119156 
0.0309425 0.153437 0.0157277 
0.0638181 0.122421 0.00971075 
-0.0740445 0.12786 0.0335655 
-0.0703292 0.128363 0.0356575 
-0.0665818 0.12761 0.0355784 
0.0279825 0.17863 -0.00323545 
0.0354357 0.14913 0.0164317 
-0.0276565 0.124999 0.0401417 
0.068331 0.122058 0.00727676 
-0.0685012 0.102589 0.0267081 
0.0715324 0.120281 0.00544171 
-0.0510653 0.127499 0.0395591 
0.0688258 0.0907602 0.00743031 
-0.0494027 0.128964 0.0405277 
-0.0333301 0.128087 0.0430586 
-0.0852748 0.12922 0.0311128 
-0.0813846 0.12909 0.0312861 
0.030047 0.0641934 0.0226813 
-0.0142419 0.126231 0.0297394 
0.000500033 0.128504 0.0347977 
0.00466133 0.128101 0.0342951 
0.00760859 0.128273 0.03372 
-0.0426651 0.0764004 0.0326111 
0.0609747 0.124263 0.0113974 
-0.0889485 0.129823 0.0308402 
-0.0815063 0.133256 0.0331726 
0.0495234 0.0503433 0.0318696 
0.0416089 0.126969 0.0116243 
-0.0143576 0.129853 0.0334154 
0.0312214 0.167738 0.00229627 
-0.0584021 0.1383 0.0322923 
0.0645999 0.0624905 0.0240713 
0.0405138 0.154406 0.0188719 
0.058199 0.127676 0.0128619 
0.0413025 0.164407 0.0325445 
0.0632621 0.127408 0.0101378 
0.0374312 0.166195 0.0350047 
0.0668577 0.126032 0.00785911 
0.0508577 0.165238 0.0260583 
-0.0752319 0.133021 0.0350867 
-0.0708215 0.133074 0.0360501 
-0.066372 0.133531 0.0352599 
0.0305084 0.150097 0.00209494 
-0.0639472 0.130728 0.0350129 
-0.0520782 0.130632 0.0380599 
-0.0688619 0.0501867 0.0241285 
-0.0223623 0.144196 0.0406834 
0.0388504 0.129264 0.0125075 
-0.0495466 0.133657 0.0394903 
-0.0333136 0.133251 0.0427031 
-0.0211468 0.132128 0.0372026 
-0.0189874 0.134386 0.0377869 
0.00756468 0.133161 0.0334103 
-0.0720691 0.0650082 0.0175601 
0.00828002 0.140825 0.0313886 
-0.0746972 0.0855432 0.0194322 
0.0330021 0.133363 0.013349 
-0.00657169 0.149354 0.0356791 
-0.0774924 0.0878687 0.0200768 
-0.0402564 0.148897 0.0375714 
0.0349956 0.131356 0.0128945 
-0.0420573 0.0838869 -0.00741066 
0.0457106 0.132545 0.0160299 
0.049425 0.133579 0.0162075 
-0.0735856 0.101418 0.0260629 
0.0971704 0.062212 0.018742 
0.0408915 0.177058 0.00259691 
0.0539508 0.133252 0.0149443 
0.057976 0.13268 0.0130921 
0.0311836 0.143945 0.0145016 
-0.0290172 0.158183 0.0318989 
0.0603728 0.131928 0.0119415 
0.0875204 0.0629941 0.0179616 
-0.0667803 0.110187 0.0301335 
-0.0782723 0.131097 0.0331995 
0.0618805 0.130491 0.0109945 
-0.0927872 0.138403 0.0306728 
0.0159573 0.101428 0.0308898 
-0.0888303 0.138368 0.0320229 
-0.0818867 0.13854 0.0337952 
-0.0780222 0.137887 0.0346877 
0.0806477 0.05976 0.0156031 
0.0174728 0.167551 0.00370512 
-0.0515206 0.122729 0.0392841 
-0.074431 0.138911 0.0346075 
-0.0707394 0.137325 0.0351771 
-0.0221134 0.135775 0.0393423 
-0.0671028 0.138823 0.0337189 
-0.0216131 0.0553651 0.0579678 
0.0283652 0.154619 0.00223653 
-0.0528237 0.138793 0.0350851 
-0.0806484 0.106292 0.0191145 
-0.0436923 0.138644 0.0410775 
-0.0406152 0.136946 0.0423172 
-0.0332866 0.074571 0.0427553 
-0.0587663 0.0631244 0.0277274 
0.031811 0.164747 0.0150003 
-0.0370576 0.138726 0.0423253 
-0.029954 0.138661 0.0419458 
-0.0180166 0.139133 0.0391793 
-0.00328586 0.138612 0.0364126 
0.0580931 0.0548838 0.028605 
0.0348507 0.134845 0.0143156 
-0.0449917 0.1285 0.042694 
0.00550924 0.139123 0.0332164 
0.0440697 0.171991 0.0142514 
0.0079127 0.137414 0.0325855 
0.0422594 0.170011 0.014648 
-0.0424814 0.0558239 0.0413482 
0.0102517 0.137679 0.0311108 
-0.0496684 0.0919437 0.021724 
0.0314256 0.13837 0.014381 
0.0347494 0.139045 0.0152723 
-0.00284996 0.106117 0.020133 
0.0379856 0.13801 0.0155936 
0.0460128 0.137207 0.0173411 
0.0358227 0.128069 0.011837 
-0.0413713 0.144457 0.0396743 
0.0489957 0.138647 0.0172526 
0.0384835 0.125457 0.0100094 
0.0540698 0.138033 0.0153307 
0.0417955 0.16909 0.0315428 
0.0419183 0.0682368 0.0317484 
0.0375979 0.168962 0.0341097 
-0.0179176 0.0612786 0.0547649 
-0.0906371 0.14127 0.0301634 
0.0203489 0.075601 0.0242598 
-0.0887403 0.141374 0.030853 
-0.0731824 0.0589655 0.0126766 
-0.0409082 0.128088 0.0434968 
-0.0817508 0.143528 0.0322363 
-0.0917352 0.152151 0.0261454 
-0.0707885 0.141137 0.0334866 
0.0247205 0.170257 0.000398305 
-0.0745522 0.143667 0.0324733 
-0.0679835 0.142956 0.0320842 
-0.0651708 0.141745 0.0314231 
-0.0332626 0.107473 0.043315 
-0.0513809 0.143925 0.0336066 
-0.0298016 0.14378 0.0414569 
-0.00611216 0.14422 0.0368643 
0.0497474 0.129117 0.0153501 
-4.54912e-05 0.143804 0.0347174 
0.0533356 0.127635 0.0142925 
0.0045257 0.143597 0.0324401 
-0.0726791 0.0606785 0.0158715 
0.00743527 0.14405 0.0303019 
-0.0438661 0.142723 0.0394053 
0.0459885 0.140703 0.017944 
0.0460124 0.144685 0.0183339 
0.0728351 0.142337 0.00558886 
-0.0780659 0.144897 0.0317691 
-0.0726499 0.0566642 0.00941237 
-0.0368787 0.128411 0.0434102 
0.0644079 0.14473 0.0120785 
0.0685008 0.143146 0.00840473 
0.0171113 0.176503 0.00371819 
0.011688 0.112207 0.032357 
-0.0856736 0.148499 0.029257 
-0.081715 0.147683 0.0303108 
0.0355701 0.173921 0.000360567 
-0.036669 0.147635 0.0397154 
0.0464263 0.199925 0.00894963 
0.02459 0.158719 -0.000162967 
-0.077668 0.148814 0.0291504 
0.0939634 0.0559721 0.0187797 
-0.0743844 0.147178 0.0305084 
-0.0659063 0.0707775 0.0145334 
-0.0486443 0.149733 0.0319061 
-0.0335062 0.149513 0.0392624 
-0.0295495 0.148516 0.0399903 
0.0461972 0.127861 0.0142472 
-0.0685393 0.149752 0.0267151 
-0.0114241 0.149104 0.0374381 
0.00835801 0.113941 0.0326639 
-0.0798717 0.150108 0.0260005 
-0.0928679 0.150304 0.0253342 
-0.0916368 0.149856 0.0271116 
0.0308827 0.149157 0.0153638 
-0.00669441 0.133075 0.0360105 
0.0414357 0.14893 0.018531 
0.0459692 0.149178 0.0209557 
-0.0709393 0.0815723 0.0167608 
0.0480563 0.14707 0.0193326 
0.0533222 0.15014 0.0226298 
0.0563529 0.1469 0.018028 
-0.0370207 0.133602 0.0429649 
0.0656531 0.146528 0.0114497 
-0.0108245 0.134596 0.0367519 
0.038563 0.149788 0.0176842 
-0.079237 0.152421 0.0252503 
0.0642522 0.177325 0.0165309 
-0.0480014 0.153842 0.0303329 
0.00556574 0.156021 0.0186375 
-0.0436947 0.15271 0.0323371 
-0.0327075 0.153088 0.0367668 
-0.0295458 0.152103 0.0384419 
-0.0257457 0.15372 0.037403 
0.0193861 0.0852856 0.0276415 
-0.0782778 0.153764 0.0250056 
-0.0411335 0.155002 0.031287 
-0.0289013 0.091186 0.0418839 
-0.0189747 0.153591 0.0369728 
-0.0115001 0.152503 0.036046 
0.0398172 0.151583 0.0326342 
-0.0217923 0.155865 0.0353221 
0.0395731 0.154971 0.0295676 
-0.0257113 0.0965895 0.0425386 
-0.0140063 0.163881 0.0247222 
0.053566 0.154918 0.0236569 
0.0071605 0.155244 0.0193687 
-0.0447407 0.155991 0.0294771 
0.0452954 0.155765 0.0284933 
0.0605466 0.127747 0.0118173 
0.0298332 0.155961 0.016308 
-0.0461024 0.157946 0.0286498 
-0.044735 0.158498 0.0292242 
-0.0335283 0.159384 0.0299743 
0.0416291 0.156786 0.0270048 
-0.0216898 0.158091 0.032069 
-0.0628486 0.0720346 0.0133884 
-0.0123497 0.157876 0.0304665 
-0.040533 0.158911 0.0295224 
-0.00011458 0.159278 0.0208781 
0.0574026 0.137829 0.0133138 
0.00688383 0.157974 0.0187779 
0.0275915 0.159434 0.00232052 
0.0528554 0.167159 0.0258052 
0.0752543 0.0929947 0.00991865 
0.0295847 0.157771 0.0160469 
0.0726919 0.0905083 0.0117956 
0.0309706 0.160194 0.0158692 
0.0348632 0.15945 0.016028 
-0.0529828 0.0505134 0.0367026 
0.0401765 0.159553 0.018183 
0.0500314 0.159803 0.0274412 
-0.00584992 0.163124 0.0228772 
0.0541899 0.157443 0.0230666 
-0.0135249 0.0708765 0.0482795 
0.0512966 0.159965 0.0270754 
-0.0172222 0.128876 0.0325494 
0.0302677 0.0662331 0.0260691 
-0.0219067 0.164063 0.0261218 
-0.0171711 0.161782 0.0258388 
-0.0230303 0.0804821 0.0425377 
-0.0361197 0.162749 0.0281667 
0.0235597 0.161633 0.00302857 
0.0590029 0.161871 0.0203117 
-0.0163824 0.164075 0.024364 
0.0180113 0.161962 0.00394125 
-0.0748619 0.150281 0.0281975 
0.0327018 0.161853 0.00342245 
-0.0240136 0.164729 0.0249992 
0.0168021 0.164772 0.00426919 
0.0202222 0.164753 0.00419245 
0.0233154 0.164724 0.00365226 
0.0279378 0.164682 0.00289219 
0.051294 0.16893 0.0275976 
-0.0671261 0.0500694 0.00556759 
0.0334902 0.165118 0.00328011 
-0.0509946 0.0681826 0.0299311 
0.0194264 0.0968988 0.0301109 
0.0346008 0.164634 0.0151743 
-0.00739889 0.122243 0.0293079 
0.0379815 0.163693 0.0306494 
0.0145601 0.164751 0.0029819 
0.0688347 0.0957611 0.00574899 
0.0210772 0.121456 0.0277195 
-0.000285709 0.116346 0.0301369 
0.0536392 0.165235 0.0241826 
0.0585405 0.173511 0.0219274 
0.0131788 0.197678 0.0255736 
-0.0815126 0.0689466 0.00539765 
0.0601466 0.164515 0.0183993 
0.0558743 0.17526 0.023253 
0.0475134 0.166915 0.0281096 
0.0207963 0.168888 0.00343278 
0.0384398 0.170222 0.0134724 
0.0541905 0.166591 0.0247821 
0.0456133 0.170749 0.0292994 
0.0490142 0.170465 0.0292011 
-0.0535509 0.116952 0.0360003 
0.0313666 0.171472 0.00126965 
0.0409883 0.170776 0.0281007 
0.0410252 0.153686 0.0317323 
0.0591394 0.171355 0.0210995 
0.0416705 0.172269 0.0275512 
0.0563545 0.0712427 0.0208829 
-0.0520313 0.151267 0.030024 
0.020953 0.117179 0.0288929 
0.0551714 0.172361 0.0219828 
0.0352368 0.154323 0.0165058 
0.0204267 0.175475 0.00333136 
0.0272743 0.17482 0.00149957 
0.0391011 0.17445 0.00349371 
0.0421777 0.175999 0.0101043 
0.0414482 0.17364 0.0275632 
0.0732848 0.106438 0.00499709 
0.0449748 0.174174 0.0290163 
0.0538629 0.175479 0.0229507 
0.0764813 0.106391 0.00364258 
-0.00649551 0.128591 0.0342241 
0.0415919 0.176268 0.0317017 
-0.0584205 0.133405 0.0330666 
0.0380875 0.17632 -0.00088322 
0.0382611 0.177743 0.0333805 
0.0521031 0.177345 0.0241223 
