-0.0629601 0.0513621 0.0687907 
-0.062582 0.0535337 0.0680122 
-0.0598255 0.0915646 0.0707024 
-0.0597393 0.0625773 0.0651385 
-0.0562195 0.0616932 0.0637967 
-0.055923 0.0981343 0.0650681 
-0.0568723 0.0965203 0.0661397 
-0.0565972 0.0820995 0.0625301 
-0.0569216 0.0781526 0.0629898 
-0.0531867 0.0948928 0.0639782 
-0.0541309 0.0678129 0.0618616 
-0.0716229 0.0939151 0.0489313 
-0.0726344 0.0974845 0.0468007 
-0.0392267 0.0943749 0.0712455 
-0.0557459 0.157502 0.0573782 
-0.0577807 0.10202 0.0587229 
-0.0600191 0.165489 0.052542 
-0.056948 0.158433 0.0556798 
-0.0536982 0.156925 0.0576833 
-0.0684724 0.097002 0.0482792 
-0.0542847 0.102486 0.0594768 
-0.0519551 0.0986822 0.0618811 
-0.0364058 0.0935428 0.0720742 
-0.0552893 0.159237 0.054901 
-0.047655 0.108743 0.0590156 
-0.0488195 0.0987249 0.0586769 
-0.0486806 0.0925333 0.0585651 
-0.0512035 0.156592 0.056591 
-0.0464844 0.123333 0.0586281 
-0.0342686 0.098956 0.0680952 
-0.0623849 0.166153 0.0464427 
-0.0525604 0.164798 0.0530897 
-0.0497377 0.167355 0.0554084 
-0.0451127 0.168273 0.0571075 
-0.0423647 0.165801 0.0581641 
-0.0476043 0.134697 0.055122 
-0.0438753 0.133694 0.0578549 
-0.0365787 0.102135 0.0651169 
-0.0331486 0.103111 0.064837 
-0.032007 0.101249 0.0657381 
-0.049194 0.136446 0.0521605 
-0.031237 0.101328 0.0649955 
-0.0607716 0.165041 0.0431922 
-0.0390968 0.133204 0.0580249 
-0.0377534 0.120162 0.059186 
-0.0324842 0.105009 0.0627546 
-0.061198 0.09795 0.0655842 
-0.0327727 0.0944062 0.0608079 
-0.0362272 0.130476 0.0583278 
-0.0319473 0.0733988 0.0627714 
-0.063218 0.161504 0.0359808 
-0.0620163 0.163779 0.0396379 
-0.0497365 0.163834 0.0486245 
-0.0389553 0.166292 0.0559037 
-0.0408243 0.133553 0.0547175 
-0.0338212 0.12432 0.0579337 
-0.0337869 0.109279 0.0598098 
-0.0320473 0.101952 0.0587366 
-0.0307654 0.0962761 0.0596825 
-0.0310757 0.0762229 0.0614573 
-0.0550291 0.161422 0.0408171 
-0.039677 0.166933 0.0518224 
-0.0405028 0.135186 0.0506673 
-0.0318385 0.106581 0.0569944 
-0.0623742 0.159805 0.0346515 
-0.0594064 0.162074 0.0369497 
-0.045976 0.163412 0.04658 
-0.0297073 0.0852288 0.0574391 
-0.0584028 0.159243 0.0332521 
-0.0564336 0.159942 0.0365531 
-0.0531192 0.149758 0.0359846 
-0.0396798 0.162205 0.0480644 
-0.033702 0.161246 0.0519236 
-0.0323233 0.15467 0.0529419 
-0.0336131 0.139668 0.0499989 
-0.0421871 0.168187 0.0545637 
-0.0371399 0.133672 0.0512856 
-0.0346796 0.127538 0.0520779 
-0.032463 0.122839 0.0538175 
-0.0306328 0.114988 0.054931 
-0.0302268 0.1093 0.0549947 
-0.0293431 0.102858 0.0559463 
-0.0268689 0.0895419 0.0564127 
-0.0268634 0.0723929 0.0547988 
-0.0267026 0.068838 0.0548575 
-0.0334791 0.161955 0.0491896 
-0.0258045 0.0766615 0.0531811 
-0.0380126 0.159365 0.0435785 
-0.0370233 0.159624 0.0447893 
-0.0302933 0.152366 0.0488656 
-0.0333685 0.0707191 0.0644715 
-0.0285816 0.148403 0.0492651 
-0.0307451 0.128004 0.0488982 
-0.0253377 0.106328 0.050629 
-0.024417 0.0686414 0.0527529 
-0.0552958 0.154466 0.0296268 
-0.0533716 0.152359 0.0318894 
-0.0547303 0.137347 0.0285092 
-0.0308772 0.150784 0.0449946 
-0.0278956 0.145275 0.0478226 
-0.0271479 0.140402 0.0483407 
-0.030562 0.137327 0.049119 
-0.0268082 0.132314 0.0479954 
-0.026261 0.127403 0.0480579 
-0.0265149 0.110282 0.0508729 
-0.0259833 0.0970931 0.0519309 
-0.0250516 0.0940379 0.0511516 
-0.0244123 0.0898688 0.052388 
-0.024939 0.0810613 0.0517735 
-0.0248412 0.0770898 0.04966 
-0.0244664 0.073374 0.0515013 
-0.0215837 0.0739836 0.0498964 
-0.0305078 0.149638 0.0434783 
-0.0266635 0.139845 0.0461959 
-0.0252564 0.127149 0.0469342 
-0.0336325 0.153453 0.0407322 
-0.0360174 0.164718 0.0522111 
-0.0214125 0.0767089 0.04902 
-0.0264701 0.136739 0.0436529 
-0.0256882 0.131648 0.0453877 
-0.0440732 0.120622 0.0282861 
-0.0409638 0.121262 0.0304305 
-0.037223 0.120488 0.0327748 
-0.034959 0.118657 0.034667 
-0.0310021 0.115702 0.0372685 
-0.0268009 0.112057 0.0406664 
-0.0243321 0.10078 0.0455625 
-0.02251 0.0971284 0.0472538 
-0.0216933 0.0948984 0.0455298 
-0.0205455 0.0849788 0.0478047 
-0.0204284 0.081593 0.0479042 
-0.0499627 0.118845 0.0245932 
-0.0411075 0.12547 0.0289597 
-0.0497963 0.121301 0.023541 
-0.0482967 0.121232 0.0232984 
-0.0263215 0.113015 0.039529 
-0.0490946 0.124293 0.0221719 
-0.0280786 0.143837 0.0440394 
-0.0390165 0.129448 0.0289669 
-0.0207623 0.0978912 0.0421393 
-0.045339 0.171858 0.0233804 
-0.0611494 0.0568078 0.0667672 
-0.040366 0.13371 0.0271321 
-0.0369163 0.137162 0.0280648 
-0.0350276 0.12471 0.0316266 
-0.0569157 0.0656976 0.063934 
-0.04599 0.172218 0.0213787 
-0.0266746 0.124191 0.03526 
-0.0261777 0.130622 0.0338141 
-0.0245917 0.126867 0.0354077 
-0.0224179 0.12271 0.0369761 
-0.0242781 0.119805 0.0376213 
-0.0214768 0.110607 0.0398451 
-0.0524851 0.153256 0.0281923 
-0.0220813 0.107521 0.0405649 
-0.0211801 0.100772 0.0401502 
-0.0192266 0.095102 0.0413456 
-0.031156 0.167503 0.0319939 
-0.0166738 0.0737444 0.0409241 
-0.0280822 0.161892 0.0324719 
-0.0319349 0.172866 0.0281834 
-0.038951 0.0920552 0.0733482 
-0.0300218 0.12896 0.0296729 
-0.0429479 0.163744 0.050487 
-0.0167995 0.080431 0.0384684 
-0.0165735 0.0776946 0.037074 
-0.0274303 0.136493 0.0299057 
-0.0274335 0.166995 0.0305673 
-0.0348801 0.176519 0.0237309 
-0.0699225 0.0907789 0.0496109 
-0.0197554 0.119743 0.0336414 
-0.041721 0.177476 0.0277969 
-0.0188133 0.110803 0.0348181 
-0.0184898 0.107258 0.0349977 
-0.0177659 0.101741 0.0351983 
-0.0180538 0.0984092 0.0363031 
-0.0271221 0.14018 0.0424268 
-0.0339904 0.132516 0.0299709 
-0.0168549 0.093881 0.0361697 
-0.0139226 0.0861613 0.0354936 
-0.052103 0.120749 0.0583931 
-0.0415626 0.175931 0.0184677 
-0.0397679 0.171123 0.016265 
-0.0376384 0.171041 0.0180696 
-0.0279573 0.174595 0.027808 
-0.0255043 0.169756 0.0291124 
-0.0249607 0.15444 0.0303615 
-0.022997 0.149263 0.0292115 
-0.0239276 0.145361 0.0294737 
-0.0232214 0.140243 0.0301594 
-0.021625 0.135449 0.0309598 
-0.0234367 0.132949 0.0325804 
-0.0429551 0.174421 0.0219988 
-0.0143396 0.0873003 0.0335681 
-0.0188455 0.132102 0.0300301 
-0.0160374 0.0897312 0.0320934 
-0.0364937 0.169993 0.0171886 
-0.0429983 0.172932 0.0121134 
-0.0395427 0.167738 0.0143222 
-0.0233348 0.16561 0.0288526 
-0.0310614 0.0252904 0.0168909 
-0.0400209 0.16121 0.0117858 
-0.0721318 0.0900393 0.0506768 
-0.01677 0.119574 0.0307444 
-0.0293394 0.0304395 0.01761 
-0.0438054 0.164684 0.00955468 
-0.0539457 0.151664 0.0362815 
-0.0151074 0.107525 0.0307309 
-0.0604587 0.0955085 0.0687555 
-0.0428629 0.157733 0.008052 
-0.0367068 0.128668 0.0565816 
-0.0169378 0.102913 0.0256988 
-0.0304578 0.133665 0.0288409 
-0.0141284 0.0952298 0.0300454 
-0.0438034 0.160933 0.00724667 
-0.0239121 0.175549 0.0247674 
-0.0417415 0.179123 0.0301607 
-0.0204155 0.171307 0.026125 
-0.0189302 0.140959 0.0271599 
-0.0176191 0.135895 0.0279408 
-0.016402 0.132126 0.0277432 
-0.0164748 0.128862 0.0287888 
-0.050952 0.123386 0.0227245 
-0.0157147 0.115049 0.0303687 
0.0251721 0.0728336 -0.0268049 
0.000776636 0.154455 -0.0466372 
0.000417823 0.0576962 -0.00995175 
0.0279712 0.0733591 -0.0311533 
0.0190045 0.154385 -0.0321854 
0.0162071 0.0198384 -0.0469634 
0.0232358 0.150594 -0.0293853 
-0.0220392 0.135932 -0.0722992 
-0.0590262 0.165356 0.0532431 
-0.0156107 0.00132873 -0.0222111 
-0.0528291 0.136216 0.0539171 
0.0183398 0.0704149 -0.0223452 
-0.0180734 0.15629 0.0236073 
-0.0177114 0.140337 0.0238658 
0.0251316 0.0736591 -0.0282036 
-0.0392547 0.0982384 0.0675856 
0.0125262 0.156616 -0.0445633 
0.017978 0.0137998 -0.0440253 
-0.0133551 0.138991 -0.0691407 
0.0294136 0.145912 -0.0324802 
0.00904138 0.13162 -0.00328035 
0.00496106 0.154942 -0.0495905 
-0.0144034 0.145715 -0.0142296 
0.0398549 0.0847618 -0.0392678 
0.036508 0.126488 -0.0241589 
0.0395878 0.118229 -0.0604738 
0.000189066 0.140508 -0.00263008 
0.00588628 0.150795 -0.0156084 
-0.0446389 0.165586 0.00534768 
-0.00480159 0.0974223 0.00749858 
0.0356935 0.14208 -0.0493612 
-0.0179528 0.154858 0.0219669 
0.0208381 0.155398 -0.0427302 
0.0153012 0.149755 -0.0628185 
-0.0455789 0.164982 0.0509341 
-0.0330602 0.138957 0.0503944 
0.0261267 0.150293 -0.0345975 
-0.00443038 0.153813 -0.0277435 
-0.0303477 0.171242 0.0303392 
-0.0149578 0.142162 -0.0728363 
-0.0197258 -0.000758099 -0.0181232 
-0.000398544 0.144222 -0.0634189 
-0.00841527 0.146161 -0.07431 
0.00851696 0.153644 -0.0549772 
-0.0195569 0.148883 0.0267356 
0.0416421 0.10306 -0.0313803 
-0.0137654 0.134235 0.00257571 
-0.011699 0.147178 -0.083341 
0.0226379 0.015996 -0.0527099 
-0.0135475 0.122282 0.026576 
-0.0512194 0.124458 0.0579659 
0.0422156 0.10622 -0.0328732 
-0.0208969 0.147616 -0.0814699 
0.00187365 0.154038 -0.0232128 
-0.0136509 0.144932 -0.0754146 
-0.0139904 0.128002 0.00738146 
0.0126616 0.154952 -0.0515173 
0.0471254 0.101727 -0.0379249 
0.00492674 0.123296 0.000829526 
0.0273655 0.017263 -0.0535698 
0.00325752 0.120381 0.00260132 
-0.031996 0.128032 0.030883 
0.03511 0.132777 -0.0356594 
0.0363427 0.126358 -0.0337357 
0.00888707 0.157053 -0.0393189 
-0.017885 0.15015 0.0234984 
0.0602613 0.137402 -0.0312421 
-0.0139562 0.0924802 0.0236021 
-0.017924 0.109224 0.0219808 
-0.0379461 0.176735 0.0215673 
0.0393367 0.0773785 -0.0388499 
-0.0592263 0.0996254 0.062963 
-0.0271631 0.0937001 0.0554729 
0.0440801 0.134006 -0.0332181 
0.00777737 0.137526 -0.00392639 
-0.0282052 0.097381 0.0572362 
0.0389261 0.127479 -0.037261 
0.00470049 0.142226 -0.00559657 
0.0299244 0.0184072 -0.0533838 
0.0439194 0.124495 -0.0334604 
-0.00304061 0.133377 0.003054 
-0.020054 0.138583 -0.0735441 
0.00151038 0.143164 -0.0676861 
-0.0345461 0.156866 0.052935 
0.040366 0.121643 -0.0578051 
-0.00272812 0.144388 -0.00575074 
-0.0242175 0.107962 0.0436194 
-0.00785412 0.0504223 -0.00125089 
0.0288878 0.00807099 -0.0585983 
-0.0505801 0.103057 0.0582752 
-0.0188841 0.133256 -0.0698953 
-0.0214287 0.045197 0.0118499 
0.00651407 0.0560447 -0.0182288 
0.0412061 0.118278 -0.0301798 
-0.00759346 0.0534279 -0.001503 
0.0528814 0.144489 -0.0356975 
0.0220943 0.154006 -0.0373981 
-0.038241 0.172223 0.0330432 
0.0373716 0.122322 -0.0618769 
-0.0189545 0.113889 0.0185185 
0.0558298 0.140307 -0.0345052 
0.0407483 0.145251 -0.0418355 
-0.0408353 0.127524 0.0596565 
-0.017405 0.143603 -0.0147754 
0.0616556 0.133099 -0.0308991 
0.0114161 0.0746917 -0.0219347 
0.0160818 0.0162277 -0.045018 
-0.00942294 0.00868826 -0.026578 
0.0317404 0.00108818 -0.0546898 
-0.00543993 0.147242 -0.0852975 
0.041753 0.114917 -0.0312939 
0.02174 0.153512 -0.0510662 
-0.0192643 0.0853803 0.0426449 
0.0355495 0.125741 -0.0204735 
0.0276914 0.151312 -0.0459134 
0.00695685 0.138242 -0.0794997 
-0.0558099 0.165575 0.0518247 
0.0372639 0.131758 -0.057945 
0.0494165 0.145258 -0.0443143 
0.0220909 0.150444 -0.0581595 
-0.028097 0.177071 0.0234384 
0.0389163 0.00530757 -0.0592512 
-0.0156311 0.073757 0.0386234 
0.0124745 0.156781 -0.0376919 
-0.0615142 0.0610374 0.0656895 
0.0559734 0.142776 -0.0386419 
0.0305595 0.145825 -0.0565782 
-0.02956 0.0326089 0.0177482 
-0.0140833 0.00387542 -0.0231044 
0.000224232 0.144955 -0.0876659 
0.0189555 0.144609 -0.0675883 
-0.0404172 0.17899 0.0336504 
-0.0249724 0.051732 0.0127482 
-0.020374 0.12341 0.0342663 
-0.00858697 0.141615 -0.068468 
0.0364833 0.139636 -0.0411974 
0.0429989 0.0973602 -0.0366738 
-0.00205977 0.153936 -0.0251922 
-0.0729938 0.0919816 0.0500138 
-0.01071 0.147044 -0.0781759 
-0.0323274 0.120557 0.0330468 
-0.0157102 0.0976774 0.0290071 
0.0329912 0.137534 -0.0615742 
-0.0335957 0.156809 0.0470184 
0.0169885 0.151362 -0.0590559 
0.00257737 0.108577 0.00050025 
0.0298248 0.130536 -0.0172721 
-0.0377055 0.156521 0.0545683 
-0.0555743 0.158604 0.0327968 
0.0616356 0.134258 -0.0317565 
0.00490086 0.156499 -0.0424794 
-0.0158919 0.102412 0.0319562 
0.0352819 0.138355 -0.0580293 
-0.0210055 0.0891045 0.0472843 
0.0317769 0.123271 -0.0147139 
0.0346586 0.129393 -0.0255798 
-0.0203359 0.153519 0.0268874 
0.0326685 0.131963 -0.0295562 
-0.0229223 0.12488 0.00610967 
-0.0154093 0.0890226 0.0369011 
0.0409583 0.083573 -0.0388727 
-0.0554657 0.137944 0.0278306 
0.0559724 0.149425 -0.0405636 
-0.0105198 0.0677562 -0.00534323 
-0.0532228 0.08282 0.0615633 
0.0312318 0.13319 -0.0267635 
-0.0584873 0.070039 0.0640536 
0.053816 0.148751 -0.0385609 
0.0283939 0.140988 -0.025394 
0.0371801 0.118905 -0.0196443 
-0.00362985 0.144266 -0.0634592 
-0.0283085 0.0434217 0.0168154 
0.0187569 0.155688 -0.0396763 
0.00255327 0.10919 -0.000458809 
-0.0239514 0.0848724 0.0535707 
-0.0163239 0.049769 0.00697773 
0.036804 0.136459 -0.0395778 
-0.00879308 0.0949589 0.0147822 
-0.0230799 0.14715 -0.0786641 
0.0152057 0.156313 -0.0347627 
0.0464897 0.144726 -0.0359758 
-0.00491737 0.0989501 0.00991171 
0.0397552 0.123397 -0.0585218 
-0.00125983 0.155331 -0.032555 
-0.00364593 0.0582988 -0.00557713 
0.0517796 0.0855952 -0.0458414 
0.0402516 0.121153 -0.056883 
-0.0535063 0.0735839 0.061314 
0.0189471 0.0178733 -0.0539227 
0.0401924 0.110601 -0.0251061 
0.042071 0.143855 -0.0391915 
0.046774 0.0984761 -0.0384768 
-0.00547539 0.14435 -0.0600163 
0.0262567 0.146252 -0.027184 
0.00812818 0.134788 -0.078168 
0.00486277 0.131511 0.000176252 
-0.0501018 0.121427 0.0587712 
-0.0162965 0.130403 0.00465502 
-0.0203916 0.0494583 0.0106966 
0.0358005 0.136838 -0.0382995 
-0.0261249 0.102764 0.0513877 
0.0215114 0.145635 -0.0651145 
-0.0279307 0.115204 0.0511431 
0.00719142 0.154023 -0.0231609 
0.0234332 0.153457 -0.0456391 
0.0292731 0.139694 -0.0645266 
-0.0537431 0.144053 0.0320503 
0.0197873 0.0166462 -0.0471895 
-0.0251406 0.16217 0.0301664 
0.0595385 0.140927 -0.0335189 
-0.0171213 0.0766962 0.0411919 
0.0539849 0.0884895 -0.048871 
-0.0284287 0.0419102 0.0172166 
0.0435131 0.0725323 -0.0430558 
0.026824 0.139098 -0.0677117 
-0.0638626 0.091819 0.0716283 
-0.0145705 0.107031 0.0213168 
-0.0187022 0.147845 -0.0812852 
0.0265555 0.148276 -0.0579104 
-0.0349121 0.171293 0.029969 
-0.0109456 0.143673 -0.0714577 
0.0251233 0.14079 -0.020922 
-0.0314784 0.118451 0.0552166 
0.0190379 0.154998 -0.0468656 
-0.00745076 0.112134 0.0138144 
0.0243041 0.140972 -0.0679742 
0.034428 0.135457 -0.0628565 
-0.0645017 0.166206 0.0433911 
0.0199612 0.024279 -0.0480035 
-0.0483267 0.154582 0.0569582 
0.0547713 0.147232 -0.0373994 
0.0400153 0.122802 -0.0323154 
0.0465921 0.0893145 -0.0409559 
-0.0065511 0.100039 0.0135111 
0.0367808 0.141203 -0.0454737 
0.0274452 0.123952 -0.0126491 
0.0623931 0.142382 -0.036135 
-0.00381525 0.140582 -0.00258261 
-0.00874216 0.118984 0.0123403 
-0.0553493 0.0939928 0.0666196 
-0.00533075 0.153582 -0.0346794 
0.0309902 0.147746 -0.0479603 
0.03442 0.00167214 -0.0560796 
-0.0449472 0.174587 0.0106695 
-0.0295812 0.119085 0.00682369 
0.00830156 0.133849 -0.0813458 
0.0287201 0.149358 -0.0401215 
-0.00484739 0.147304 -0.0786849 
0.0379759 0.0758894 -0.036524 
0.0537959 0.0908884 -0.0505508 
-0.00652323 0.14845 -0.0124259 
0.000612236 0.144468 -0.0749906 
0.0146032 0.0183119 -0.047019 
0.0437892 0.0934356 -0.0387071 
-0.0226563 0.114753 0.0390713 
-0.0114577 0.118161 0.0135438 
0.0307248 0.148101 -0.0446861 
0.036617 0.00370861 -0.05727 
0.0275702 0.0170502 -0.0523154 
0.0491099 0.100551 -0.0517471 
-0.0155098 0.122958 0.0291644 
-0.00595012 0.143931 -0.0701149 
0.0290855 0.0151814 -0.0502514 
-0.00512885 0.0661076 -0.00695599 
0.0275578 0.138193 -0.0682359 
-0.0147124 0.122553 0.0108357 
0.01346 0.132062 -0.00752264 
-0.0326974 0.160353 0.0494082 
0.0192968 0.152746 -0.0550182 
-0.00423579 0.145871 -0.0734156 
-0.0108498 0.0633849 -0.00166692 
0.0246823 0.139249 -0.0691113 
-0.0392804 0.12306 0.0302677 
-0.00297815 0.111674 0.00945913 
0.00874157 0.156503 -0.0324857 
0.00815214 0.119875 -0.00343373 
0.00422324 0.140857 -0.0730375 
-0.0182433 0.0898367 0.0421567 
0.037515 0.0810154 -0.0364365 
0.0367517 0.122787 -0.0201652 
0.037245 0.141115 -0.0450928 
-0.0200275 0.157228 0.0263854 
0.0321988 0.135984 -0.0296462 
-0.00993011 0.134767 0.00265323 
0.0351385 0.128784 -0.0287689 
-0.0484395 0.117309 0.0255126 
0.0249119 0.152659 -0.0426521 
-0.0423051 0.182599 0.0327685 
0.0484025 0.0977834 -0.0538386 
0.0318998 0.142704 -0.0594734 
-0.0180056 0.120036 0.0128628 
-0.0149811 0.103897 0.0229657 
-0.00396204 0.014772 -0.0310822 
0.0494579 0.148335 -0.04493 
0.0474754 0.126793 -0.0323426 
0.0195244 0.0727698 -0.025149 
0.014088 0.127614 -0.0080692 
0.046936 0.149576 -0.0439322 
0.011633 0.120396 -0.00828225 
0.0358917 0.140552 -0.0540812 
0.0337239 0.143048 -0.0555569 
0.00861992 0.078304 -0.0219539 
-0.000110179 0.145959 -0.0790866 
0.0263307 0.151433 -0.0496917 
-0.0550958 0.158925 0.0560534 
0.0462088 0.0925159 -0.0397768 
-0.0345076 0.154217 0.0431906 
-0.00740406 0.146601 -0.0868201 
0.00303651 0.143478 -0.0790221 
-0.0373063 0.0960075 0.0700788 
-0.0536371 0.163684 0.0478184 
-0.0535239 0.15405 0.0274438 
0.0508026 0.130003 -0.0317027 
0.00570495 0.156603 -0.0350014 
-0.017812 0.135045 -0.0711024 
0.00875552 0.128099 -0.00259906 
0.0330741 0.130403 -0.0224053 
0.000204088 0.107607 0.00413235 
0.0303309 0.137515 -0.0657 
-0.00622499 0.0101898 -0.0291356 
0.0192615 0.148843 -0.0624863 
0.00310287 0.143635 -0.0818095 
0.0295189 0.00752966 -0.0602378 
0.0567808 0.136496 -0.0287583 
0.033993 0.136017 -0.0336217 
0.0341179 0.139745 -0.0362855 
-0.00315832 0.115133 0.00962005 
-0.0215992 0.13616 -0.00649595 
-0.00807866 0.147553 -0.0813158 
-0.00227915 0.146327 -0.0763272 
-0.0256728 0.0457444 0.0148999 
-0.014555 0.128329 0.0259568 
-0.00163024 0.146546 -0.0835228 
0.0317648 0.0063673 -0.0592125 
0.0452466 0.12118 -0.0323728 
0.0441645 0.147499 -0.0429371 
-0.0585165 0.162677 0.039756 
0.0578435 0.137069 -0.0293551 
-0.0223085 0.145294 -0.0755774 
-0.00211361 0.15437 -0.0402222 
0.043596 0.0807546 -0.0419434 
0.0490465 0.143942 -0.0331768 
0.0132654 0.0709385 -0.0225649 
-0.0121184 0.00538762 -0.0245878 
0.0570682 0.14044 -0.0388014 
-0.00344683 0.0619641 -0.00604371 
0.0396226 0.114011 -0.0234726 
0.00739122 0.136579 -0.075375 
0.00465525 0.128226 0.00107758 
-0.020946 0.128516 0.0331436 
-0.0294125 0.0381923 0.0180834 
0.0441781 0.0772579 -0.0423344 
-0.0260772 0.0846575 0.0569481 
0.0108373 0.149759 -0.0624001 
0.00669599 0.0809661 -0.0227859 
-0.0544907 0.0782282 0.0624435 
0.0342267 0.144052 -0.0431704 
-0.0517807 0.122321 0.0231278 
0.000144487 0.119779 0.00550352 
-0.0194924 0.0984467 0.0390305 
0.0336061 0.144907 -0.0467781 
0.0371294 0.130115 -0.0607121 
0.00149492 0.150867 -0.015626 
0.025551 0.1436 -0.0647548 
0.00592155 0.114828 -0.00254271 
-0.0244127 0.0491765 0.0135791 
0.0355774 0.13533 -0.0606418 
0.0469179 0.123323 -0.03221 
-0.0194644 0.1395 -0.00893158 
0.0126699 0.15222 -0.0588506 
0.00410531 0.0796357 -0.0209295 
-0.0638404 0.0894559 0.0732661 
0.00191402 0.154784 -0.0460405 
0.0158439 0.136091 -0.0100376 
0.0480043 0.0863295 -0.0418637 
0.0204317 0.0130197 -0.0468012 
-0.0529403 0.147108 0.0345493 
0.0202517 0.0210701 -0.0469212 
0.0536795 0.139487 -0.0313509 
-0.00190909 0.144269 -0.0699407 
0.0313562 0.140541 -0.0308073 
0.0280681 0.149124 -0.0541141 
-0.0567549 0.100215 0.0628997 
0.0468715 0.133313 -0.0325102 
0.0439128 0.102312 -0.035974 
-0.0562186 0.16353 0.0440429 
0.0300633 0.134198 -0.0244883 
0.0379141 0.114185 -0.0202688 
-0.00217802 0.0508989 -0.00864824 
0.049273 0.146866 -0.03941 
0.0439678 0.106956 -0.0352527 
-0.0063438 0.143668 -0.00518435 
0.0323631 0.125985 -0.0161644 
0.0229096 0.146325 -0.0223652 
0.0269954 0.134512 -0.0195076 
0.0439751 0.113807 -0.0343375 
0.0320578 0.145361 -0.0376008 
0.00440212 0.0564359 -0.0150189 
-0.0105596 0.129819 0.00625677 
0.0196855 0.150646 -0.0246033 
0.0156439 0.154234 -0.0277826 
-0.0561343 0.0733141 0.0632704 
-0.000618838 0.0171723 -0.0337827 
0.0119657 0.156002 -0.0302912 
-0.0208395 0.147686 -0.0786581 
0.0573291 0.14788 -0.0399511 
-0.0033501 0.1072 0.00948893 
-0.0206346 0.116636 0.0159601 
0.00196052 0.155979 -0.0375725 
-0.0248724 0.0855725 0.0513379 
-0.045945 0.175507 0.0137154 
0.0286136 0.12674 -0.0138082 
-0.00162926 0.154602 -0.0426596 
0.0163294 0.154882 -0.0502454 
-0.00227534 0.149271 -0.0119091 
-0.018063 0.0813097 0.0417291 
0.00337439 0.00481832 -0.0438231 
-0.0192791 0.145753 -0.0760801 
-0.00584076 0.15162 -0.0417497 
-0.00338536 0.0504259 -0.00656038 
0.0409259 0.11465 -0.0273906 
0.0211378 0.140463 -0.0164771 
-0.0401762 0.132985 0.0595989 
0.0418986 0.110365 -0.0304515 
-0.0123139 0.111454 0.0175713 
-0.0580955 0.0588453 0.0652896 
0.0189407 0.145994 -0.0178267 
-0.0493876 0.128392 0.0575274 
-0.0268093 0.118348 0.0500385 
0.0116826 0.153701 -0.0231775 
-0.0193249 0.114741 0.0344541 
0.00905021 0.155679 -0.0261289 
0.0296699 0.120552 -0.0128067 
-0.0453462 0.135138 0.0524738 
0.02643 0.129957 -0.0144823 
0.0322073 0.145991 -0.0520076 
-0.00395581 0.120307 0.00923109 
0.00505531 0.15588 -0.0274258 
0.00273362 0.156436 -0.0307737 
0.00259937 0.0177466 -0.0369218 
0.0238741 0.128398 -0.0130681 
0.0218279 0.132539 -0.0146155 
-0.0318713 0.069834 0.0634411 
0.0160936 0.0723109 -0.0235677 
0.0119179 0.0773194 -0.023204 
0.00138983 0.0147534 -0.035321 
-0.0364695 0.107727 0.0612632 
0.0128499 0.149047 -0.0642158 
0.00891875 0.0811761 -0.0236653 
0.0637566 0.140305 -0.0346977 
0.0486052 0.150187 -0.0457106 
0.0197093 0.127689 -0.0122839 
-0.0590861 0.1655 0.048632 
0.0365618 0.132464 -0.0590046 
0.0178812 0.132576 -0.0116069 
0.0396142 0.118343 -0.0250861 
0.018694 0.136049 -0.0129327 
-0.0625967 0.0900784 0.0725316 
0.0168542 0.139775 -0.012063 
-0.0226036 0.037193 0.0111994 
-0.0247749 0.116727 0.0148306 
-0.0204128 0.123535 0.00922112 
0.0114897 0.149434 -0.0158731 
0.00592641 0.139686 -0.0772057 
-0.0213223 0.0545853 0.00956168 
0.0376847 0.132615 -0.0388845 
0.00787326 0.152512 -0.0188936 
0.0212742 0.0238188 -0.0504291 
0.00488579 0.153402 -0.0201395 
-0.000612451 0.013558 -0.0336602 
0.00410661 0.141864 -0.0850364 
0.0314765 0.0171607 -0.0517849 
-0.0077654 0.152494 -0.0300666 
0.0395104 0.123976 -0.0572613 
0.00272993 0.00437443 -0.0426923 
-0.0259342 0.0334832 0.0144118 
-0.0139306 0.0625534 0.00061947 
0.0628153 0.134275 -0.0343757 
0.0167865 0.124935 -0.0114936 
0.00673188 0.0755918 -0.019677 
-0.000337201 0.128291 0.00436922 
-0.0251163 0.11017 0.0456344 
0.0361586 0.07879 -0.0356643 
-0.0280238 0.123565 0.00187046 
-0.0546026 0.154367 0.0384915 
-0.0281163 0.124048 0.0497994 
-0.0112014 0.0534814 0.00213688 
0.00842944 0.0628011 -0.0187217 
0.00829868 0.0700619 -0.0186356 
-0.00282778 0.0120162 -0.0319642 
-0.0171032 0.0414603 0.00693478 
0.0128307 0.139625 -0.00858597 
0.0379274 0.00724956 -0.060747 
0.0103905 0.144039 -0.00982595 
-0.0150365 0.131856 0.0256757 
-0.0552666 0.156406 0.0416638 
0.00734073 0.147988 -0.0123552 
0.0334676 0.119433 -0.0154101 
0.00325096 0.0576047 -0.0137066 
-0.0509747 0.134635 0.0552582 
-0.0233327 0.157469 0.0289594 
0.0460878 0.145188 -0.0411803 
-0.033986 0.115182 0.00900013 
-0.000981762 0.15242 -0.0192929 
0.0125179 0.124401 -0.00732806 
-0.0154238 0.0458443 0.00638324 
0.0121886 0.136763 -0.00701407 
-0.00559083 0.151473 -0.0207347 
0.0532063 0.0915701 -0.0494798 
-0.00711597 0.152286 -0.0250142 
-0.0419076 0.11997 0.0604081 
-0.0123815 0.0582544 0.00211692 
-0.0104624 0.150378 -0.0255043 
-0.0218869 0.0358239 0.0108588 
-0.0055885 0.0131055 -0.0298816 
-0.0519372 0.161922 0.0448691 
0.0304635 0.00435858 -0.0558198 
0.00404546 0.148906 -0.012319 
-0.0247973 0.120512 0.0480322 
-0.00985899 0.150295 -0.0226865 
0.00396398 0.0695997 -0.0150079 
0.0156783 0.156459 -0.0419978 
-0.0137837 0.0947118 0.0231059 
0.0015999 0.0740596 -0.0161371 
0.0070447 0.137868 -0.0827558 
-0.000661096 0.0672075 -0.0106194 
-0.0279741 0.0814123 0.0578684 
-0.0385493 0.174581 0.0279451 
-0.00708632 0.103064 0.0144245 
-0.053297 0.0700202 0.0611429 
-0.0304787 0.17695 0.0251814 
-0.000203329 0.0773803 -0.0178011 
-0.0331844 0.11794 0.0574232 
0.0275303 0.145293 -0.0607334 
0.00373897 0.066339 -0.013713 
-0.0545394 0.155249 0.0339561 
-0.0253017 0.123041 0.0450187 
0.00497948 0.0629838 -0.0142983 
0.00943384 0.140049 -0.00614982 
0.00765927 0.14295 -0.00726919 
0.0352024 0.00649286 -0.0584845 
-0.00353954 0.146473 -0.0883724 
0.00542047 0.146243 -0.00913256 
0.00134867 0.146296 -0.00850685 
0.00881644 0.123221 -0.0038013 
-0.0190626 0.144623 0.027044 
-0.00423325 0.150876 -0.0153204 
-0.013668 0.119134 0.0284802 
-0.0126574 0.147847 -0.0185436 
-0.0127274 0.149072 -0.0225719 
0.038323 0.112542 -0.0208228 
0.000155407 0.0540808 -0.0103661 
0.000839797 0.0623309 -0.0100416 
-0.0272387 0.106331 0.0502876 
0.000804202 0.0698615 -0.0128043 
-0.00711171 0.125282 0.00845024 
-0.0451485 0.168782 0.00723721 
-0.00175874 0.0735538 -0.0140249 
-0.0256111 0.127867 0.0432693 
-0.00302604 0.075772 -0.0149883 
-0.00341933 0.0719312 -0.0120163 
0.0286331 0.0730869 -0.0314311 
0.0528607 0.0903945 -0.0478714 
-0.00410907 0.075465 -0.0142545 
0.00288535 0.135776 -0.000572253 
0.0155532 0.153766 -0.0554953 
-0.0155298 0.141624 -0.00743582 
-0.00459001 0.146317 -0.00859677 
-0.00897803 0.146032 -0.00942817 
-0.0106297 0.147107 -0.0137727 
0.00399598 0.115438 0.000269681 
-0.000245434 0.135059 0.00116935 
-0.0698623 0.0992041 0.0469315 
-0.00363872 0.0540455 -0.00551984 
0.0380842 0.124112 -0.0262592 
-0.0143395 0.140086 -0.00362549 
-0.00711602 0.0701627 -0.00864749 
-0.0142606 0.144348 -0.0107418 
-0.017735 0.0541379 0.00767522 
0.023121 0.134754 -0.0160158 
-0.0172763 0.000286327 -0.0206807 
-0.00803526 0.149933 -0.0164204 
0.000753444 0.123844 0.00495116 
-0.048137 0.11714 0.0595919 
-0.00226661 0.137963 -0.000121431 
-0.0170773 0.0604427 0.00403359 
-0.0298459 0.116469 0.0359986 
-0.00620675 0.137956 0.000392583 
-0.0111985 0.103104 0.0192155 
-0.0283077 0.154256 0.033004 
-0.00951125 0.14097 -0.00293645 
-0.0179511 0.141907 -0.0124152 
0.000807079 0.115821 0.00485897 
-0.0116357 0.14288 -0.00647359 
-0.0284934 0.0932699 0.0591952 
-0.0146828 0.0536596 0.00547357 
-5.57751e-05 0.111268 0.00510299 
0.036503 0.125106 -0.036314 
-0.00798732 0.0590413 -0.00178985 
-0.00665222 0.0617195 -0.00371671 
-0.025432 0.115083 0.0449829 
0.0208089 0.0711847 -0.0237537 
-0.0148799 0.116323 0.0156613 
-0.0316919 0.0802658 0.0607665 
-0.0393865 0.176652 0.0328623 
-0.00946919 0.0651829 -0.00371421 
-0.0155021 0.146481 -0.0792468 
-0.0240291 -0.00228904 -0.0129669 
-0.0534194 0.0868735 0.0620208 
-0.0353682 0.11556 0.0590108 
0.00323275 0.154471 -0.0502147 
-0.00944866 0.045677 -0.00127799 
-0.0015336 0.103874 0.00554003 
-0.00296699 0.103679 0.00842234 
-0.00238699 0.123597 0.00746932 
-0.0447505 0.175424 0.0161407 
-0.0107568 0.106682 0.0181556 
-0.0144499 0.0982336 0.0238072 
-0.00457877 0.127079 0.00692655 
-0.0158018 0.110339 0.0315813 
0.0497028 0.099072 -0.0519103 
-0.0291076 0.121383 0.00385785 
-0.00747309 0.13163 0.00505138 
-0.0247749 0.126205 0.00316265 
-0.0159914 0.136517 -0.00115456 
-0.0201441 0.13523 -0.00259557 
-0.0386284 0.116446 0.0616745 
-0.0209139 0.162471 0.0271057 
0.0250896 0.0125918 -0.0495796 
-0.0123539 0.0460089 0.00261703 
-0.0518919 0.161576 0.043064 
-0.0126209 0.0496898 0.00318962 
-0.0512548 0.0914837 0.0613597 
0.00878691 0.156037 -0.0470269 
-0.0254226 -0.00102548 -0.0102736 
-0.0183864 0.133184 0.00144617 
-0.0418436 0.173796 0.024769 
-0.00678566 0.106796 0.0139855 
-0.0063693 0.115084 0.0123636 
0.0147694 0.145198 -0.0135155 
-0.0111261 0.123753 0.0101583 
-0.0183839 0.169719 0.0233766 
-0.0203146 0.12979 0.00345618 
-0.0220019 0.13107 -0.000326177 
-0.0246618 0.129516 -0.00078919 
-0.0315933 0.0903036 0.0618787 
-0.0432691 0.163567 0.0479766 
-0.0248795 0.129832 -0.00255143 
-0.0192077 0.166945 0.0266717 
-0.0144007 0.0408852 0.00352717 
-0.0170175 0.0569837 0.00577796 
0.0146249 0.156039 -0.0473067 
0.0157694 0.150186 -0.0201643 
-0.0185469 0.125931 0.00761574 
-0.038495 0.105911 0.0617529 
-0.010521 0.0947653 0.0182487 
-0.0109205 0.0986965 0.0192991 
-0.0262682 0.123547 0.00501143 
0.044729 0.110179 -0.0350416 
-0.0207561 0.0427588 0.0111363 
-0.0015237 0.14425 -0.0630436 
-0.0227099 0.119123 0.0125647 
-0.0166257 0.110082 0.0208378 
-0.0274574 0.118164 0.0115334 
0.0113944 0.0627092 -0.022643 
-0.0309918 0.117349 0.00899381 
-0.0216429 0.114586 0.0182331 
0.0404565 0.0744552 -0.0396592 
-0.0261442 0.0376504 0.015316 
0.0276449 0.00946375 -0.0479369 
-0.0248917 0.0418189 0.0147665 
-0.0162875 0.166567 0.0239021 
-0.0250051 0.121253 0.0088181 
-0.0286349 0.116826 0.0131024 
-0.0272528 0.030343 0.0150243 
-0.0159839 0.135527 0.0250493 
-0.044131 0.160504 0.00458281 
-0.0138768 0.0935745 0.0267401 
