0.0422216 0.196225 -0.00327359 
0.0402825 0.197041 -0.000810799 
0.0187698 0.196253 0.0249535 
0.0186779 0.194656 0.0253371 
0.0211165 0.193226 0.0232625 
0.0223543 0.189799 0.0222996 
0.0547603 0.186258 0.00794896 
0.0459273 0.187371 -0.00729813 
0.028137 0.188091 0.0158459 
0.0455725 0.184457 -0.00451196 
0.0719212 0.181515 -0.0476358 
0.0702136 0.180912 -0.0449892 
0.0585538 0.181826 0.00471008 
0.0527217 0.182606 0.00807113 
0.0348532 0.183165 0.00825603 
0.0574568 0.1803 -0.0212339 
0.0601674 0.179964 -0.0249396 
0.0577511 0.179658 -0.0189158 
0.0547649 0.179651 -0.0143789 
0.0519239 0.179539 -0.0104185 
0.0367156 0.179441 0.00456143 
0.0793603 0.17884 -0.0533839 
0.073384 0.178926 -0.0469069 
0.0621143 0.178887 -0.0287646 
0.060764 0.178651 -0.0223484 
0.0547947 0.177715 -0.00917805 
0.0436617 0.176834 0.0225785 
0.0824282 0.176562 -0.0517666 
0.0409453 0.19368 -0.00104674 
0.0750455 0.17832 -0.050466 
0.074452 0.176731 -0.0448824 
0.0629661 0.177691 -0.0347286 
0.0632032 0.177507 -0.0331275 
0.0625555 0.177237 -0.0143093 
0.0593867 0.175897 -0.00730287 
0.055677 0.176738 0.0019308 
0.0537647 0.178346 0.00558265 
0.0436945 0.176346 0.0227679 
0.0437672 0.17492 0.0227819 
0.0846816 0.173717 -0.0529863 
0.0550746 0.183287 0.00696772 
0.0661427 0.173801 -0.0388273 
0.0702552 0.17401 -0.0254508 
0.0697367 0.175769 -0.0258372 
0.0637496 0.174207 -0.0136973 
0.0436596 0.173414 0.0221788 
0.0786832 0.173418 -0.047138 
0.0846472 0.173316 -0.0507234 
0.0845811 0.171906 -0.0486521 
0.0408606 0.186654 -0.000715045 
0.0813299 0.170909 -0.0450733 
0.0793008 0.170971 -0.0419432 
0.0714752 0.172589 -0.0408544 
0.0671493 0.171393 -0.037416 
0.0663772 0.173029 -0.0177851 
0.0641168 0.1718 -0.0122591 
0.0616203 0.173009 -0.00765548 
0.0594649 0.172255 -0.00309251 
0.0564902 0.173381 0.000718782 
0.0547747 0.17322 0.00644519 
0.051172 0.172978 0.0102958 
0.0485791 0.173173 0.0145187 
0.0463539 0.173264 0.0187347 
0.0851172 0.169637 -0.0504375 
0.0579994 0.170053 -0.000435513 
0.0365203 0.186434 0.00437028 
0.071439 0.169074 -0.0384105 
0.0844941 0.168 -0.0477767 
0.0416427 0.184161 -0.00021934 
0.082369 0.167452 -0.0438842 
0.0808685 0.165889 -0.0377924 
0.0485025 0.180237 -0.00851833 
0.0791865 0.165558 -0.0360091 
0.0762633 0.167047 -0.0365976 
0.0714904 0.165377 -0.0279746 
0.0673582 0.167512 -0.0249435 
0.0669417 0.167508 -0.0219896 
0.0666044 0.167959 -0.0179675 
0.0660627 0.16683 -0.0151827 
0.0645474 0.167817 -0.0122928 
0.0618281 0.167761 -0.00773177 
0.0590902 0.167387 -0.000588059 
0.0578006 0.167893 0.00231263 
0.0550062 0.167675 0.00676959 
0.049472 0.16811 0.0152577 
0.045773 0.167504 0.0186396 
0.0678035 0.164655 -0.0252471 
0.0741481 0.164376 -0.032049 
0.0802856 0.163715 -0.0369956 
0.0343035 0.186941 0.00790729 
0.0413591 0.163683 0.0257527 
0.067673 0.163631 -0.0178318 
0.0573867 0.163349 0.000409436 
-0.00733474 0.162875 0.0314821 
0.0454945 0.161904 0.0209548 
0.043181 0.163329 0.0237347 
-0.000620351 0.16127 0.026175 
-0.00659015 0.161633 0.0317046 
-0.0152481 0.162134 0.0371167 
0.076306 0.160602 -0.0427249 
0.0752908 0.160042 -0.0402721 
0.0798091 0.162633 -0.0397957 
0.0502248 0.181195 -0.0115895 
0.0772021 0.160782 -0.0360767 
0.0721523 0.162312 -0.0260351 
0.0691502 0.160551 -0.018611 
0.0686903 0.16904 -0.0361912 
0.067218 0.161957 -0.0157653 
0.0648351 0.162704 -0.0119519 
0.0620451 0.16267 -0.00757063 
0.0545813 0.162767 0.00629796 
0.0485325 0.162891 0.0145971 
0.0458825 0.162919 0.0187206 
0.0751937 0.159296 -0.0402957 
0.0756794 0.158922 -0.042442 
-0.0257034 0.160162 0.0435232 
0.0760019 0.158887 -0.0354949 
0.0627026 0.158606 -0.0117306 
-0.0153079 0.159266 0.0383514 
0.0819343 0.157722 -0.0701143 
0.0642859 0.176616 -0.0186054 
0.0817512 0.157805 -0.0689699 
0.0738341 0.158634 -0.0298045 
0.0580314 0.156612 -0.0145384 
0.0764973 0.155736 -0.0584658 
0.0690709 0.157701 -0.021778 
0.00475585 0.157451 0.0227695 
0.00120361 0.158057 0.0260504 
-0.00207751 0.158255 0.0293932 
-0.01176 0.156878 0.0399306 
-0.0165912 0.156413 0.0426941 
0.0092766 0.15636 0.0196958 
-0.023765 0.158092 0.0432811 
-0.0289862 0.157307 0.0455417 
-0.0322268 0.156633 0.0474045 
0.0578774 0.157503 -0.00441914 
0.0564107 0.158681 0.00298541 
0.0545078 0.157581 0.00637998 
0.0491056 0.157918 0.0150243 
0.0641874 0.174053 -0.0361918 
0.0454189 0.158189 0.0176374 
0.00040635 0.1554 0.0305893 
-0.00200531 0.155429 0.033577 
-0.0227105 0.155433 0.0446955 
0.055893 0.154768 -0.0189751 
-0.011001 0.15533 0.0422025 
0.0731934 0.152654 -0.0529107 
0.0596311 0.153193 -0.0321185 
0.0563016 0.15419 -0.0214275 
0.05528 0.153975 0.00330516 
0.0686479 0.164649 -0.0260829 
0.00307055 0.154626 0.0268583 
0.0590495 0.152842 -0.0536301 
0.0622317 0.152575 -0.0113934 
-0.0156007 0.154519 0.0450638 
0.0607082 0.157917 -0.00835123 
-0.0261491 0.153712 0.0467828 
0.0578236 0.153327 -0.0253979 
0.00622995 0.153765 0.022962 
-0.00137313 0.153629 0.0369812 
-0.0637821 0.151649 0.0546429 
0.078619 0.152677 -0.0615763 
0.0742864 0.101761 -0.0298519 
-0.00919765 0.157296 0.0366992 
0.0546209 0.100784 -0.0119372 
-0.0652803 0.0694268 0.044894 
0.0501005 0.167679 0.0160002 
-0.0399923 0.0559198 0.0563292 
0.0336053 0.0999775 0.003891 
-0.00541982 0.158176 0.0328956 
0.0320241 0.102056 0.0142544 
0.0411609 0.0895283 -0.00343729 
-0.0515256 0.112906 0.0541971 
0.0227962 0.102488 0.025686 
0.0327085 0.101804 0.00756919 
0.0727715 0.0996865 -0.0426017 
0.0638271 0.121082 -0.0321391 
-0.0152195 0.102216 0.0523341 
0.0637 0.121809 -0.0190042 
-0.0584364 0.0970112 0.0469332 
0.0748613 0.0978854 -0.0401413 
-0.0736398 0.134291 0.0642149 
0.0398227 0.0765204 0.0111685 
-0.023383 0.122597 0.0570955 
0.0721206 0.0967058 -0.04525 
0.0603701 0.0535809 -0.0210941 
0.000398524 0.0771893 0.0296737 
0.0610192 0.126748 -0.0217509 
0.0720012 0.142536 -0.032848 
0.0430279 0.0971026 -0.0129602 
0.0723771 0.0680881 -0.0251991 
0.0186309 0.127764 0.0282292 
-0.00469006 0.0954405 0.0301532 
0.0320809 0.127704 0.00435672 
0.0724628 0.101813 -0.0251778 
-0.0615076 0.096628 0.0504393 
0.0345376 0.122596 0.000590916 
-0.0197352 0.0978196 0.0536644 
0.0457951 0.17628 0.0196699 
0.0613797 0.0972068 -0.0143817 
0.0285163 0.184561 0.0151374 
0.0342485 0.0975814 -0.000147917 
0.0348094 0.0976094 0.00770167 
0.0190354 0.0978178 0.0269758 
0.0513809 0.0966973 -0.0122539 
0.0520979 0.0541332 -0.00943463 
-0.0300138 0.12787 0.0588019 
0.0349428 0.0965112 0.0106322 
0.0168582 0.0970307 0.027183 
0.0539435 0.0547054 -0.0101878 
-0.00749839 0.0958401 0.046778 
0.0481283 0.127453 0.000605868 
0.0638796 0.139182 -0.0149761 
0.0752777 0.0968515 -0.0293341 
0.0366056 0.0942413 0.00759802 
0.0331976 0.097238 0.0145686 
-0.00300623 0.0939343 0.0332645 
0.0679025 0.0934881 -0.0110071 
0.0274097 0.12171 0.00371198 
-0.0600904 0.0906202 0.0424698 
-0.0600626 0.0927721 0.0452473 
0.0178239 0.0935265 0.0258194 
0.0445711 0.0703466 0.0179231 
0.0882429 0.0627144 -0.0254575 
0.0483901 0.139359 0.0029376 
0.0342992 0.0925543 0.0151128 
0.076015 0.0911071 -0.0399462 
0.077958 0.162623 -0.0470028 
0.0363743 0.0902527 0.0170182 
0.041753 0.0893237 -0.00782333 
-0.0499352 0.118333 0.0556751 
0.0391372 0.0913696 -0.00727105 
0.0177354 0.138879 0.0188791 
0.037834 0.0927262 0.00406999 
0.0507148 0.0665784 0.0110157 
0.0262825 0.0922621 0.0221092 
0.0898943 0.0599615 -0.0269179 
-0.00332524 0.0927685 0.0412786 
0.0753091 0.09464 -0.0400077 
-0.00657431 0.0921947 0.0465739 
0.0732605 0.0965897 -0.024604 
0.0653013 0.116222 -0.0378975 
-0.011619 0.0922268 0.0502264 
0.0521006 0.180406 0.00777651 
0.00130861 0.0626525 0.0547566 
0.0576252 0.13206 -0.0179725 
-0.0208089 0.089544 0.0516203 
-0.0232689 0.112817 0.0567879 
0.0443232 0.187927 -0.00393589 
-0.00434306 0.0922531 0.0262051 
0.0740276 0.075413 -0.0248213 
0.0760051 0.0916057 -0.0288175 
-0.0622437 0.133281 0.0624376 
0.00504962 0.150351 0.0331469 
0.0882814 0.0608874 -0.0233627 
0.0400426 0.0730447 0.0148249 
0.049308 0.137041 0.00124954 
0.0304431 0.0916582 0.0190114 
0.0755123 0.0889025 -0.0185129 
-0.0664961 0.0932777 0.0504562 
0.0693145 0.0906053 -0.00798431 
-0.0613732 0.0870087 0.042907 
-0.0576991 0.0990915 0.048671 
-0.0653423 0.0864899 0.0471415 
-0.0196856 0.0895849 0.0513965 
0.0715349 0.176239 -0.0425945 
0.0697674 0.0880868 -0.00621379 
-0.0539608 0.106144 0.0508303 
0.0543968 0.092861 -0.0120156 
0.0399133 0.0738052 0.0112663 
0.051948 0.0869457 -0.0071226 
0.0726304 0.166478 -0.032626 
0.0245995 0.123027 0.0188113 
0.0581949 0.127608 -0.0109279 
-0.00310018 0.0869856 0.0242436 
0.0436044 0.192807 -0.0041639 
0.0745998 0.0816498 -0.0223144 
-0.00037867 0.0870452 0.0335327 
0.0570028 0.092906 -0.0124699 
0.0756823 0.0967666 -0.036669 
0.0449492 0.176091 0.021334 
0.0765326 0.0861142 -0.0397749 
0.0696385 0.101662 -0.0209446 
-0.0547094 0.112746 0.0560146 
0.0601269 0.0940316 -0.0135719 
0.0433238 0.0589737 0.0213577 
0.0257202 0.0872859 0.021542 
-0.072747 0.131272 0.0634082 
0.0711875 0.151728 -0.0499312 
0.0424738 0.0661718 0.0212192 
0.0707133 0.111276 -0.0326142 
0.0132391 0.0909926 0.0244929 
-0.00115928 0.085976 0.0402743 
0.0715813 0.157764 -0.0262303 
0.0662556 0.0709559 -0.00303336 
0.0406536 0.127914 0.00325425 
-0.00281515 0.0870993 0.0431228 
0.0517032 0.102312 -0.0108645 
0.0301038 0.147356 0.00929806 
0.0603432 0.12705 -0.0153369 
0.0758718 0.0859034 -0.0258626 
0.0759255 0.0864214 -0.0183893 
-0.0154566 0.0869952 0.0520767 
0.0505692 0.085603 -0.00411807 
0.0383043 0.0871804 0.0114982 
0.0304322 0.0971473 0.018849 
0.038767 0.0860333 0.0148598 
0.0756182 0.0865286 -0.0150783 
-0.0107967 0.159862 0.0350374 
0.0570949 0.102562 -0.0123231 
-0.0258989 0.127774 0.0578644 
0.0736493 0.0854676 -0.00858739 
0.0657371 0.0864829 -0.00355189 
0.0757239 0.0831357 -0.0259319 
-0.00130082 0.0872412 0.0294138 
-0.0162651 0.0666863 0.00794035 
0.0769 0.153828 -0.0575876 
-0.0651009 0.0825957 0.0464963 
0.075759 0.0835606 -0.0184265 
-0.0071921 0.0986938 0.0293932 
-0.0597747 0.0987761 0.0508489 
0.0160888 0.0823078 0.0215313 
0.0730614 0.106091 -0.0293999 
-0.00239721 0.0821364 0.0233689 
-0.0259022 0.107566 0.0567843 
0.0401517 0.093314 -0.0110109 
-0.0199241 0.0903008 0.0513282 
0.077085 0.081535 -0.0365248 
0.0734318 0.0772228 -0.0228243 
0.000550915 0.0820628 0.0336658 
0.0566914 0.130807 -0.0243325 
0.0685997 0.176403 -0.0271482 
0.000540711 0.0820673 0.0372361 
0.0144825 0.0865926 0.0230222 
0.0351403 0.0740745 0.0201114 
-0.000519047 0.0818465 0.0398017 
0.0739532 0.0966341 -0.0423714 
0.00095327 0.0770562 0.0336319 
-0.00271251 0.0820149 0.0432923 
0.060894 0.177087 -0.000419853 
0.0715857 0.107105 -0.0260143 
0.0768608 0.091583 -0.0331411 
0.0315848 0.183581 0.0117787 
0.0486523 0.0524261 0.016434 
-0.00166829 0.0854469 0.0265079 
-0.0109967 0.0654356 0.060464 
0.0508198 0.147568 0.00969755 
0.0229539 0.12748 0.0113922 
-0.0559221 0.102756 0.0500056 
0.026865 0.122127 0.00237985 
-0.0191181 0.0820581 0.0543295 
0.0425363 0.0919084 -0.0114265 
0.0677552 0.139179 -0.0231208 
-0.0152414 0.0926436 0.0517605 
0.0749639 0.080125 -0.0253674 
-0.0634591 0.0889139 0.0471529 
0.0646168 0.172709 -0.0335063 
-0.000103954 0.0683198 0.0477434 
0.0294258 0.107445 0.0177971 
0.074866 0.0805887 -0.0186115 
-0.0109424 0.081121 0.050226 
0.0225534 0.0880161 0.0231652 
0.0690822 0.112144 -0.0367389 
0.0481652 0.0818342 0.000994762 
0.0702785 0.068525 -0.0209659 
0.0396813 0.0819661 0.011144 
-0.0154671 0.107327 0.0520554 
0.029438 0.0820717 0.018788 
0.0735175 0.0820233 -0.00841711 
0.0903264 0.0568297 -0.0272794 
0.0712035 0.106608 -0.0395114 
0.00166871 0.148248 0.0399039 
0.0567475 0.181049 -0.0214341 
0.0521408 0.15773 0.0109604 
0.0677929 0.0813314 -0.00183755 
0.0728755 0.0764462 -0.0465066 
-0.023156 0.108389 0.0563173 
0.0628479 0.0813233 0.000301912 
0.0560358 0.157239 6.25462e-05 
0.0725942 0.1019 -0.0407506 
-0.00912461 0.142835 0.0487259 
0.0592799 0.0792434 0.00163673 
0.0540112 0.0562687 0.0136239 
0.0742454 0.0910536 -0.0225331 
0.067253 0.146981 -0.022799 
0.0616842 0.107323 -0.0142629 
0.06226 0.0531139 -0.0311466 
0.0160527 0.101776 0.0285799 
0.0639085 0.119527 -0.0362857 
-0.0616774 0.0889769 0.0450131 
0.0571521 0.0561562 0.00974159 
0.0645932 0.149701 -0.0362319 
-0.0649176 0.0778044 0.0460369 
-0.0103045 0.0544762 0.03409 
0.0724986 0.107117 -0.0329038 
-0.0138593 0.111896 0.0342753 
0.0277113 0.0781342 0.0185014 
0.0443668 0.0956937 -0.0138083 
-0.00139496 0.0907413 0.0334537 
-0.0140563 0.0708025 0.00940881 
0.0461421 0.185981 -0.00968208 
0.00808753 0.147503 0.0323808 
-0.00674384 0.0780425 0.0463007 
-0.000478673 0.0872943 0.0374917 
-0.00174958 0.143151 0.0439554 
0.0662682 0.0898456 -0.00609357 
0.0770887 0.0816771 -0.033011 
-0.0232979 0.0771656 0.0544826 
0.0764179 0.0762471 -0.0367622 
-0.00295828 0.077153 0.043116 
0.0272284 0.115649 0.0181572 
-0.0114578 0.0769964 0.0499628 
0.0705859 0.0771457 -0.00505026 
-0.0149389 0.0770342 0.0524476 
0.0424149 0.0893075 -0.00871009 
0.0485532 0.0769749 0.00206966 
0.0453294 0.07659 0.00526607 
0.0717474 0.0617967 -0.00896484 
-0.0161239 0.122505 0.0509859 
0.040155 0.0769279 0.0146814 
-0.0511194 0.127772 0.0595021 
-0.0145786 0.0617698 0.00705957 
0.033936 0.126001 0.00210402 
-0.0192107 0.149582 0.0506417 
-0.00390238 0.0914289 0.0433939 
0.0655187 0.0833688 -0.00135405 
0.0702507 0.0646711 -0.0428976 
0.0869019 0.0649193 -0.0117972 
-0.054536 0.144101 0.0508694 
-0.00280163 0.0885958 0.0261072 
0.0765267 0.08635 -0.0288322 
0.0301104 0.137769 0.00865644 
-0.0145618 0.0589182 0.00713425 
-0.0553161 0.136683 0.0607368 
0.0607803 0.054398 -0.0211323 
0.0790783 0.0630495 -0.00841876 
0.0244929 0.127137 0.00695166 
-0.00482733 0.150443 0.0437878 
-0.0103116 0.0786114 0.0495096 
0.074798 0.091538 -0.0430848 
-0.00202634 0.0642579 0.0333921 
-0.00168145 0.0606252 0.054904 
-0.0196186 0.117462 0.0548155 
0.0680545 0.171161 -0.0256848 
0.0555616 0.133247 -0.0215797 
0.0747077 0.062739 -0.00857117 
0.0400362 0.0817574 0.0146626 
0.0509127 0.0885271 -0.0090757 
0.0725141 0.078444 -0.00771186 
-0.00430628 0.0608762 0.0340397 
0.0672455 0.176229 -0.0227833 
0.0661891 0.157517 -0.0177635 
0.00233689 0.0671061 0.0554145 
0.0619995 0.124972 -0.0253315 
-0.0098671 0.0656488 0.058817 
0.0767427 0.0680598 -0.0140885 
0.0522471 0.12731 -0.00266605 
-0.0125292 0.0526479 0.0271409 
0.0582028 0.112354 -0.0107773 
0.0859378 0.14364 -0.0581136 
-0.000393367 0.07194 0.0267456 
0.0854928 0.142322 -0.0550275 
0.0575054 0.0539408 0.00737755 
0.0637203 0.14921 -0.0344383 
-0.0262977 0.0651164 0.057698 
-0.00841044 0.0554544 0.0304371 
-0.0061089 0.143175 0.0467464 
0.0227818 0.0738509 0.0178593 
0.0742406 0.0907708 -0.0153164 
-0.0022869 0.0599003 0.0552734 
0.0626193 0.0544955 -0.0289149 
0.0116759 0.147623 0.022121 
0.0618616 0.0532231 -0.0291179 
0.0451088 0.0566539 0.020003 
0.0598003 0.179101 0.00274646 
-0.0051776 0.058824 0.0298701 
-0.00629822 0.0965219 0.0276782 
0.0366506 0.0920135 0.0109298 
0.00600448 0.123564 0.0359759 
-0.0649494 0.0726949 0.0454198 
0.0648086 0.117347 -0.018528 
-0.0106766 0.0827259 0.0494577 
0.078009 0.0692304 -0.0164171 
0.0178922 0.132333 0.0281936 
0.0642262 0.061021 0.00241253 
0.0709877 0.0951995 -0.0194458 
0.064102 0.073459 0.000998587 
0.0385985 0.09105 0.00686666 
0.0651538 0.0799968 0.000187564 
0.0707516 0.10168 -0.0437932 
0.0902112 0.0611784 -0.0148707 
0.00393888 0.0746066 0.045171 
0.0574277 0.0527387 -0.0176588 
0.0687469 0.0951307 -0.0152069 
0.00985229 0.14311 0.0337857 
0.0733001 0.181095 -0.0504785 
0.0874935 0.0609221 -0.0106849 
0.0384003 0.09375 -0.00953576 
-0.00890223 0.159819 0.0332515 
0.0183103 0.137213 0.0217497 
0.061923 0.0848497 -0.00210834 
0.0692491 0.0715138 -0.00703399 
0.0509859 0.0787107 -0.000130663 
-0.0132824 0.113987 0.0445402 
0.0201196 0.0727283 0.0170176 
-0.0729297 0.130136 0.063358 
-0.00851286 0.0771787 0.0474125 
0.0579026 0.0526606 -0.0239977 
-0.00671496 0.0574036 0.0266959 
0.0749859 0.17332 -0.0440444 
0.0552563 0.0665453 0.0077962 
0.0570408 0.155535 -0.0167253 
0.0348712 0.0963366 -0.003259 
0.0458015 0.116888 -0.00257537 
0.0477066 0.182246 -0.0113701 
0.0781138 0.16264 -0.0339561 
0.0765964 0.0917127 -0.0368444 
0.0452696 0.0727002 0.00532518 
-0.0151853 0.0586402 0.00792825 
0.0464896 0.0894304 -0.00998756 
0.059203 0.075874 0.00336091 
-0.0631504 0.0730146 0.0444574 
0.0625836 0.150943 -0.0332781 
0.055712 0.0538657 -0.013706 
-0.0270214 0.0636364 0.0576566 
0.0456725 0.0918088 -0.012497 
0.0711082 0.108567 -0.0365765 
0.0804056 0.167787 -0.0398782 
-0.026039 0.138237 0.0564447 
0.0655972 0.0578102 -0.00278692 
0.0428426 0.0620519 0.0216251 
0.0686567 0.167896 -0.0283658 
-0.0129577 0.052884 0.0335536 
0.0730084 0.105391 -0.0362952 
-0.00915823 0.0717661 0.0530399 
0.0524015 0.168035 0.0111479 
-0.0158763 0.0529745 0.0377591 
0.0566433 0.16251 0.00235191 
0.038445 0.0818203 0.0185035 
0.0552081 0.132448 -0.00692068 
0.0701507 0.0628549 -0.00505616 
0.0467607 0.184115 -0.0103034 
0.0749075 0.0740621 -0.040043 
-0.0165764 0.0709093 0.0574584 
-0.00438578 0.0903235 0.0240561 
0.0544686 0.0527242 -0.0139045 
0.0576776 0.0528976 0.00525121 
0.0757889 0.0771346 -0.0397396 
-0.00510394 0.0571736 0.0636291 
0.0272722 0.116042 0.0110777 
-9.12369e-05 0.0575935 0.058988 
-0.0162374 0.0576046 0.0419943 
0.0739941 0.0675092 -0.035835 
0.0123321 0.123329 0.0337477 
0.0643883 0.0761587 0.000963804 
-0.00354939 0.0756057 0.0200667 
-0.0302783 0.057497 0.0458917 
-0.0184708 0.0859484 0.053887 
-0.0111039 0.0976767 0.0498578 
0.0627376 0.0560042 0.000907726 
0.0522161 0.063539 0.0121438 
-0.00954288 0.0540288 0.0265469 
0.066054 0.169079 -0.0333438 
-0.0132934 0.0518884 0.0303351 
0.000545842 0.0721635 0.0332917 
0.00934318 0.132792 0.0362924 
0.0652755 0.138969 -0.017758 
0.0563938 0.0522045 -0.0214441 
-0.0365486 0.151896 0.0499359 
0.0481821 0.152568 0.0144095 
-0.0252149 0.0995011 0.0548296 
0.0900756 0.0589528 -0.0260443 
0.055637 0.136488 -0.0111614 
0.00183094 0.132938 0.0402962 
-0.0190779 0.158989 0.0408936 
-0.0681559 0.0909449 0.0496625 
-0.0727358 0.135308 0.0641211 
0.0668969 0.0734806 -0.00179733 
0.0696164 0.0609844 -0.00662563 
0.0714281 0.0713264 -0.0114 
0.0297947 0.110727 0.000303286 
0.0534615 0.0608496 0.0131059 
-0.0104155 0.106886 0.0375213 
-0.00714231 0.0979881 0.0453236 
0.0917322 0.0599229 -0.0179086 
0.000470155 0.0540039 0.0606033 
0.000566544 0.0700682 0.0557591 
0.0121905 0.119793 0.0333923 
0.00647363 0.143168 0.0375073 
-0.0065167 0.0577507 0.0333699 
0.0484522 0.0630747 0.0158703 
0.0472208 0.12255 -0.000468171 
0.0452727 0.174747 0.0210725 
0.0714135 0.081607 -0.00517118 
-0.0121821 0.0534262 0.0234137 
0.0831484 0.142387 -0.0503714 
0.00966093 0.148763 0.0263036 
-0.00858964 0.10242 0.044433 
0.0503641 0.0529743 0.0158839 
0.0467577 0.0532849 0.0180464 
0.0514768 0.122578 -0.00315514 
0.0569305 0.0556987 -0.0119802 
-0.0230319 0.137087 0.0561941 
0.0649137 0.151446 -0.0184827 
0.0587833 0.0543091 -0.0170359 
0.0855671 0.141425 -0.0582069 
0.0519926 0.162731 0.0107032 
0.0547623 0.0973439 -0.0124155 
0.0493833 0.0776565 0.00157042 
0.0594712 0.0543607 0.0044172 
-0.0505404 0.0573179 0.0540789 
0.0706649 0.0653642 -0.0053173 
0.066118 0.0974897 -0.017081 
0.0590661 0.0714607 0.00435959 
-0.0123192 0.107409 0.047832 
-0.027781 0.0731454 0.0536341 
0.0569158 0.154426 -0.0282145 
-0.0680997 0.0885149 0.0488998 
-0.000345903 0.076796 0.0268404 
0.0469571 0.0567464 0.019098 
0.0324077 0.13301 0.00593361 
0.0765884 0.07682 -0.0331628 
-0.0228397 0.0735908 0.0536663 
-0.0315531 0.0544384 0.0418524 
0.0740684 0.157834 -0.0319463 
-0.0489478 0.128025 0.0564649 
0.0713526 0.0677767 -0.0444801 
0.0156341 0.142817 0.0183952 
0.0726926 0.0762861 -0.0107744 
0.0295828 0.10949 0.0147004 
0.0504999 0.1133 -0.00550776 
-0.0501461 0.115805 0.0542363 
-0.00364488 0.0628657 0.0362396 
-0.0626863 0.0928199 0.0488254 
0.0802714 0.067876 -0.0173912 
0.0465884 0.0879639 -0.00684052 
0.0766234 0.141825 -0.040868 
0.0629128 0.0541754 -0.0308641 
0.063268 0.123514 -0.0216867 
0.0144399 0.147157 0.0172231 
-0.0626644 0.0826909 0.0433673 
0.000514223 0.07645 0.0375207 
-0.00553326 0.0621471 0.0390367 
0.0448783 0.0815331 0.00481674 
0.0670994 0.0586242 -0.00576173 
0.090138 0.0571656 -0.0261885 
0.0743007 0.0809303 -0.0106685 
0.0693193 0.107589 -0.0422085 
0.0448933 0.191075 -0.00693174 
0.0376032 0.072061 0.0190106 
0.0533451 0.0526145 0.0129984 
0.0752234 0.0865862 -0.0221872 
0.0664013 0.150561 -0.022357 
-0.00805223 0.0569624 0.0233432 
-0.0132941 0.0571237 0.0401528 
-0.000213503 0.0823235 0.0294993 
0.0701278 0.070614 -0.0207543 
0.0801856 0.148981 -0.0637461 
-0.0117607 0.0868491 0.049861 
0.0523643 0.132011 -0.00261553 
0.0722845 0.0912467 -0.0114112 
0.0747837 0.0763056 -0.0429093 
-0.00197565 0.0580798 0.0632657 
0.0659962 0.0677408 -0.00268283 
0.0265209 0.117279 0.0075154 
0.0251097 0.188652 0.0194617 
-0.0187936 0.052847 0.0389719 
-0.0409186 0.0540693 0.0558453 
0.075072 0.0662637 -0.00835061 
0.0697505 0.0680123 -0.00615071 
0.0732704 0.0685843 -0.0100173 
0.068022 0.111461 -0.0404739 
0.0902304 0.0574629 -0.0150711 
0.0733526 0.0716788 -0.0428659 
-0.00661187 0.0820504 0.0467256 
0.0874593 0.0651116 -0.0222854 
0.0506303 0.140298 0.000164868 
-0.0623823 0.14163 0.0611208 
0.0473293 0.183004 -0.00786523 
-0.0191911 0.073504 0.0539859 
-0.0159973 0.151145 0.0487148 
0.055954 0.181059 -0.0189789 
0.0759868 0.0728082 -0.0330021 
0.0605623 0.0643558 0.00502054 
-0.00097758 0.0666054 0.0296536 
-0.0125469 0.0816404 0.0518044 
0.0657227 0.101835 -0.0172703 
-0.0134835 0.123207 0.0408221 
-0.000418078 0.0665812 0.0585595 
0.0470094 0.0706433 0.0142296 
-0.00407589 0.0627515 0.0234396 
0.0639338 0.0648239 0.001865 
0.0555832 0.155769 -0.0202952 
-0.0160608 0.0618746 0.00799446 
0.0346544 0.0976599 -0.00641666 
0.0562875 0.0524783 0.00784782 
-0.0160699 0.0547443 0.0398043 
-0.0130946 0.0712731 0.0547048 
0.0432378 0.166772 0.0224881 
-0.0342077 0.114944 0.0580006 
-0.014824 0.0598011 0.0427093 
0.0189133 0.102725 0.0278793 
0.0890924 0.0648382 -0.0146944 
0.0500225 0.0604737 0.0165129 
0.0209359 0.136944 0.0103775 
0.0569716 0.171616 0.0031688 
-0.0025371 0.0696665 0.0401823 
0.0675024 0.0650872 -0.00170035 
0.0732284 0.0860604 -0.0466654 
0.0772941 0.0868044 -0.0330479 
0.0574836 0.0968318 -0.0128993 
-0.00956716 0.0641726 0.0618018 
-0.0139908 0.11803 0.0444426 
0.0679945 0.17185 -0.0281102 
-0.0115179 0.105575 0.0304543 
0.00490292 0.0655502 0.052528 
-0.00205572 0.07715 0.0226784 
-0.00279691 0.0598348 0.0635837 
-0.001993 0.0921838 0.0371723 
-0.00947798 0.0919652 0.0490294 
0.0421431 0.165866 0.0243535 
0.0820284 0.0648973 -0.00978117 
0.0751009 0.0866041 -0.0435072 
0.0771403 0.0865588 -0.0366047 
0.0301886 0.0868228 0.0189134 
0.0690166 0.162589 -0.0215985 
0.0615491 0.102174 -0.0144068 
-0.00199171 0.0667099 0.0372204 
0.0752542 0.0714138 -0.0362544 
0.0392779 0.114852 -0.00457057 
0.069202 0.110253 -0.0392516 
0.0228816 0.0768169 0.0190805 
0.0570255 0.0611998 0.0094136 
0.0222633 0.0924226 0.0243832 
-0.00348027 0.0711554 0.0538305 
0.047429 0.0597386 0.0184799 
-0.000930754 0.08162 0.026689 
0.0262627 0.112611 0.021716 
-0.0114934 0.125018 0.0370607 
-0.00969177 0.104507 0.0335199 
0.0436182 0.087909 -0.00305857 
0.038084 0.0871044 0.017577 
0.0609841 0.175139 -0.0103349 
0.0798781 0.142346 -0.046369 
0.055606 0.0527703 0.0101988 
-0.0117539 0.0602201 0.0412939 
0.0480081 0.0666425 0.0148745 
0.0702438 0.0939535 -0.0133024 
0.0243838 0.121868 0.021479 
0.0589605 0.0670433 0.00445232 
-0.0195562 0.0773839 0.054181 
0.0703648 0.0636852 -0.0415237 
0.0695009 0.0635553 -0.0428323 
0.064904 0.177135 -0.0252748 
0.067503 0.159587 -0.0164768 
0.0602755 0.12601 -0.0284058 
0.0446083 0.0666793 0.0185565 
0.000229342 0.0698183 0.0578072 
-0.00444925 0.066646 0.0412299 
0.0727239 0.0712893 -0.024617 
-0.0168355 0.118611 0.0336406 
0.0624606 0.0675217 0.00077775 
-0.0151962 0.0971658 0.0521642 
0.0514603 0.08023 -0.000472096 
0.000809389 0.0535867 0.0593614 
0.0543878 0.137431 -0.00759809 
0.0818468 0.066349 -0.0153696 
-0.0172739 0.0552351 0.0410732 
0.0722316 0.0662747 -0.0404013 
0.0725514 0.0947961 -0.022391 
-0.0052219 0.0975728 0.0334081 
-0.00558827 0.0612489 0.021778 
-0.000588565 0.0675852 0.0331963 
0.0656937 0.142052 -0.0179657 
-0.00635501 0.0870631 0.0468117 
-0.0234577 0.117784 0.0570808 
0.0607082 0.0612148 0.00617651 
0.0761679 0.147455 -0.0430982 
0.0201351 0.0868963 0.0233887 
0.0763538 0.0811928 -0.0284978 
0.0696578 0.0713804 -0.0157966 
0.0269869 0.102333 0.0224884 
-0.0120837 0.0682445 0.0570053 
0.0154692 0.0860726 0.0226292 
-0.0154332 0.143056 0.0517837 
0.0461922 0.0854796 -0.000621081 
0.00489243 0.152302 0.0293796 
0.0260298 0.0786808 0.0192774 
0.0451385 0.0616942 0.0195244 
0.0254795 0.12428 0.00441445 
0.0622327 0.0767881 0.00210742 
0.0669741 0.150891 -0.0428013 
0.0836858 0.0679748 -0.0206638 
0.0740459 0.0870582 -0.0104581 
-0.000341671 0.0717056 0.037397 
0.0867797 0.0661097 -0.0244112 
-0.0636564 0.152301 0.0540639 
0.0721614 0.0714503 -0.0453229 
-0.0585639 0.102781 0.0525241 
0.0511323 0.14226 0.00310816 
-0.0274022 0.0748727 0.0535976 
0.0738779 0.0676961 -0.0296673 
0.0490762 0.0684717 0.00901069 
-0.052514 0.137401 0.0584619 
0.0419906 0.0885669 0.000714701 
0.0653457 0.120302 -0.0221534 
0.0743981 0.0679448 -0.0327317 
-0.00870186 0.152835 0.044053 
-0.00432894 0.0609238 0.026227 
0.0744981 0.142466 -0.0375377 
0.0484319 0.0695202 0.0112368 
0.0466305 0.0701417 0.00775289 
-0.00181741 0.127115 0.0381747 
-0.0513751 0.133066 0.0592533 
-0.0208637 0.0917565 0.0520666 
-0.059084 0.143373 0.0588432 
0.0050455 0.148205 0.0362518 
0.0747756 0.0694203 -0.0146135 
-0.0165349 0.0737023 0.0523733 
-0.029711 0.11289 0.0581066 
0.037261 0.0929143 -0.0036837 
-0.00820785 0.0602292 0.0391888 
0.0747413 0.0711848 -0.0296073 
-0.0028066 0.0919617 0.0302291 
0.0734467 0.0819255 -0.0466595 
0.0671716 0.0615108 -0.0013869 
-0.0733636 0.130515 0.06377 
0.0689142 0.14745 -0.0285713 
0.0394046 0.0910948 0.000279848 
0.0748634 0.0695007 -0.0325426 
-0.0157347 0.0677389 0.0588349 
0.0739845 0.0704238 -0.0401559 
0.000213688 0.0717356 0.0296964 
0.0112361 0.133025 0.0348278 
-0.0230391 0.151334 0.0497948 
0.0421071 0.0731575 0.00876367 
0.0508022 0.0912056 -0.011273 
0.0131234 0.151801 0.0167233 
0.035413 0.0964575 0.00386121 
0.0859845 0.0657477 -0.0197155 
-0.0162129 0.117455 0.0509777 
0.0312555 0.187542 0.0120453 
0.0870665 0.0577176 -0.0116042 
-0.0103014 0.0538922 0.0291585 
-0.0147867 0.0699858 0.00864527 
0.0318317 0.103078 -0.00291609 
-0.0556825 0.147015 0.054104 
-0.00046804 0.0771451 0.0397997 
0.0675735 0.0766871 -0.00155468 
0.0249329 0.127097 0.00453194 
0.0515368 0.0825525 -0.00176061 
-0.0198998 0.16173 0.0400944 
0.0541823 0.139843 -0.0109782 
0.0597085 0.167812 -0.003116 
0.0282256 0.112698 0.00755025 
0.075908 0.139494 -0.0402722 
0.0607694 0.0591339 -0.0142012 
0.0708533 0.0752239 -0.00686531 
0.0737209 0.0769873 -0.0148719 
0.030242 0.142854 0.00897967 
-0.0545832 0.146335 0.0524831 
0.0525023 0.146947 0.00388025 
-0.00078811 0.0757164 0.0514525 
0.0690124 0.174948 -0.0407456 
0.0742926 0.101378 -0.0361048 
-0.0256985 0.102603 0.0555779 
0.0164677 0.14074 0.0219085 
0.0721563 0.0679964 -0.0430727 
-0.00803687 0.103079 0.0370331 
-0.00761026 0.101255 0.0339147 
0.0347049 0.180109 0.00691363 
-0.0519272 0.118775 0.0575679 
-0.00929442 0.102182 0.030424 
0.0148848 0.102987 0.0293155 
0.00131536 0.0754239 0.0479485 
0.0703937 0.142959 -0.0285393 
0.0763766 0.0815271 -0.0395832 
0.0321888 0.102865 0.0113126 
0.0329105 0.101335 -0.0053422 
0.0555912 0.152456 0.000287078 
0.0427758 0.101881 -0.0115661 
0.074452 0.102598 -0.032887 
-0.065025 0.143794 0.0608492 
0.0712874 0.100312 -0.0443534 
0.0541891 0.112346 -0.0077232 
0.0317686 0.103179 0.00377516 
-0.0647966 0.100384 0.0528343 
0.0558409 0.0637922 0.00921797 
0.0194674 0.0911581 0.0250264 
0.0330103 0.129598 0.00433736 
-0.062419 0.102811 0.0536485 
-0.0110948 0.103233 0.0280473 
0.0595156 0.16257 -0.00297235 
0.0406518 0.0965754 -0.0121942 
-0.0258438 0.113107 0.0576236 
0.04893 0.132119 0.000920918 
-0.0228565 0.104266 0.0558274 
0.0310055 0.106109 0.00756351 
-0.0304585 0.104217 0.0556795 
-0.0136445 0.108637 0.0302701 
0.0570984 0.132329 -0.0116342 
0.0756892 0.0762367 -0.0289695 
-0.068539 0.143395 0.0621208 
0.0199915 0.0821315 0.0215521 
0.0542942 0.104238 -0.0105402 
0.0655449 0.107145 -0.0176535 
-0.0545698 0.143272 0.0560144 
0.0690501 0.107044 -0.0214403 
-0.0196932 0.107622 0.0548607 
-0.0137173 0.122433 0.0446786 
0.078909 0.156421 -0.0618376 
-0.0104587 0.106877 0.0439578 
0.0112375 0.149371 0.0191489 
0.0134318 0.10759 0.0304302 
0.0156835 0.107877 0.0301176 
0.0700134 0.11264 -0.0289712 
-0.0260443 0.122556 0.0581639 
0.0187389 0.107556 0.0287139 
0.0229436 0.107657 0.025861 
0.000216635 0.0563914 0.0612747 
0.0266907 0.107539 0.0223152 
0.0751435 0.0813743 -0.0432887 
0.0670357 0.0594574 -0.00294297 
0.0631599 0.0576798 0.00243213 
-0.0625611 0.124781 0.0590283 
0.0308789 0.106152 0.0145351 
0.0304788 0.107476 0.0111939 
0.017864 0.142276 0.0136954 
0.0111097 0.136547 0.0347213 
-0.00295362 0.0623175 0.0301533 
0.072747 0.0918401 -0.0464849 
0.0753572 0.144618 -0.040182 
0.0416432 0.10598 -0.00977547 
-0.0297482 0.137243 0.0573133 
0.0700158 0.111539 -0.0260312 
-0.0127739 0.106412 0.0291793 
0.0300956 0.106786 0.000352755 
0.0303628 0.107175 -0.00200146 
0.0809839 0.157128 -0.0662122 
-0.0194491 0.122578 0.0548453 
0.0487673 0.108351 -0.00750807 
-0.0605363 0.107983 0.0551963 
-0.0583139 0.106821 0.0542707 
-0.0534811 0.107982 0.0525316 
0.0272188 0.116642 0.00339224 
0.0667172 0.115992 -0.0354226 
0.0241788 0.19203 0.0197232 
-0.0555951 0.108437 0.0543483 
0.0826265 0.062183 -0.00912312 
-0.0297387 0.109202 0.0574214 
0.0601276 0.176362 -0.00467251 
-0.0260374 0.117842 0.0581184 
0.0717816 0.109134 -0.0292531 
0.0101074 0.152892 0.0196562 
-0.0196763 0.112358 0.0548138 
-0.0158361 0.112409 0.0514003 
-0.0136961 0.112312 0.0472486 
0.015555 0.112721 0.0309805 
0.0190684 0.112692 0.0290239 
0.0230191 0.112607 0.0257156 
0.0875515 0.0623949 -0.0199737 
-0.0168362 0.120444 0.0333683 
0.0284571 0.11279 0.0148676 
0.0474734 0.111658 -0.00589998 
0.0618723 0.112295 -0.01435 
0.0654985 0.112263 -0.0181606 
0.0751902 0.081496 -0.01506 
0.043424 0.151601 0.0216074 
0.0595477 0.056795 -0.0146128 
0.0684051 0.11226 -0.0222928 
-0.0126927 0.112555 0.0410167 
0.0261494 0.075977 0.0181431 
-0.0122889 0.110442 0.0373325 
0.0256374 0.124986 0.00338522 
0.0345918 0.0758167 0.0199529 
-0.0153211 0.112568 0.0317038 
0.0199232 0.131151 0.0254979 
0.0296079 0.11205 -0.00117934 
0.0890596 0.0572044 -0.0245396 
0.0549306 0.0705227 0.00674739 
-0.013938 0.11369 0.0369176 
0.010793 0.113685 0.0325777 
0.0687546 0.114971 -0.0255616 
0.0245754 0.122781 0.0112715 
0.0670635 0.11345 -0.0395225 
-0.000942124 0.0718877 0.0518555 
0.0100895 0.117832 0.0335656 
0.0403763 0.137773 0.006785 
0.0128031 0.11657 0.0324262 
0.0453256 0.152446 0.0184771 
0.0151463 0.117844 0.0316365 
0.0191419 0.117786 0.0289048 
0.0690571 0.1728 -0.0219819 
0.00214359 0.153179 0.033141 
0.0664006 0.118007 -0.0329336 
0.0227913 0.117652 0.025291 
0.0638246 0.15801 -0.0140102 
0.0254221 0.117422 0.0211985 
0.0739664 0.139193 -0.038101 
0.0267304 0.117493 0.0149018 
-0.00229159 0.148222 0.0431044 
0.0371668 0.117029 -0.00302173 
-0.0146485 0.0820782 0.0530797 
0.0548653 0.117475 -0.00701339 
0.0530093 0.148508 0.006344 
0.0628066 0.0710994 0.00115559 
0.0584586 0.117388 -0.0104962 
0.0618777 0.117348 -0.0143643 
0.0513138 0.0527528 -0.00997866 
0.036916 0.0960932 -0.00960215 
0.0502562 0.0563094 0.0170984 
-0.0691212 0.148 0.0589738 
-0.0117022 0.162011 0.0346986 
0.0678714 0.116604 -0.0290471 
0.0438625 0.16432 0.021984 
-0.00123873 0.0673485 0.026569 
-0.0341009 0.116422 0.0582038 
-0.00250836 0.0669657 0.0232426 
-0.0294369 0.118193 0.0587365 
-0.0142707 0.117641 0.0410833 
0.0126056 0.112422 0.031717 
-0.0153781 0.117699 0.0368011 
-0.0627072 0.0779352 0.0441968 
0.0183046 0.134308 0.0264328 
-0.0543798 0.12484 0.0608336 
-0.0156931 0.115343 0.0339668 
-0.0164811 0.116231 0.0330192 
0.0280258 0.117802 0.00100904 
0.0283352 0.115738 -0.00118657 
0.0436115 0.14519 0.00666879 
0.0701372 0.0976988 -0.0204861 
0.0575997 0.107214 -0.0113891 
-0.0542172 0.117215 0.0577269 
0.0471253 0.118605 -0.00216197 
0.0541826 0.135899 -0.0200573 
0.0258471 0.118842 0.0185857 
0.00251996 0.119165 0.0336558 
0.0745489 0.138029 -0.0393048 
0.0380729 0.0769986 0.0187738 
0.0258771 0.119397 0.0112338 
-0.0196803 0.146517 0.0525321 
0.0344847 0.119197 -0.00136367 
-0.0144906 0.122663 0.0472941 
-0.0224877 0.148335 0.0519912 
0.0726969 0.076098 -0.0187779 
0.0017265 0.121486 0.034678 
-0.00713397 0.101696 0.0405592 
0.00962458 0.12256 0.0346337 
0.0410521 0.142361 0.00725648 
0.0150453 0.122723 0.0319103 
-0.0441551 0.137543 0.0545104 
0.0702268 0.0725492 -0.0186861 
0.0188165 0.122715 0.0286905 
0.0222081 0.122739 0.0247621 
0.0250371 0.122043 0.0148739 
0.0834681 0.17583 -0.0539565 
0.0252267 0.122006 0.00703074 
0.0594952 0.176942 -0.0102919 
0.0361778 0.121169 -0.00126532 
0.0553226 0.122498 -0.00656782 
0.0798404 0.139004 -0.0463745 
0.0320541 0.101793 0.000444195 
-0.00499664 0.097285 0.0409048 
0.0586848 0.122457 -0.0104511 
-0.0104587 0.129225 0.0432335 
0.0615668 0.122452 -0.0147441 
0.0645127 0.121792 -0.0254147 
0.0653562 0.120006 -0.0289283 
-0.00207975 0.072035 0.0223671 
-0.0302409 0.122991 0.0588496 
-0.0148932 0.12179 0.0367805 
0.0591668 0.155966 -0.0114562 
-0.0291033 0.15462 0.0465058 
-0.051885 0.123095 0.0589819 
-0.0488078 0.122966 0.0562579 
0.0723952 0.165365 -0.0293286 
0.0628559 0.123369 -0.0293009 
0.0795986 0.0665471 -0.0104673 
-0.0136299 0.123534 0.0347806 
0.018438 0.0779995 0.0198744 
0.0788789 0.14739 -0.0474588 
0.0440704 0.124165 0.00136517 
-0.000576251 0.124286 0.0362573 
0.06677 0.118289 -0.0251288 
-0.0635303 0.124688 0.0598256 
0.0362272 0.0682838 0.0198983 
0.0757321 0.151307 -0.0433193 
0.0613005 0.123981 -0.0327459 
-0.0232302 0.127437 0.0569449 
0.0147841 0.142273 0.0252736 
-0.0333261 0.15294 0.0483315 
-0.0158341 0.127634 0.0513463 
-0.01339 0.127728 0.0470897 
-0.0128472 0.125641 0.0445147 
-0.0115333 0.126833 0.0417563 
0.0838313 0.145998 -0.0553862 
0.0602973 0.0568415 0.00603609 
0.00594961 0.127872 0.0372288 
-0.0583132 0.133631 0.0624259 
0.00958445 0.127393 0.0355684 
0.0116537 0.128287 0.0345356 
0.0150107 0.127864 0.032 
0.0212961 0.127368 0.0245576 
0.0438875 0.127761 0.00267545 
0.0555573 0.127449 -0.00661582 
0.0618932 0.125438 -0.018316 
0.0796403 0.154324 -0.064723 
-0.0546169 0.128472 0.0613997 
0.051279 0.106207 -0.00891569 
-0.0057531 0.128629 0.0399231 
0.00165262 0.128799 0.0389229 
-0.00107745 0.0736925 0.0403028 
-0.0645544 0.128292 0.0610513 
-0.0614299 0.127276 0.0600431 
0.0598704 0.128731 -0.0183496 
0.0586975 0.128407 -0.0256505 
0.00428985 0.0718781 0.0440659 
-0.0626414 0.128771 0.0607597 
0.0351781 0.128659 0.00343775 
-0.0164169 0.147983 0.0505317 
0.028207 0.111867 0.00395931 
-0.0697879 0.12935 0.0623811 
-0.0726081 0.138069 0.0639651 
-0.00962764 0.0963082 0.0488954 
0.0323861 0.137704 0.00736919 
-0.0299805 0.132422 0.0582411 
-0.00781991 0.149812 0.0461379 
-0.0260594 0.132859 0.0573931 
-0.0231844 0.132638 0.0566514 
-0.0196677 0.132851 0.0547379 
-0.0152818 0.13279 0.0517428 
0.0283587 0.113153 0.00103048 
-0.0020591 0.138013 0.043579 
0.0401775 0.108387 -0.00827779 
-0.0118822 0.132722 0.0483089 
-0.00806286 0.132874 0.0450526 
-0.00463088 0.131756 0.0424836 
0.069832 0.1779 -0.0427814 
0.0711687 0.0856784 -0.00556193 
-0.0059877 0.147586 0.0461545 
0.0535773 0.181081 -0.0156243 
-0.00239993 0.13368 0.0424865 
0.00673598 0.133011 0.0378321 
0.0548917 0.176912 0.00344653 
0.0148163 0.132932 0.0316155 
0.0105331 0.139035 0.0346251 
0.0210392 0.131987 0.0184451 
0.0207064 0.133025 0.0150921 
0.021993 0.132433 0.0105289 
0.0417799 0.0765769 0.00887278 
0.0241903 0.131398 0.00704926 
0.0236466 0.132671 0.0062967 
0.0265474 0.191159 0.0161647 
-0.0644638 0.0980139 0.0522708 
0.0226162 0.0974747 0.0252039 
0.0312546 0.131399 0.00573969 
0.0176892 0.144362 0.0125809 
0.0535983 0.107862 -0.00913863 
-0.00960476 0.126634 0.0383157 
0.0362498 0.132215 0.0047708 
0.073437 0.0926113 -0.0182064 
-0.010906 0.108563 0.0409582 
0.00689446 0.138048 0.0379964 
-0.011217 0.102279 0.0489648 
0.0409174 0.133273 0.00544314 
-0.0191636 0.152961 0.0477148 
-0.00828801 0.155478 0.0398627 
-0.0303885 0.0622351 0.0574696 
0.0534496 0.137658 -0.0183953 
-0.0194361 0.127716 0.0548264 
0.0445344 0.132559 0.00388256 
0.0586729 0.13052 -0.0147733 
-0.00212603 0.0616955 0.0584514 
0.0584014 0.130132 -0.0215366 
0.0430306 0.0862674 0.00338583 
-0.0552279 0.13299 0.0615985 
0.0299425 0.10733 0.00363356 
-0.0690447 0.133165 0.0632582 
-0.0405402 0.144608 0.0518425 
-0.0653802 0.132894 0.0626081 
-0.0151939 0.137941 0.05214 
0.028234 0.112198 0.01792 
-0.0325562 0.133784 0.0581172 
-0.00511577 0.16204 0.0294745 
0.0689275 0.0737289 -0.00423205 
-0.0449855 0.134919 0.0543627 
0.0301502 0.102511 0.0184681 
0.0453904 0.137195 0.00463505 
0.0761823 0.0961124 -0.0329774 
0.0194413 0.141719 0.0105417 
0.0692662 0.147795 -0.0363552 
0.05226 0.137136 -0.00271125 
0.0396694 0.111687 -0.00625274 
-0.0108279 0.137859 0.0492522 
-0.00763959 0.135987 0.0465534 
-0.00631364 0.138378 0.0462795 
0.00246006 0.138126 0.0409044 
0.075087 0.162015 -0.0298901 
-0.000168548 0.0684783 0.0506201 
0.0141321 0.138751 0.0305133 
0.0167347 0.13796 0.0263831 
-0.00191991 0.074087 0.0416725 
-0.0332591 0.149933 0.0496632 
0.0190065 0.137616 0.0147647 
0.021264 0.138068 0.008902 
0.0663215 0.171588 -0.0155928 
0.0127306 0.143087 0.0294921 
0.0140517 0.136448 0.0317208 
0.0224271 0.135702 0.00726213 
0.0546367 0.151194 0.00345226 
0.0373102 0.183022 0.00531125 
0.0416328 0.0816553 0.00861042 
0.0297189 0.135487 0.00767937 
-0.0489258 0.133187 0.0558365 
0.0539348 0.152649 0.00605157 
0.0369669 0.135595 0.00647718 
0.0553433 0.135665 -0.017861 
-0.068706 0.138196 0.0636227 
-0.0624573 0.138092 0.0625665 
-0.022823 0.0981124 0.0542934 
-0.0577538 0.138639 0.0608365 
-0.0494053 0.137308 0.0554482 
0.00164185 0.0717214 0.0476743 
0.0573173 0.143097 -0.00505481 
-0.0743576 0.137739 0.0644354 
0.0218153 0.128855 0.0223761 
0.00704792 0.149881 0.0303861 
0.0838393 0.138405 -0.0497474 
0.00733666 0.151417 0.0252783 
-0.0376847 0.148149 0.0511154 
-0.0506504 0.139725 0.0540739 
-0.0262263 0.147303 0.0531222 
0.0538945 0.140617 -0.0073865 
0.0577649 0.181036 -0.024495 
-0.0419485 0.139432 0.0541513 
0.0451762 0.149427 0.0184463 
0.0287905 0.111925 0.0112263 
0.0768001 0.138896 -0.0424812 
0.0405405 0.086874 0.00756898 
-0.0535123 0.139934 0.0575339 
-0.00589018 0.0996904 0.0369981 
0.0473326 0.139366 0.00398187 
0.0195982 0.140903 0.01127 
-0.0656126 0.138904 0.0629222 
0.0662059 0.148884 -0.0388312 
0.00556477 0.0627794 0.0520494 
0.0693145 0.139492 -0.0258687 
0.0850435 0.139091 -0.0530785 
-0.0023964 0.161755 0.0281559 
-0.00914196 0.140225 0.048525 
-0.0200241 0.137984 0.0546158 
0.0446999 0.141931 0.0058645 
0.00247622 0.143234 0.040907 
0.0473743 0.142531 0.00504914 
0.0766748 0.151774 -0.0641064 
0.0524761 0.141088 -0.00275474 
0.0630692 0.142404 -0.0136019 
0.0679815 0.142381 -0.0227294 
0.0713119 0.139586 -0.0333123 
-0.0316036 0.141787 0.0555095 
-0.0264253 0.142823 0.0551481 
-0.0200206 0.142641 0.0537609 
-0.0114994 0.14334 0.0498505 
0.0329878 0.142879 0.00828347 
0.0368587 0.142568 0.00801999 
0.0539034 0.140816 -0.010793 
0.069685 0.141949 -0.0262232 
0.0613567 0.174448 -0.00202012 
0.0774951 0.142793 -0.0428445 
-0.0538368 0.143164 0.0528605 
-0.0119486 0.107678 0.0333772 
0.0567395 0.133999 -0.0146839 
-0.0222121 0.144048 0.0542487 
0.0608307 0.142204 -0.0104078 
-0.0418652 0.143051 0.0529791 
0.0140602 0.144124 0.0226319 
0.0473848 0.0734761 0.00299357 
0.0539971 0.143546 -0.000275967 
0.0550232 0.174862 0.00326401 
0.0709324 0.14664 -0.0335775 
0.0857422 0.14344 -0.0593609 
-0.0408947 0.144096 0.052496 
-0.0146523 0.117405 0.0474564 
-0.071716 0.145323 0.0618369 
-0.0196851 0.0941867 0.0528834 
-0.0617463 0.145254 0.0590457 
0.0235813 0.125947 0.0149185 
0.0499012 0.145404 0.00680511 
0.0551366 0.147416 -5.85657e-06 
0.0576548 0.147321 -0.00470025 
0.0818905 0.163779 -0.0437012 
0.0599472 0.147018 -0.00855333 
0.0609894 0.147934 -0.0107114 
0.0625719 0.147173 -0.0139215 
0.0669342 0.116647 -0.0226043 
0.0650661 0.147151 -0.0185861 
0.0797642 0.15192 -0.0546489 
0.0108285 0.146467 0.0285403 
0.0158846 0.145714 0.0150345 
0.0162461 0.146524 0.0136693 
-0.00398176 0.0964627 0.0370593 
-0.00940341 0.0569008 0.0372045 
0.032467 0.147159 0.00842476 
0.0224049 0.129124 0.0149122 
0.0475894 0.149005 0.0130239 
0.0744525 0.0927727 -0.0251043 
0.0679337 0.148095 -0.0254888 
0.0731067 0.145678 -0.0371176 
0.0735907 0.146647 -0.039096 
0.0698645 0.139268 -0.028535 
0.0814629 0.147242 -0.0517031 
0.0228274 0.0813244 0.020897 
0.0829198 0.147953 -0.057859 
-0.00924301 0.087191 0.0486641 
0.0845076 0.146347 -0.0605415 
0.0757093 0.0892312 -0.025957 
-0.00804399 0.0641856 0.0606192 
-0.072836 0.148136 0.060461 
-0.00391545 0.0619435 0.0629689 
-0.0691481 0.146332 0.0606111 
0.025676 0.0824704 0.0204285 
0.0804382 0.149198 -0.0622049 
-0.0661286 0.146931 0.0593434 
0.0201901 0.132933 0.0225138 
-0.0619777 0.148598 0.0562664 
0.0548112 0.13763 -0.0144158 
-0.0584438 0.14839 0.0533866 
-0.0551798 0.147859 0.0508246 
0.0141609 0.148927 0.0162456 
0.0027458 0.151118 0.0362511 
0.0269064 0.0971268 0.0223369 
0.043786 0.0718246 0.0104004 
-0.0753044 0.148802 0.0612749 
0.0677562 0.148745 -0.0418433 
0.0435394 0.149557 0.0215034 
0.0229436 0.127511 0.0184988 
0.0468586 0.148972 0.0118317 
0.0813766 0.1493 -0.0543205 
-0.0200483 0.102965 0.0546386 
0.0609024 0.151717 -0.0106745 
0.0683323 0.0849052 -0.00320725 
0.0509638 0.152607 0.0101998 
0.0576011 0.152341 -0.00459267 
-0.0229145 0.101303 0.0549279 
0.0604666 0.152556 -0.00857821 
0.0626396 0.152292 -0.0138642 
0.0666597 0.150679 -0.0245241 
0.0537376 0.140505 -0.0135129 
0.0617213 0.149765 -0.0311423 
0.0508958 0.117482 -0.00412739 
-0.012476 0.152431 0.0466078 
-0.00488423 0.153365 0.0407079 
-0.00260742 0.151161 0.0417234 
0.0765217 0.175885 -0.0477653 
0.0599898 0.143381 -0.00844474 
0.000468764 0.151141 0.0388307 
0.0603946 0.151861 -0.0297769 
0.0627993 0.151712 -0.0353652 
-0.0112249 0.148157 0.0487023 
0.065214 0.151143 -0.0394664 
-0.0492038 0.0556376 0.0547681 
0.0785946 0.15061 -0.0481703 
0.0730242 0.151289 -0.051905 
0.0802141 0.150647 -0.051587 
0.0923221 0.0571452 -0.0180228 
0.0805546 0.150767 -0.0580321 
